variable,PIP,trial,df,case
LBX074LA,0.12336,100,1,1
LBX099LA,0.09792,100,1,1
LBX138LA,0.14288,100,1,1
LBX153LA,0.16176,100,1,1
LBX170LA,0.23584,100,1,1
LBX180LA,0.14496,100,1,1
LBX187LA,0.14464,100,1,1
LBX194LA,0.35728,100,1,1
LBXPCBLA,0.56512,100,1,1
LBXHXCLA,0.08928,100,1,1
LBX118LA,0.18288,100,1,1
LBXD03LA,0.128,100,1,1
LBXD05LA,0.22432,100,1,1
LBXD07LA,0.11952,100,1,1
LBXF03LA,0.0512,100,1,1
LBXF04LA,0.11632,100,1,1
LBXF05LA,0.0616,100,1,1
LBXF08LA,0.06304,100,1,1
LBX074LA,0.14352,10,4,1
LBX099LA,0.1384,10,4,1
LBX138LA,0.41536,10,4,1
LBX153LA,0.23088,10,4,1
LBX170LA,0.2656,10,4,1
LBX180LA,0.10912,10,4,1
LBX187LA,0.32032,10,4,1
LBX194LA,0.10912,10,4,1
LBXPCBLA,0.14416,10,4,1
LBXHXCLA,0.08224,10,4,1
LBX118LA,0.21856,10,4,1
LBXD03LA,0.15936,10,4,1
LBXD05LA,0.89888,10,4,1
LBXD07LA,0.0744,10,4,1
LBXF03LA,0.14096,10,4,1
LBXF04LA,0.268,10,4,1
LBXF05LA,0.059520000000000003,10,4,1
LBXF08LA,0.09152,10,4,1
LBX074LA,0.89104,11,4,1
LBX099LA,0.64032,11,4,1
LBX138LA,0.05568,11,4,1
LBX153LA,0.06784,11,4,1
LBX170LA,0.08016,11,4,1
LBX180LA,0.1968,11,4,1
LBX187LA,0.10592,11,4,1
LBX194LA,0.94112,11,4,1
LBXPCBLA,0.2936,11,4,1
LBXHXCLA,0.044,11,4,1
LBX118LA,0.16176,11,4,1
LBXD03LA,0.74848,11,4,1
LBXD05LA,0.0344,11,4,1
LBXD07LA,0.0632,11,4,1
LBXF03LA,0.01824,11,4,1
LBXF04LA,0.192,11,4,1
LBXF05LA,0.18064,11,4,1
LBXF08LA,0.22656,11,4,1
LBX074LA,0.12064,12,1,1
LBX099LA,0.09376,12,1,1
LBX138LA,0.16512,12,1,1
LBX153LA,0.1776,12,1,1
LBX170LA,0.11328,12,1,1
LBX180LA,0.16368,12,1,1
LBX187LA,0.12848,12,1,1
LBX194LA,0.9928,12,1,1
LBXPCBLA,0.42528,12,1,1
LBXHXCLA,0.10944,12,1,1
LBX118LA,0.1056,12,1,1
LBXD03LA,0.26288,12,1,1
LBXD05LA,0.78304,12,1,1
LBXD07LA,0.78576,12,1,1
LBXF03LA,0.10704,12,1,1
LBXF04LA,0.67824,12,1,1
LBXF05LA,0.09696,12,1,1
LBXF08LA,0.07632,12,1,1
LBX074LA,0.21584,13,2,1
LBX099LA,0.2696,13,2,1
LBX138LA,0.19072,13,2,1
LBX153LA,0.21328,13,2,1
LBX170LA,0.28816,13,2,1
LBX180LA,0.33632,13,2,1
LBX187LA,0.43632,13,2,1
LBX194LA,0.36368,13,2,1
LBXPCBLA,0.2256,13,2,1
LBXHXCLA,0.72992,13,2,1
LBX118LA,0.2168,13,2,1
LBXD03LA,0.12736,13,2,1
LBXD05LA,0.09536,13,2,1
LBXD07LA,0.12384,13,2,1
LBXF03LA,0.17648,13,2,1
LBXF04LA,0.95216,13,2,1
LBXF05LA,0.2168,13,2,1
LBXF08LA,0.24416,13,2,1
LBX074LA,0.32032,14,3,1
LBX099LA,0.17328,14,3,1
LBX138LA,0.12192,14,3,1
LBX153LA,0.15456,14,3,1
LBX170LA,0.11184,14,3,1
LBX180LA,0.07264,14,3,1
LBX187LA,0.07904,14,3,1
LBX194LA,0.2336,14,3,1
LBXPCBLA,0.5888,14,3,1
LBXHXCLA,0.128,14,3,1
LBX118LA,0.456,14,3,1
LBXD03LA,0.92128,14,3,1
LBXD05LA,0.064,14,3,1
LBXD07LA,0.07632,14,3,1
LBXF03LA,0.42368,14,3,1
LBXF04LA,0.50528,14,3,1
LBXF05LA,0.39648,14,3,1
LBXF08LA,0.0664,14,3,1
LBX074LA,0.228,15,1,1
LBX099LA,0.17664,15,1,1
LBX138LA,0.1224,15,1,1
LBX153LA,0.12176,15,1,1
LBX170LA,0.17664,15,1,1
LBX180LA,0.14768,15,1,1
LBX187LA,0.52416,15,1,1
LBX194LA,0.40896,15,1,1
LBXPCBLA,0.0496,15,1,1
LBXHXCLA,0.06784,15,1,1
LBX118LA,0.10096,15,1,1
LBXD03LA,0.07344,15,1,1
LBXD05LA,0.06992,15,1,1
LBXD07LA,0.15776,15,1,1
LBXF03LA,0.11488,15,1,1
LBXF04LA,0.05648,15,1,1
LBXF05LA,0.12992,15,1,1
LBXF08LA,0.08592,15,1,1
LBX074LA,0.16416,16,2,1
LBX099LA,0.13424,16,2,1
LBX138LA,0.33808,16,2,1
LBX153LA,0.164,16,2,1
LBX170LA,0.1056,16,2,1
LBX180LA,0.14272,16,2,1
LBX187LA,0.08304,16,2,1
LBX194LA,0.09632,16,2,1
LBXPCBLA,0.05104,16,2,1
LBXHXCLA,0.59872,16,2,1
LBX118LA,0.10032,16,2,1
LBXD03LA,0.07696,16,2,1
LBXD05LA,0.44784,16,2,1
LBXD07LA,0.0848,16,2,1
LBXF03LA,0.05712,16,2,1
LBXF04LA,0.30352,16,2,1
LBXF05LA,0.06704,16,2,1
LBXF08LA,0.10144,16,2,1
LBX074LA,0.22528,17,2,1
LBX099LA,0.98176,17,2,1
LBX138LA,0.24288,17,2,1
LBX153LA,0.2088,17,2,1
LBX170LA,0.48688,17,2,1
LBX180LA,0.66272,17,2,1
LBX187LA,0.26736,17,2,1
LBX194LA,0.4976,17,2,1
LBXPCBLA,0.08432,17,2,1
LBXHXCLA,0.13536,17,2,1
LBX118LA,0.25536,17,2,1
LBXD03LA,0.91616,17,2,1
LBXD05LA,0.46816,17,2,1
LBXD07LA,0.11728,17,2,1
LBXF03LA,0.06672,17,2,1
LBXF04LA,0.8776,17,2,1
LBXF05LA,0.14272,17,2,1
LBXF08LA,0.09472,17,2,1
LBX074LA,0.25072,18,1,1
LBX099LA,0.12432,18,1,1
LBX138LA,0.1704,18,1,1
LBX153LA,0.17472,18,1,1
LBX170LA,0.23376,18,1,1
LBX180LA,0.1688,18,1,1
LBX187LA,0.17504,18,1,1
LBX194LA,0.9576,18,1,1
LBXPCBLA,0.09504,18,1,1
LBXHXCLA,0.13296,18,1,1
LBX118LA,0.46256,18,1,1
LBXD03LA,0.24432,18,1,1
LBXD05LA,0.1008,18,1,1
LBXD07LA,0.1008,18,1,1
LBXF03LA,0.08544,18,1,1
LBXF04LA,0.12224,18,1,1
LBXF05LA,0.12,18,1,1
LBXF08LA,0.284,18,1,1
LBX074LA,0.0808,19,3,1
LBX099LA,0.07888,19,3,1
LBX138LA,0.09856,19,3,1
LBX153LA,0.092,19,3,1
LBX170LA,0.10528,19,3,1
LBX180LA,0.1664,19,3,1
LBX187LA,0.80944,19,3,1
LBX194LA,0.83776,19,3,1
LBXPCBLA,0.97264,19,3,1
LBXHXCLA,0.2568,19,3,1
LBX118LA,0.13072,19,3,1
LBXD03LA,0.07792,19,3,1
LBXD05LA,0.12944,19,3,1
LBXD07LA,0.08736,19,3,1
LBXF03LA,0.34448,19,3,1
LBXF04LA,0.05328,19,3,1
LBXF05LA,0.05504,19,3,1
LBXF08LA,0.07888,19,3,1
LBX074LA,0.81104,1,4,1
LBX099LA,0.10624,1,4,1
LBX138LA,0.13936,1,4,1
LBX153LA,0.06624,1,4,1
LBX170LA,0.07824,1,4,1
LBX180LA,0.05408,1,4,1
LBX187LA,0.07104,1,4,1
LBX194LA,0.07872,1,4,1
LBXPCBLA,0.10592,1,4,1
LBXHXCLA,0.21296,1,4,1
LBX118LA,0.3648,1,4,1
LBXD03LA,0.03184,1,4,1
LBXD05LA,0.14176,1,4,1
LBXD07LA,0.03648,1,4,1
LBXF03LA,0.04816,1,4,1
LBXF04LA,0.15824,1,4,1
LBXF05LA,0.04832,1,4,1
LBXF08LA,0.1096,1,4,1
LBX074LA,0.79008,20,2,1
LBX099LA,0.12976,20,2,1
LBX138LA,0.16528,20,2,1
LBX153LA,0.22944,20,2,1
LBX170LA,0.48976,20,2,1
LBX180LA,0.63776,20,2,1
LBX187LA,0.18288,20,2,1
LBX194LA,0.24256,20,2,1
LBXPCBLA,0.07984,20,2,1
LBXHXCLA,0.90624,20,2,1
LBX118LA,0.66096,20,2,1
LBXD03LA,0.16368,20,2,1
LBXD05LA,0.19392,20,2,1
LBXD07LA,0.04896,20,2,1
LBXF03LA,0.15024,20,2,1
LBXF04LA,0.49152,20,2,1
LBXF05LA,0.78064,20,2,1
LBXF08LA,0.05168,20,2,1
LBX074LA,0.4032,21,3,1
LBX099LA,0.09952,21,3,1
LBX138LA,0.1376,21,3,1
LBX153LA,0.10768,21,3,1
LBX170LA,0.26912,21,3,1
LBX180LA,0.15872,21,3,1
LBX187LA,0.09008,21,3,1
LBX194LA,0.92448,21,3,1
LBXPCBLA,0.54336,21,3,1
LBXHXCLA,0.24464,21,3,1
LBX118LA,0.39248,21,3,1
LBXD03LA,0.45584,21,3,1
LBXD05LA,0.23904,21,3,1
LBXD07LA,0.0944,21,3,1
LBXF03LA,0.03712,21,3,1
LBXF04LA,0.88048,21,3,1
LBXF05LA,0.21968,21,3,1
LBXF08LA,0.11088,21,3,1
LBX074LA,0.46976,22,1,1
LBX099LA,0.10016,22,1,1
LBX138LA,0.12256,22,1,1
LBX153LA,0.23952,22,1,1
LBX170LA,0.26912,22,1,1
LBX180LA,0.16896,22,1,1
LBX187LA,0.1128,22,1,1
LBX194LA,0.14,22,1,1
LBXPCBLA,0.06544,22,1,1
LBXHXCLA,0.09264,22,1,1
LBX118LA,0.09824,22,1,1
LBXD03LA,0.08224,22,1,1
LBXD05LA,0.0664,22,1,1
LBXD07LA,0.06864,22,1,1
LBXF03LA,0.05392,22,1,1
LBXF04LA,0.07168,22,1,1
LBXF05LA,0.09696,22,1,1
LBXF08LA,0.03744,22,1,1
LBX074LA,0.1584,23,1,1
LBX099LA,0.69696,23,1,1
LBX138LA,0.25584,23,1,1
LBX153LA,0.18896,23,1,1
LBX170LA,0.16224,23,1,1
LBX180LA,0.32192,23,1,1
LBX187LA,0.13488,23,1,1
LBX194LA,0.17392,23,1,1
LBXPCBLA,0.20336,23,1,1
LBXHXCLA,0.10464,23,1,1
LBX118LA,0.28336,23,1,1
LBXD03LA,0.13664,23,1,1
LBXD05LA,0.93408,23,1,1
LBXD07LA,0.26912,23,1,1
LBXF03LA,0.18656,23,1,1
LBXF04LA,0.51104,23,1,1
LBXF05LA,0.4416,23,1,1
LBXF08LA,0.12304,23,1,1
LBX074LA,0.08,24,1,1
LBX099LA,0.06656,24,1,1
LBX138LA,0.10912,24,1,1
LBX153LA,0.09472,24,1,1
LBX170LA,0.2128,24,1,1
LBX180LA,0.11232,24,1,1
LBX187LA,0.30368,24,1,1
LBX194LA,0.10624,24,1,1
LBXPCBLA,0.05936,24,1,1
LBXHXCLA,0.06064,24,1,1
LBX118LA,0.07984,24,1,1
LBXD03LA,0.1272,24,1,1
LBXD05LA,0.83184,24,1,1
LBXD07LA,0.15424,24,1,1
LBXF03LA,0.05856,24,1,1
LBXF04LA,0.05856,24,1,1
LBXF05LA,0.05424,24,1,1
LBXF08LA,0.12912,24,1,1
LBX074LA,0.20752,25,4,1
LBX099LA,0.13696,25,4,1
LBX138LA,0.1368,25,4,1
LBX153LA,0.10768,25,4,1
LBX170LA,0.17232,25,4,1
LBX180LA,0.06208,25,4,1
LBX187LA,0.32784,25,4,1
LBX194LA,0.7408,25,4,1
LBXPCBLA,0.23152,25,4,1
LBXHXCLA,0.1992,25,4,1
LBX118LA,0.38272,25,4,1
LBXD03LA,0.36032,25,4,1
LBXD05LA,0.06944,25,4,1
LBXD07LA,0.0408,25,4,1
LBXF03LA,0.11056,25,4,1
LBXF04LA,0.5904,25,4,1
LBXF05LA,0.36,25,4,1
LBXF08LA,0.01936,25,4,1
LBX074LA,0.14352,26,2,1
LBX099LA,0.09136,26,2,1
LBX138LA,0.19664,26,2,1
LBX153LA,0.42896,26,2,1
LBX170LA,0.35024,26,2,1
LBX180LA,0.15136,26,2,1
LBX187LA,0.65056,26,2,1
LBX194LA,0.41424,26,2,1
LBXPCBLA,0.24832,26,2,1
LBXHXCLA,0.13808,26,2,1
LBX118LA,0.19168,26,2,1
LBXD03LA,0.28128,26,2,1
LBXD05LA,0.14704,26,2,1
LBXD07LA,0.1584,26,2,1
LBXF03LA,0.0952,26,2,1
LBXF04LA,0.93472,26,2,1
LBXF05LA,0.0816,26,2,1
LBXF08LA,0.27552,26,2,1
LBX074LA,0.90064,27,1,1
LBX099LA,0.0736,27,1,1
LBX138LA,0.07888,27,1,1
LBX153LA,0.1232,27,1,1
LBX170LA,0.14512,27,1,1
LBX180LA,0.10224,27,1,1
LBX187LA,0.14336,27,1,1
LBX194LA,0.38864,27,1,1
LBXPCBLA,0.05136,27,1,1
LBXHXCLA,0.0952,27,1,1
LBX118LA,0.15744,27,1,1
LBXD03LA,0.08816,27,1,1
LBXD05LA,0.07248,27,1,1
LBXD07LA,0.04672,27,1,1
LBXF03LA,0.08448,27,1,1
LBXF04LA,0.13328,27,1,1
LBXF05LA,0.2736,27,1,1
LBXF08LA,0.04384,27,1,1
LBX074LA,0.57904,28,4,1
LBX099LA,0.10272,28,4,1
LBX138LA,0.02736,28,4,1
LBX153LA,0.01904,28,4,1
LBX170LA,0.03472,28,4,1
LBX180LA,0.02576,28,4,1
LBX187LA,0.07712,28,4,1
LBX194LA,0.31856,28,4,1
LBXPCBLA,0.0104,28,4,1
LBXHXCLA,0.07152,28,4,1
LBX118LA,0.20528,28,4,1
LBXD03LA,0.9184,28,4,1
LBXD05LA,0.98448,28,4,1
LBXD07LA,0.02784,28,4,1
LBXF03LA,0.016,28,4,1
LBXF04LA,0.0216,28,4,1
LBXF05LA,0.02128,28,4,1
LBXF08LA,0.16944,28,4,1
LBX074LA,0.67056,29,2,1
LBX099LA,0.09872,29,2,1
LBX138LA,0.16912,29,2,1
LBX153LA,0.21312,29,2,1
LBX170LA,0.10928,29,2,1
LBX180LA,0.10704,29,2,1
LBX187LA,0.12928,29,2,1
LBX194LA,0.14272,29,2,1
LBXPCBLA,0.2448,29,2,1
LBXHXCLA,0.10416,29,2,1
LBX118LA,0.2136,29,2,1
LBXD03LA,0.24624,29,2,1
LBXD05LA,0.31984,29,2,1
LBXD07LA,0.08608,29,2,1
LBXF03LA,0.0792,29,2,1
LBXF04LA,0.33984,29,2,1
LBXF05LA,0.48576,29,2,1
LBXF08LA,0.07728,29,2,1
LBX074LA,0.06448,2,4,1
LBX099LA,0.04816,2,4,1
LBX138LA,0.04656,2,4,1
LBX153LA,0.09072,2,4,1
LBX170LA,0.1848,2,4,1
LBX180LA,0.8808,2,4,1
LBX187LA,0.09344,2,4,1
LBX194LA,0.12112,2,4,1
LBXPCBLA,0.94288,2,4,1
LBXHXCLA,0.03024,2,4,1
LBX118LA,0.05568,2,4,1
LBXD03LA,0.10592,2,4,1
LBXD05LA,0.08432,2,4,1
LBXD07LA,0.03552,2,4,1
LBXF03LA,0.08736,2,4,1
LBXF04LA,0.77088,2,4,1
LBXF05LA,0.85344,2,4,1
LBXF08LA,0.13936,2,4,1
LBX074LA,0.73344,30,4,1
LBX099LA,0.2544,30,4,1
LBX138LA,0.08496,30,4,1
LBX153LA,0.11232,30,4,1
LBX170LA,0.40672,30,4,1
LBX180LA,0.15392,30,4,1
LBX187LA,0.20224,30,4,1
LBX194LA,0.9336,30,4,1
LBXPCBLA,0.14832,30,4,1
LBXHXCLA,0.06144,30,4,1
LBX118LA,0.14192,30,4,1
LBXD03LA,0.2152,30,4,1
LBXD05LA,0.0664,30,4,1
LBXD07LA,0.04048,30,4,1
LBXF03LA,0.18672,30,4,1
LBXF04LA,0.11008,30,4,1
LBXF05LA,0.05136,30,4,1
LBXF08LA,0.1432,30,4,1
LBX074LA,0.09056,31,2,1
LBX099LA,0.07024,31,2,1
LBX138LA,0.18,31,2,1
LBX153LA,0.15664,31,2,1
LBX170LA,0.30848,31,2,1
LBX180LA,0.20064,31,2,1
LBX187LA,0.95488,31,2,1
LBX194LA,0.32288,31,2,1
LBXPCBLA,0.06208,31,2,1
LBXHXCLA,0.5352,31,2,1
LBX118LA,0.0392,31,2,1
LBXD03LA,0.30912,31,2,1
LBXD05LA,0.14992,31,2,1
LBXD07LA,0.0768,31,2,1
LBXF03LA,0.24304,31,2,1
LBXF04LA,0.49808,31,2,1
LBXF05LA,0.08688,31,2,1
LBXF08LA,0.03504,31,2,1
LBX074LA,0.17744,32,3,1
LBX099LA,0.17072,32,3,1
LBX138LA,0.248,32,3,1
LBX153LA,0.29408,32,3,1
LBX170LA,0.10688,32,3,1
LBX180LA,0.20608,32,3,1
LBX187LA,0.21312,32,3,1
LBX194LA,0.31184,32,3,1
LBXPCBLA,0.52544,32,3,1
LBXHXCLA,0.09216,32,3,1
LBX118LA,0.16528,32,3,1
LBXD03LA,0.09696,32,3,1
LBXD05LA,0.38064,32,3,1
LBXD07LA,0.10784,32,3,1
LBXF03LA,0.152,32,3,1
LBXF04LA,0.39072,32,3,1
LBXF05LA,0.0624,32,3,1
LBXF08LA,0.09472,32,3,1
LBX074LA,0.39968,33,3,1
LBX099LA,0.0896,33,3,1
LBX138LA,0.11008,33,3,1
LBX153LA,0.11936,33,3,1
LBX170LA,0.10352,33,3,1
LBX180LA,0.1832,33,3,1
LBX187LA,0.09248,33,3,1
LBX194LA,0.17696,33,3,1
LBXPCBLA,0.13232,33,3,1
LBXHXCLA,0.05904,33,3,1
LBX118LA,0.60496,33,3,1
LBXD03LA,0.07136,33,3,1
LBXD05LA,0.2496,33,3,1
LBXD07LA,0.18656,33,3,1
LBXF03LA,0.04352,33,3,1
LBXF04LA,0.89232,33,3,1
LBXF05LA,0.088,33,3,1
LBXF08LA,0.04112,33,3,1
LBX074LA,0.11024,34,4,1
LBX099LA,0.97936,34,4,1
LBX138LA,0.1368,34,4,1
LBX153LA,0.30816,34,4,1
LBX170LA,0.33712,34,4,1
LBX180LA,0.14624,34,4,1
LBX187LA,0.20816,34,4,1
LBX194LA,0.12592,34,4,1
LBXPCBLA,0.38736,34,4,1
LBXHXCLA,0.30176,34,4,1
LBX118LA,0.55232,34,4,1
LBXD03LA,0.17808,34,4,1
LBXD05LA,0.55408,34,4,1
LBXD07LA,0.15056,34,4,1
LBXF03LA,0.2664,34,4,1
LBXF04LA,0.12576,34,4,1
LBXF05LA,0.97104,34,4,1
LBXF08LA,0.0712,34,4,1
LBX074LA,0.1592,35,2,1
LBX099LA,0.08512,35,2,1
LBX138LA,0.26144,35,2,1
LBX153LA,0.3424,35,2,1
LBX170LA,0.28064,35,2,1
LBX180LA,0.25824,35,2,1
LBX187LA,0.14992,35,2,1
LBX194LA,0.42528,35,2,1
LBXPCBLA,0.09264,35,2,1
LBXHXCLA,0.67408,35,2,1
LBX118LA,0.11792,35,2,1
LBXD03LA,0.41344,35,2,1
LBXD05LA,0.49376,35,2,1
LBXD07LA,0.52064,35,2,1
LBXF03LA,0.28,35,2,1
LBXF04LA,0.17008,35,2,1
LBXF05LA,0.07216,35,2,1
LBXF08LA,0.08864,35,2,1
LBX074LA,0.7176,36,1,1
LBX099LA,0.10656,36,1,1
LBX138LA,0.1456,36,1,1
LBX153LA,0.2232,36,1,1
LBX170LA,0.15264,36,1,1
LBX180LA,0.17648,36,1,1
LBX187LA,0.14736,36,1,1
LBX194LA,0.11424,36,1,1
LBXPCBLA,0.2664,36,1,1
LBXHXCLA,0.26608,36,1,1
LBX118LA,0.16256,36,1,1
LBXD03LA,0.0832,36,1,1
LBXD05LA,0.06352,36,1,1
LBXD07LA,0.06496,36,1,1
LBXF03LA,0.50432,36,1,1
LBXF04LA,0.09968,36,1,1
LBXF05LA,0.09552,36,1,1
LBXF08LA,0.052,36,1,1
LBX074LA,0.14608,37,1,1
LBX099LA,0.10384,37,1,1
LBX138LA,0.16624,37,1,1
LBX153LA,0.15456,37,1,1
LBX170LA,0.19856,37,1,1
LBX180LA,0.19008,37,1,1
LBX187LA,0.25952,37,1,1
LBX194LA,0.11168,37,1,1
LBXPCBLA,0.09152,37,1,1
LBXHXCLA,0.26768,37,1,1
LBX118LA,0.09504,37,1,1
LBXD03LA,0.13488,37,1,1
LBXD05LA,0.08432,37,1,1
LBXD07LA,0.26992,37,1,1
LBXF03LA,0.09584,37,1,1
LBXF04LA,0.09776,37,1,1
LBXF05LA,0.07392,37,1,1
LBXF08LA,0.08304,37,1,1
LBX074LA,0.14992,38,3,1
LBX099LA,0.18944,38,3,1
LBX138LA,0.15904,38,3,1
LBX153LA,0.1576,38,3,1
LBX170LA,0.23792,38,3,1
LBX180LA,0.37616,38,3,1
LBX187LA,0.36512,38,3,1
LBX194LA,0.26608,38,3,1
LBXPCBLA,0.7072,38,3,1
LBXHXCLA,0.20592,38,3,1
LBX118LA,0.40176,38,3,1
LBXD03LA,0.09888,38,3,1
LBXD05LA,0.75072,38,3,1
LBXD07LA,0.38416,38,3,1
LBXF03LA,0.97744,38,3,1
LBXF04LA,0.80016,38,3,1
LBXF05LA,0.15536,38,3,1
LBXF08LA,0.11296,38,3,1
LBX074LA,0.07312,39,3,1
LBX099LA,0.08416,39,3,1
LBX138LA,0.1048,39,3,1
LBX153LA,0.08848,39,3,1
LBX170LA,0.21568,39,3,1
LBX180LA,0.23696,39,3,1
LBX187LA,0.10384,39,3,1
LBX194LA,0.6048,39,3,1
LBXPCBLA,0.64624,39,3,1
LBXHXCLA,0.07328,39,3,1
LBX118LA,0.25184,39,3,1
LBXD03LA,0.05392,39,3,1
LBXD05LA,0.2552,39,3,1
LBXD07LA,0.06528,39,3,1
LBXF03LA,0.17808,39,3,1
LBXF04LA,0.0424,39,3,1
LBXF05LA,0.0328,39,3,1
LBXF08LA,0.03888,39,3,1
LBX074LA,0.8704,3,2,1
LBX099LA,0.08208,3,2,1
LBX138LA,0.14624,3,2,1
LBX153LA,0.16928,3,2,1
LBX170LA,0.55424,3,2,1
LBX180LA,0.18352,3,2,1
LBX187LA,0.15024,3,2,1
LBX194LA,0.10416,3,2,1
LBXPCBLA,0.89056,3,2,1
LBXHXCLA,0.10912,3,2,1
LBX118LA,0.13904,3,2,1
LBXD03LA,0.14432,3,2,1
LBXD05LA,0.24928,3,2,1
LBXD07LA,0.11104,3,2,1
LBXF03LA,0.176,3,2,1
LBXF04LA,0.25872,3,2,1
LBXF05LA,0.09088,3,2,1
LBXF08LA,0.05072,3,2,1
LBX074LA,0.46656,40,2,1
LBX099LA,0.09216,40,2,1
LBX138LA,0.18,40,2,1
LBX153LA,0.17424,40,2,1
LBX170LA,0.10672,40,2,1
LBX180LA,0.10544,40,2,1
LBX187LA,0.44192,40,2,1
LBX194LA,0.13712,40,2,1
LBXPCBLA,0.0688,40,2,1
LBXHXCLA,0.16,40,2,1
LBX118LA,0.29264,40,2,1
LBXD03LA,0.50864,40,2,1
LBXD05LA,0.16608,40,2,1
LBXD07LA,0.05088,40,2,1
LBXF03LA,0.48176,40,2,1
LBXF04LA,0.64688,40,2,1
LBXF05LA,0.12384,40,2,1
LBXF08LA,0.93984,40,2,1
LBX074LA,0.11904000000000001,41,3,1
LBX099LA,0.07552,41,3,1
LBX138LA,0.08832,41,3,1
LBX153LA,0.05712,41,3,1
LBX170LA,0.09824,41,3,1
LBX180LA,0.0928,41,3,1
LBX187LA,0.0832,41,3,1
LBX194LA,0.8928,41,3,1
LBXPCBLA,0.04224,41,3,1
LBXHXCLA,0.03088,41,3,1
LBX118LA,0.05648,41,3,1
LBXD03LA,0.08448,41,3,1
LBXD05LA,0.11488,41,3,1
LBXD07LA,0.12672,41,3,1
LBXF03LA,0.07088,41,3,1
LBXF04LA,0.83408,41,3,1
LBXF05LA,0.18992,41,3,1
LBXF08LA,0.21216,41,3,1
LBX074LA,0.60368,42,2,1
LBX099LA,0.84464,42,2,1
LBX138LA,0.5584,42,2,1
LBX153LA,0.41344,42,2,1
LBX170LA,0.70144,42,2,1
LBX180LA,0.5416,42,2,1
LBX187LA,0.97072,42,2,1
LBX194LA,0.77552,42,2,1
LBXPCBLA,0.25488,42,2,1
LBXHXCLA,0.408,42,2,1
LBX118LA,0.4232,42,2,1
LBXD03LA,0.27904,42,2,1
LBXD05LA,0.15216,42,2,1
LBXD07LA,0.16048,42,2,1
LBXF03LA,0.08752,42,2,1
LBXF04LA,0.6336,42,2,1
LBXF05LA,0.64336,42,2,1
LBXF08LA,0.15456,42,2,1
LBX074LA,0.22848,43,1,1
LBX099LA,0.10336,43,1,1
LBX138LA,0.15136,43,1,1
LBX153LA,0.13392,43,1,1
LBX170LA,0.17248,43,1,1
LBX180LA,0.11664,43,1,1
LBX187LA,0.13344,43,1,1
LBX194LA,0.10304,43,1,1
LBXPCBLA,0.17472,43,1,1
LBXHXCLA,0.08832,43,1,1
LBX118LA,0.18624,43,1,1
LBXD03LA,0.07824,43,1,1
LBXD05LA,0.9936,43,1,1
LBXD07LA,0.08864,43,1,1
LBXF03LA,0.08896,43,1,1
LBXF04LA,0.07984,43,1,1
LBXF05LA,0.08272,43,1,1
LBXF08LA,0.06496,43,1,1
LBX074LA,0.52112,44,3,1
LBX099LA,0.44384,44,3,1
LBX138LA,0.164,44,3,1
LBX153LA,0.32304,44,3,1
LBX170LA,0.31552,44,3,1
LBX180LA,0.38704,44,3,1
LBX187LA,0.62752,44,3,1
LBX194LA,0.12112,44,3,1
LBXPCBLA,0.09088,44,3,1
LBXHXCLA,0.07888,44,3,1
LBX118LA,0.15712,44,3,1
LBXD03LA,0.1432,44,3,1
LBXD05LA,0.49712,44,3,1
LBXD07LA,0.07312,44,3,1
LBXF03LA,0.04208,44,3,1
LBXF04LA,0.45856,44,3,1
LBXF05LA,0.20224,44,3,1
LBXF08LA,0.07072,44,3,1
LBX074LA,0.2576,45,2,1
LBX099LA,0.15984,45,2,1
LBX138LA,0.20064,45,2,1
LBX153LA,0.22528,45,2,1
LBX170LA,0.12064,45,2,1
LBX180LA,0.1352,45,2,1
LBX187LA,0.08848,45,2,1
LBX194LA,0.30912,45,2,1
LBXPCBLA,0.07504,45,2,1
LBXHXCLA,0.26976,45,2,1
LBX118LA,0.54496,45,2,1
LBXD03LA,0.19216,45,2,1
LBXD05LA,0.15232,45,2,1
LBXD07LA,0.07328,45,2,1
LBXF03LA,0.07664,45,2,1
LBXF04LA,0.96112,45,2,1
LBXF05LA,0.08944,45,2,1
LBXF08LA,0.06592,45,2,1
LBX074LA,0.29392,46,3,1
LBX099LA,0.6456,46,3,1
LBX138LA,0.17728,46,3,1
LBX153LA,0.18352,46,3,1
LBX170LA,0.172,46,3,1
LBX180LA,0.14288,46,3,1
LBX187LA,0.23648,46,3,1
LBX194LA,0.3384,46,3,1
LBXPCBLA,0.30256,46,3,1
LBXHXCLA,0.11664,46,3,1
LBX118LA,0.23008,46,3,1
LBXD03LA,0.1912,46,3,1
LBXD05LA,0.29792,46,3,1
LBXD07LA,0.38688,46,3,1
LBXF03LA,0.24032,46,3,1
LBXF04LA,0.80464,46,3,1
LBXF05LA,0.11984,46,3,1
LBXF08LA,0.24048,46,3,1
LBX074LA,0.21552,47,3,1
LBX099LA,0.09296,47,3,1
LBX138LA,0.1056,47,3,1
LBX153LA,0.09664,47,3,1
LBX170LA,0.08976,47,3,1
LBX180LA,0.09232,47,3,1
LBX187LA,0.0872,47,3,1
LBX194LA,0.252,47,3,1
LBXPCBLA,0.88464,47,3,1
LBXHXCLA,0.23328,47,3,1
LBX118LA,0.1088,47,3,1
LBXD03LA,0.07008,47,3,1
LBXD05LA,0.07344,47,3,1
LBXD07LA,0.05392,47,3,1
LBXF03LA,0.08784,47,3,1
LBXF04LA,0.86464,47,3,1
LBXF05LA,0.91376,47,3,1
LBXF08LA,0.14736,47,3,1
LBX074LA,0.0928,48,2,1
LBX099LA,0.07728,48,2,1
LBX138LA,0.1104,48,2,1
LBX153LA,0.1384,48,2,1
LBX170LA,0.23104,48,2,1
LBX180LA,0.48144,48,2,1
LBX187LA,0.11344,48,2,1
LBX194LA,0.65744,48,2,1
LBXPCBLA,0.04688,48,2,1
LBXHXCLA,0.06976,48,2,1
LBX118LA,0.07248,48,2,1
LBXD03LA,0.05792,48,2,1
LBXD05LA,0.24064,48,2,1
LBXD07LA,0.04272,48,2,1
LBXF03LA,0.05824,48,2,1
LBXF04LA,0.32464,48,2,1
LBXF05LA,0.34464,48,2,1
LBXF08LA,0.09392,48,2,1
LBX074LA,0.31952,49,1,1
LBX099LA,0.1248,49,1,1
LBX138LA,0.14336,49,1,1
LBX153LA,0.13136,49,1,1
LBX170LA,0.14224,49,1,1
LBX180LA,0.13376,49,1,1
LBX187LA,0.12256,49,1,1
LBX194LA,0.13136,49,1,1
LBXPCBLA,0.06672,49,1,1
LBXHXCLA,0.1208,49,1,1
LBX118LA,0.10304,49,1,1
LBXD03LA,0.12224,49,1,1
LBXD05LA,0.53152,49,1,1
LBXD07LA,0.1376,49,1,1
LBXF03LA,0.08784,49,1,1
LBXF04LA,0.91712,49,1,1
LBXF05LA,0.14272,49,1,1
LBXF08LA,0.33888,49,1,1
LBX074LA,0.51296,4,1,1
LBX099LA,0.10928,4,1,1
LBX138LA,0.13984,4,1,1
LBX153LA,0.1312,4,1,1
LBX170LA,0.12928,4,1,1
LBX180LA,0.13632,4,1,1
LBX187LA,0.11344,4,1,1
LBX194LA,0.0928,4,1,1
LBXPCBLA,0.1784,4,1,1
LBXHXCLA,0.18624,4,1,1
LBX118LA,0.19952,4,1,1
LBXD03LA,0.60144,4,1,1
LBXD05LA,0.2376,4,1,1
LBXD07LA,0.1528,4,1,1
LBXF03LA,0.45152,4,1,1
LBXF04LA,0.11504,4,1,1
LBXF05LA,0.1064,4,1,1
LBXF08LA,0.06368,4,1,1
LBX074LA,0.09488,50,1,1
LBX099LA,0.10912,50,1,1
LBX138LA,0.25328,50,1,1
LBX153LA,0.18992,50,1,1
LBX170LA,0.10448,50,1,1
LBX180LA,0.13536,50,1,1
LBX187LA,0.09984,50,1,1
LBX194LA,0.08624,50,1,1
LBXPCBLA,0.8632,50,1,1
LBXHXCLA,0.35184,50,1,1
LBX118LA,0.09968,50,1,1
LBXD03LA,0.14768,50,1,1
LBXD05LA,0.25568,50,1,1
LBXD07LA,0.09504,50,1,1
LBXF03LA,0.1304,50,1,1
LBXF04LA,0.42176,50,1,1
LBXF05LA,0.18672,50,1,1
LBXF08LA,0.09968,50,1,1
LBX074LA,0.36624,51,3,1
LBX099LA,0.092,51,3,1
LBX138LA,0.04384,51,3,1
LBX153LA,0.11296,51,3,1
LBX170LA,0.05776,51,3,1
LBX180LA,0.052,51,3,1
LBX187LA,0.08176,51,3,1
LBX194LA,0.06208,51,3,1
LBXPCBLA,0.0408,51,3,1
LBXHXCLA,0.01744,51,3,1
LBX118LA,0.33504,51,3,1
LBXD03LA,0.02096,51,3,1
LBXD05LA,0.08512,51,3,1
LBXD07LA,0.01696,51,3,1
LBXF03LA,0.81632,51,3,1
LBXF04LA,0.19792,51,3,1
LBXF05LA,0.012,51,3,1
LBXF08LA,0.01056,51,3,1
LBX074LA,0.09472,52,2,1
LBX099LA,0.09696,52,2,1
LBX138LA,0.38416,52,2,1
LBX153LA,0.17568,52,2,1
LBX170LA,0.15648,52,2,1
LBX180LA,0.25344,52,2,1
LBX187LA,0.44592,52,2,1
LBX194LA,0.28064,52,2,1
LBXPCBLA,0.04896,52,2,1
LBXHXCLA,0.18992,52,2,1
LBX118LA,0.07664,52,2,1
LBXD03LA,0.08592,52,2,1
LBXD05LA,0.12256,52,2,1
LBXD07LA,0.88608,52,2,1
LBXF03LA,0.05024,52,2,1
LBXF04LA,0.81072,52,2,1
LBXF05LA,0.08576,52,2,1
LBXF08LA,0.08672,52,2,1
LBX074LA,0.08208,53,1,1
LBX099LA,0.20848,53,1,1
LBX138LA,0.12864,53,1,1
LBX153LA,0.1104,53,1,1
LBX170LA,0.484,53,1,1
LBX180LA,0.17184,53,1,1
LBX187LA,0.39744,53,1,1
LBX194LA,0.29792,53,1,1
LBXPCBLA,0.19216,53,1,1
LBXHXCLA,0.08576,53,1,1
LBX118LA,0.11728,53,1,1
LBXD03LA,0.08,53,1,1
LBXD05LA,0.41632,53,1,1
LBXD07LA,0.0912,53,1,1
LBXF03LA,0.07616,53,1,1
LBXF04LA,0.20592,53,1,1
LBXF05LA,0.23136,53,1,1
LBXF08LA,0.16336,53,1,1
LBX074LA,0.2032,54,2,1
LBX099LA,0.4624,54,2,1
LBX138LA,0.2416,54,2,1
LBX153LA,0.35248,54,2,1
LBX170LA,0.19552,54,2,1
LBX180LA,0.1944,54,2,1
LBX187LA,0.1424,54,2,1
LBX194LA,0.21056,54,2,1
LBXPCBLA,0.08544,54,2,1
LBXHXCLA,0.28368,54,2,1
LBX118LA,0.34608,54,2,1
LBXD03LA,0.36576,54,2,1
LBXD05LA,0.14688,54,2,1
LBXD07LA,0.152,54,2,1
LBXF03LA,0.1416,54,2,1
LBXF04LA,0.48672,54,2,1
LBXF05LA,0.36192,54,2,1
LBXF08LA,0.1032,54,2,1
LBX074LA,0.21456,55,1,1
LBX099LA,0.49376,55,1,1
LBX138LA,0.23152,55,1,1
LBX153LA,0.39392,55,1,1
LBX170LA,0.20048,55,1,1
LBX180LA,0.29968,55,1,1
LBX187LA,0.18496,55,1,1
LBX194LA,0.13184,55,1,1
LBXPCBLA,0.48048,55,1,1
LBXHXCLA,0.6928,55,1,1
LBX118LA,0.29184,55,1,1
LBXD03LA,0.21856,55,1,1
LBXD05LA,0.8992,55,1,1
LBXD07LA,0.53232,55,1,1
LBXF03LA,0.09744,55,1,1
LBXF04LA,0.30064,55,1,1
LBXF05LA,0.16768,55,1,1
LBXF08LA,0.436,55,1,1
LBX074LA,0.15376,56,3,1
LBX099LA,0.68416,56,3,1
LBX138LA,0.3976,56,3,1
LBX153LA,0.23536,56,3,1
LBX170LA,0.26848,56,3,1
LBX180LA,0.32736,56,3,1
LBX187LA,0.20192,56,3,1
LBX194LA,0.82752,56,3,1
LBXPCBLA,0.1056,56,3,1
LBXHXCLA,0.09872,56,3,1
LBX118LA,0.24144,56,3,1
LBXD03LA,0.36608,56,3,1
LBXD05LA,0.48672,56,3,1
LBXD07LA,0.38368,56,3,1
LBXF03LA,0.42256,56,3,1
LBXF04LA,0.49504,56,3,1
LBXF05LA,0.14176,56,3,1
LBXF08LA,0.07344,56,3,1
LBX074LA,0.54,57,2,1
LBX099LA,0.18912,57,2,1
LBX138LA,0.41488,57,2,1
LBX153LA,0.64416,57,2,1
LBX170LA,0.3144,57,2,1
LBX180LA,0.348,57,2,1
LBX187LA,0.54608,57,2,1
LBX194LA,0.20336,57,2,1
LBXPCBLA,0.54624,57,2,1
LBXHXCLA,0.36496,57,2,1
LBX118LA,0.84016,57,2,1
LBXD03LA,0.18496,57,2,1
LBXD05LA,0.64768,57,2,1
LBXD07LA,0.39056,57,2,1
LBXF03LA,0.65136,57,2,1
LBXF04LA,0.63456,57,2,1
LBXF05LA,0.25088,57,2,1
LBXF08LA,0.0696,57,2,1
LBX074LA,0.21824,58,1,1
LBX099LA,0.11184,58,1,1
LBX138LA,0.22864,58,1,1
LBX153LA,0.21824,58,1,1
LBX170LA,0.41024,58,1,1
LBX180LA,0.21984,58,1,1
LBX187LA,0.18768,58,1,1
LBX194LA,0.76128,58,1,1
LBXPCBLA,0.1368,58,1,1
LBXHXCLA,0.58048,58,1,1
LBX118LA,0.17056,58,1,1
LBXD03LA,0.95728,58,1,1
LBXD05LA,0.17408,58,1,1
LBXD07LA,0.6552,58,1,1
LBXF03LA,0.16368,58,1,1
LBXF04LA,0.94432,58,1,1
LBXF05LA,0.13616,58,1,1
LBXF08LA,0.0952,58,1,1
LBX074LA,0.50256,59,1,1
LBX099LA,0.12064,59,1,1
LBX138LA,0.13152,59,1,1
LBX153LA,0.16816,59,1,1
LBX170LA,0.12304,59,1,1
LBX180LA,0.1176,59,1,1
LBX187LA,0.2424,59,1,1
LBX194LA,0.34736,59,1,1
LBXPCBLA,0.14576,59,1,1
LBXHXCLA,0.0808,59,1,1
LBX118LA,0.188,59,1,1
LBXD03LA,0.08384,59,1,1
LBXD05LA,0.09648,59,1,1
LBXD07LA,0.10512,59,1,1
LBXF03LA,0.07808,59,1,1
LBXF04LA,0.08768,59,1,1
LBXF05LA,0.0864,59,1,1
LBXF08LA,0.68144,59,1,1
LBX074LA,0.19312000000000001,5,3,1
LBX099LA,0.46208,5,3,1
LBX138LA,0.1792,5,3,1
LBX153LA,0.19536,5,3,1
LBX170LA,0.88448,5,3,1
LBX180LA,0.15744,5,3,1
LBX187LA,0.26,5,3,1
LBX194LA,0.58624,5,3,1
LBXPCBLA,0.068,5,3,1
LBXHXCLA,0.42656,5,3,1
LBX118LA,0.07152,5,3,1
LBXD03LA,0.39168,5,3,1
LBXD05LA,0.28,5,3,1
LBXD07LA,0.10992,5,3,1
LBXF03LA,0.48144,5,3,1
LBXF04LA,0.32736,5,3,1
LBXF05LA,0.17184,5,3,1
LBXF08LA,0.12384,5,3,1
LBX074LA,0.09136,60,1,1
LBX099LA,0.06016,60,1,1
LBX138LA,0.12544,60,1,1
LBX153LA,0.22496,60,1,1
LBX170LA,0.12528,60,1,1
LBX180LA,0.2024,60,1,1
LBX187LA,0.13904,60,1,1
LBX194LA,0.1704,60,1,1
LBXPCBLA,0.1352,60,1,1
LBXHXCLA,0.19216,60,1,1
LBX118LA,0.07632,60,1,1
LBXD03LA,0.14336,60,1,1
LBXD05LA,0.73584,60,1,1
LBXD07LA,0.1928,60,1,1
LBXF03LA,0.09072,60,1,1
LBXF04LA,0.11456,60,1,1
LBXF05LA,0.06496,60,1,1
LBXF08LA,0.04512,60,1,1
LBX074LA,0.18864,61,4,1
LBX099LA,0.98432,61,4,1
LBX138LA,0.90496,61,4,1
LBX153LA,0.65488,61,4,1
LBX170LA,0.22384,61,4,1
LBX180LA,0.23056,61,4,1
LBX187LA,0.38384,61,4,1
LBX194LA,0.16608,61,4,1
LBXPCBLA,0.07264,61,4,1
LBXHXCLA,0.49952,61,4,1
LBX118LA,0.23472,61,4,1
LBXD03LA,0.51968,61,4,1
LBXD05LA,0.73776,61,4,1
LBXD07LA,0.27264,61,4,1
LBXF03LA,0.48672,61,4,1
LBXF04LA,0.96624,61,4,1
LBXF05LA,0.32672,61,4,1
LBXF08LA,0.13408,61,4,1
LBX074LA,0.42,62,1,1
LBX099LA,0.11648,62,1,1
LBX138LA,0.18688,62,1,1
LBX153LA,0.20192,62,1,1
LBX170LA,0.17488,62,1,1
LBX180LA,0.2376,62,1,1
LBX187LA,0.13536,62,1,1
LBX194LA,0.82384,62,1,1
LBXPCBLA,0.436,62,1,1
LBXHXCLA,0.1664,62,1,1
LBX118LA,0.14608,62,1,1
LBXD03LA,0.97008,62,1,1
LBXD05LA,0.1008,62,1,1
LBXD07LA,0.08752,62,1,1
LBXF03LA,0.0744,62,1,1
LBXF04LA,0.13536,62,1,1
LBXF05LA,0.07552,62,1,1
LBXF08LA,0.12448,62,1,1
LBX074LA,0.1672,63,4,1
LBX099LA,0.33696,63,4,1
LBX138LA,0.18272,63,4,1
LBX153LA,0.25312,63,4,1
LBX170LA,0.15776,63,4,1
LBX180LA,0.0848,63,4,1
LBX187LA,0.20848,63,4,1
LBX194LA,0.3344,63,4,1
LBXPCBLA,0.04416,63,4,1
LBXHXCLA,0.52896,63,4,1
LBX118LA,0.14784,63,4,1
LBXD03LA,0.10176,63,4,1
LBXD05LA,0.05888,63,4,1
LBXD07LA,0.91216,63,4,1
LBXF03LA,0.0592,63,4,1
LBXF04LA,0.07168,63,4,1
LBXF05LA,0.25888,63,4,1
LBXF08LA,0.45936,63,4,1
LBX074LA,0.27456,64,3,1
LBX099LA,0.15968,64,3,1
LBX138LA,0.19488,64,3,1
LBX153LA,0.20768,64,3,1
LBX170LA,0.168,64,3,1
LBX180LA,0.12592,64,3,1
LBX187LA,0.12944,64,3,1
LBX194LA,0.65424,64,3,1
LBXPCBLA,0.75872,64,3,1
LBXHXCLA,0.096,64,3,1
LBX118LA,0.28608,64,3,1
LBXD03LA,0.09184,64,3,1
LBXD05LA,0.3712,64,3,1
LBXD07LA,0.38416,64,3,1
LBXF03LA,0.05424,64,3,1
LBXF04LA,0.2144,64,3,1
LBXF05LA,0.34496,64,3,1
LBXF08LA,0.22576,64,3,1
LBX074LA,0.64544,65,3,1
LBX099LA,0.15376,65,3,1
LBX138LA,0.62704,65,3,1
LBX153LA,0.50864,65,3,1
LBX170LA,0.1552,65,3,1
LBX180LA,0.37824,65,3,1
LBX187LA,0.15024,65,3,1
LBX194LA,0.148,65,3,1
LBXPCBLA,0.11328,65,3,1
LBXHXCLA,0.23152,65,3,1
LBX118LA,0.13616,65,3,1
LBXD03LA,0.99776,65,3,1
LBXD05LA,0.3168,65,3,1
LBXD07LA,0.17504,65,3,1
LBXF03LA,0.17728,65,3,1
LBXF04LA,0.82912,65,3,1
LBXF05LA,0.62576,65,3,1
LBXF08LA,0.09008,65,3,1
LBX074LA,0.09408,66,2,1
LBX099LA,0.98144,66,2,1
LBX138LA,0.0808,66,2,1
LBX153LA,0.09312,66,2,1
LBX170LA,0.0824,66,2,1
LBX180LA,0.08352,66,2,1
LBX187LA,0.12,66,2,1
LBX194LA,0.17472,66,2,1
LBXPCBLA,0.14624,66,2,1
LBXHXCLA,0.06544,66,2,1
LBX118LA,0.17136,66,2,1
LBXD03LA,0.11952,66,2,1
LBXD05LA,0.252,66,2,1
LBXD07LA,0.40512,66,2,1
LBXF03LA,0.0552,66,2,1
LBXF04LA,0.54448,66,2,1
LBXF05LA,0.1448,66,2,1
LBXF08LA,0.04256,66,2,1
LBX074LA,0.3272,67,4,1
LBX099LA,0.14992,67,4,1
LBX138LA,0.07856,67,4,1
LBX153LA,0.06672,67,4,1
LBX170LA,0.15344,67,4,1
LBX180LA,0.124,67,4,1
LBX187LA,0.09424,67,4,1
LBX194LA,0.55008,67,4,1
LBXPCBLA,0.14384,67,4,1
LBXHXCLA,0.04592,67,4,1
LBX118LA,0.1696,67,4,1
LBXD03LA,0.15392,67,4,1
LBXD05LA,0.9744,67,4,1
LBXD07LA,0.04208,67,4,1
LBXF03LA,0.05712,67,4,1
LBXF04LA,0.7296,67,4,1
LBXF05LA,0.18064,67,4,1
LBXF08LA,0.11792,67,4,1
LBX074LA,0.17888,68,3,1
LBX099LA,0.26736,68,3,1
LBX138LA,0.14064,68,3,1
LBX153LA,0.14864,68,3,1
LBX170LA,0.08784,68,3,1
LBX180LA,0.10768,68,3,1
LBX187LA,0.27424,68,3,1
LBX194LA,0.12288,68,3,1
LBXPCBLA,0.152,68,3,1
LBXHXCLA,0.10768,68,3,1
LBX118LA,0.68336,68,3,1
LBXD03LA,0.08448,68,3,1
LBXD05LA,0.42,68,3,1
LBXD07LA,0.38752,68,3,1
LBXF03LA,0.13024,68,3,1
LBXF04LA,0.94192,68,3,1
LBXF05LA,0.53616,68,3,1
LBXF08LA,0.49232,68,3,1
LBX074LA,0.11328,69,2,1
LBX099LA,0.81296,69,2,1
LBX138LA,0.46704,69,2,1
LBX153LA,0.16368,69,2,1
LBX170LA,0.148,69,2,1
LBX180LA,0.1224,69,2,1
LBX187LA,0.1112,69,2,1
LBX194LA,0.16352,69,2,1
LBXPCBLA,0.05872,69,2,1
LBXHXCLA,0.23168,69,2,1
LBX118LA,0.15104,69,2,1
LBXD03LA,0.06608,69,2,1
LBXD05LA,0.1904,69,2,1
LBXD07LA,0.15872,69,2,1
LBXF03LA,0.1136,69,2,1
LBXF04LA,0.0832,69,2,1
LBXF05LA,0.08816,69,2,1
LBXF08LA,0.06992,69,2,1
LBX074LA,0.91136,6,2,1
LBX099LA,0.07072,6,2,1
LBX138LA,0.13856,6,2,1
LBX153LA,0.23808000000000001,6,2,1
LBX170LA,0.10192,6,2,1
LBX180LA,0.09488,6,2,1
LBX187LA,0.132,6,2,1
LBX194LA,0.09424,6,2,1
LBXPCBLA,0.09296,6,2,1
LBXHXCLA,0.09328,6,2,1
LBX118LA,0.08624,6,2,1
LBXD03LA,0.09104,6,2,1
LBXD05LA,0.2032,6,2,1
LBXD07LA,0.03248,6,2,1
LBXF03LA,0.03584,6,2,1
LBXF04LA,0.59984,6,2,1
LBXF05LA,0.10608,6,2,1
LBXF08LA,0.03552,6,2,1
LBX074LA,0.1384,70,2,1
LBX099LA,0.45536,70,2,1
LBX138LA,0.19632,70,2,1
LBX153LA,0.2696,70,2,1
LBX170LA,0.24512,70,2,1
LBX180LA,0.77072,70,2,1
LBX187LA,0.27232,70,2,1
LBX194LA,0.1968,70,2,1
LBXPCBLA,0.23152,70,2,1
LBXHXCLA,0.12528,70,2,1
LBX118LA,0.19984,70,2,1
LBXD03LA,0.15312,70,2,1
LBXD05LA,0.56672,70,2,1
LBXD07LA,0.13968,70,2,1
LBXF03LA,0.07344,70,2,1
LBXF04LA,0.94976,70,2,1
LBXF05LA,0.17104,70,2,1
LBXF08LA,0.08752,70,2,1
LBX074LA,0.14912,71,2,1
LBX099LA,0.42048,71,2,1
LBX138LA,0.25328,71,2,1
LBX153LA,0.40624,71,2,1
LBX170LA,0.3152,71,2,1
LBX180LA,0.59392,71,2,1
LBX187LA,0.23632,71,2,1
LBX194LA,0.75696,71,2,1
LBXPCBLA,0.74864,71,2,1
LBXHXCLA,0.20272,71,2,1
LBX118LA,0.24144,71,2,1
LBXD03LA,0.51696,71,2,1
LBXD05LA,0.21904,71,2,1
LBXD07LA,0.092,71,2,1
LBXF03LA,0.13984,71,2,1
LBXF04LA,0.97744,71,2,1
LBXF05LA,0.128,71,2,1
LBXF08LA,0.81344,71,2,1
LBX074LA,0.62448,72,3,1
LBX099LA,0.08672,72,3,1
LBX138LA,0.19312000000000001,72,3,1
LBX153LA,0.15856,72,3,1
LBX170LA,0.1664,72,3,1
LBX180LA,0.16976,72,3,1
LBX187LA,0.49904,72,3,1
LBX194LA,0.37376,72,3,1
LBXPCBLA,0.49392,72,3,1
LBXHXCLA,0.2032,72,3,1
LBX118LA,0.69488,72,3,1
LBXD03LA,0.35472,72,3,1
LBXD05LA,0.13152,72,3,1
LBXD07LA,0.37456,72,3,1
LBXF03LA,0.13968,72,3,1
LBXF04LA,0.34368,72,3,1
LBXF05LA,0.33504,72,3,1
LBXF08LA,0.23952,72,3,1
LBX074LA,0.60816,73,2,1
LBX099LA,0.08688,73,2,1
LBX138LA,0.50848,73,2,1
LBX153LA,0.18016,73,2,1
LBX170LA,0.19936,73,2,1
LBX180LA,0.13616,73,2,1
LBX187LA,0.11712,73,2,1
LBX194LA,0.13584,73,2,1
LBXPCBLA,0.09088,73,2,1
LBXHXCLA,0.1336,73,2,1
LBX118LA,0.24272,73,2,1
LBXD03LA,0.12912,73,2,1
LBXD05LA,0.09472,73,2,1
LBXD07LA,0.4904,73,2,1
LBXF03LA,0.14624,73,2,1
LBXF04LA,0.62464,73,2,1
LBXF05LA,0.06624,73,2,1
LBXF08LA,0.04496,73,2,1
LBX074LA,0.1216,74,1,1
LBX099LA,0.15328,74,1,1
LBX138LA,0.2744,74,1,1
LBX153LA,0.24432,74,1,1
LBX170LA,0.39008,74,1,1
LBX180LA,0.19312000000000001,74,1,1
LBX187LA,0.78624,74,1,1
LBX194LA,0.19136,74,1,1
LBXPCBLA,0.10432,74,1,1
LBXHXCLA,0.64128,74,1,1
LBX118LA,0.2296,74,1,1
LBXD03LA,0.12672,74,1,1
LBXD05LA,0.26448,74,1,1
LBXD07LA,0.69344,74,1,1
LBXF03LA,0.17744,74,1,1
LBXF04LA,0.65744,74,1,1
LBXF05LA,0.21808,74,1,1
LBXF08LA,0.08928,74,1,1
LBX074LA,0.14624,75,1,1
LBX099LA,0.10384,75,1,1
LBX138LA,0.28144,75,1,1
LBX153LA,0.26112,75,1,1
LBX170LA,0.14784,75,1,1
LBX180LA,0.19536,75,1,1
LBX187LA,0.2064,75,1,1
LBX194LA,0.50256,75,1,1
LBXPCBLA,0.2112,75,1,1
LBXHXCLA,0.10432,75,1,1
LBX118LA,0.19072,75,1,1
LBXD03LA,0.12528,75,1,1
LBXD05LA,0.19088,75,1,1
LBXD07LA,0.12912,75,1,1
LBXF03LA,0.1024,75,1,1
LBXF04LA,0.13808,75,1,1
LBXF05LA,0.11424,75,1,1
LBXF08LA,0.11728,75,1,1
LBX074LA,0.1096,76,3,1
LBX099LA,0.08096,76,3,1
LBX138LA,0.18576,76,3,1
LBX153LA,0.31184,76,3,1
LBX170LA,0.23008,76,3,1
LBX180LA,0.2416,76,3,1
LBX187LA,0.42384,76,3,1
LBX194LA,0.72448,76,3,1
LBXPCBLA,0.11232,76,3,1
LBXHXCLA,0.39632,76,3,1
LBX118LA,0.25632,76,3,1
LBXD03LA,0.15584,76,3,1
LBXD05LA,0.48704,76,3,1
LBXD07LA,0.11056,76,3,1
LBXF03LA,0.232,76,3,1
LBXF04LA,0.35648,76,3,1
LBXF05LA,0.61168,76,3,1
LBXF08LA,0.23424,76,3,1
LBX074LA,0.10816,77,4,1
LBX099LA,0.09632,77,4,1
LBX138LA,0.12864,77,4,1
LBX153LA,0.09216,77,4,1
LBX170LA,0.1216,77,4,1
LBX180LA,0.28544,77,4,1
LBX187LA,0.11312,77,4,1
LBX194LA,0.40752,77,4,1
LBXPCBLA,0.08672,77,4,1
LBXHXCLA,0.04704,77,4,1
LBX118LA,0.6112,77,4,1
LBXD03LA,0.24864,77,4,1
LBXD05LA,0.84864,77,4,1
LBXD07LA,0.09344,77,4,1
LBXF03LA,0.04976,77,4,1
LBXF04LA,0.83808,77,4,1
LBXF05LA,0.52096,77,4,1
LBXF08LA,0.3168,77,4,1
LBX074LA,0.18384,78,2,1
LBX099LA,0.15856,78,2,1
LBX138LA,0.436,78,2,1
LBX153LA,0.45616,78,2,1
LBX170LA,0.19664,78,2,1
LBX180LA,0.20016,78,2,1
LBX187LA,0.34,78,2,1
LBX194LA,0.71728,78,2,1
LBXPCBLA,0.14496,78,2,1
LBXHXCLA,0.11504,78,2,1
LBX118LA,0.15072,78,2,1
LBXD03LA,0.11984,78,2,1
LBXD05LA,0.36368,78,2,1
LBXD07LA,0.11792,78,2,1
LBXF03LA,0.09584,78,2,1
LBXF04LA,0.59472,78,2,1
LBXF05LA,0.21936,78,2,1
LBXF08LA,0.14672,78,2,1
LBX074LA,0.09568,79,2,1
LBX099LA,0.08208,79,2,1
LBX138LA,0.13968,79,2,1
LBX153LA,0.15936,79,2,1
LBX170LA,0.22496,79,2,1
LBX180LA,0.33072,79,2,1
LBX187LA,0.7232,79,2,1
LBX194LA,0.40704,79,2,1
LBXPCBLA,0.24192,79,2,1
LBXHXCLA,0.17504,79,2,1
LBX118LA,0.31696,79,2,1
LBXD03LA,0.57888,79,2,1
LBXD05LA,0.316,79,2,1
LBXD07LA,0.40448,79,2,1
LBXF03LA,0.28128,79,2,1
LBXF04LA,0.5672,79,2,1
LBXF05LA,0.20032,79,2,1
LBXF08LA,0.48496,79,2,1
LBX074LA,0.08176,7,3,1
LBX099LA,0.44832,7,3,1
LBX138LA,0.20224,7,3,1
LBX153LA,0.20976,7,3,1
LBX170LA,0.24384,7,3,1
LBX180LA,0.20752,7,3,1
LBX187LA,0.14032,7,3,1
LBX194LA,0.18432,7,3,1
LBXPCBLA,0.13312,7,3,1
LBXHXCLA,0.77568,7,3,1
LBX118LA,0.19344,7,3,1
LBXD03LA,0.16384,7,3,1
LBXD05LA,0.05552,7,3,1
LBXD07LA,0.16016,7,3,1
LBXF03LA,0.05936,7,3,1
LBXF04LA,0.30384,7,3,1
LBXF05LA,0.06096,7,3,1
LBXF08LA,0.05184,7,3,1
LBX074LA,0.82368,80,4,1
LBX099LA,0.04048,80,4,1
LBX138LA,0.0616,80,4,1
LBX153LA,0.22688,80,4,1
LBX170LA,0.09904,80,4,1
LBX180LA,0.18736,80,4,1
LBX187LA,0.09104,80,4,1
LBX194LA,0.69664,80,4,1
LBXPCBLA,0.36816,80,4,1
LBXHXCLA,0.156,80,4,1
LBX118LA,0.07296,80,4,1
LBXD03LA,0.02096,80,4,1
LBXD05LA,0.47216,80,4,1
LBXD07LA,0.03072,80,4,1
LBXF03LA,0.00992,80,4,1
LBXF04LA,0.1152,80,4,1
LBXF05LA,0.48432,80,4,1
LBXF08LA,0.02512,80,4,1
LBX074LA,0.14384,81,2,1
LBX099LA,0.07712,81,2,1
LBX138LA,0.20144,81,2,1
LBX153LA,0.31376,81,2,1
LBX170LA,0.28208,81,2,1
LBX180LA,0.20256,81,2,1
LBX187LA,0.67104,81,2,1
LBX194LA,0.25408,81,2,1
LBXPCBLA,0.10768,81,2,1
LBXHXCLA,0.1392,81,2,1
LBX118LA,0.10176,81,2,1
LBXD03LA,0.06176,81,2,1
LBXD05LA,0.20032,81,2,1
LBXD07LA,0.15232,81,2,1
LBXF03LA,0.14928,81,2,1
LBXF04LA,0.98544,81,2,1
LBXF05LA,0.17376,81,2,1
LBXF08LA,0.0864,81,2,1
LBX074LA,0.11648,82,3,1
LBX099LA,0.10688,82,3,1
LBX138LA,0.08176,82,3,1
LBX153LA,0.08032,82,3,1
LBX170LA,0.13488,82,3,1
LBX180LA,0.17328,82,3,1
LBX187LA,0.52832,82,3,1
LBX194LA,0.1648,82,3,1
LBXPCBLA,0.03632,82,3,1
LBXHXCLA,0.11952,82,3,1
LBX118LA,0.06112,82,3,1
LBXD03LA,0.20272,82,3,1
LBXD05LA,0.68544,82,3,1
LBXD07LA,0.18352,82,3,1
LBXF03LA,0.15712,82,3,1
LBXF04LA,0.37536,82,3,1
LBXF05LA,0.99664,82,3,1
LBXF08LA,0.1824,82,3,1
LBX074LA,0.35968,83,3,1
LBX099LA,0.13296,83,3,1
LBX138LA,0.22736,83,3,1
LBX153LA,0.1736,83,3,1
LBX170LA,0.19616,83,3,1
LBX180LA,0.11632,83,3,1
LBX187LA,0.11984,83,3,1
LBX194LA,0.34624,83,3,1
LBXPCBLA,0.0808,83,3,1
LBXHXCLA,0.20336,83,3,1
LBX118LA,0.1304,83,3,1
LBXD03LA,0.31536,83,3,1
LBXD05LA,0.58272,83,3,1
LBXD07LA,0.07584,83,3,1
LBXF03LA,0.06192,83,3,1
LBXF04LA,0.44944,83,3,1
LBXF05LA,0.72192,83,3,1
LBXF08LA,0.30224,83,3,1
LBX074LA,0.18368,84,3,1
LBX099LA,0.1032,84,3,1
LBX138LA,0.3344,84,3,1
LBX153LA,0.36432,84,3,1
LBX170LA,0.33856,84,3,1
LBX180LA,0.32784,84,3,1
LBX187LA,0.27024,84,3,1
LBX194LA,0.18912,84,3,1
LBXPCBLA,0.1112,84,3,1
LBXHXCLA,0.35568,84,3,1
LBX118LA,0.47056,84,3,1
LBXD03LA,0.0792,84,3,1
LBXD05LA,0.3208,84,3,1
LBXD07LA,0.13344,84,3,1
LBXF03LA,0.04176,84,3,1
LBXF04LA,0.0688,84,3,1
LBXF05LA,0.4224,84,3,1
LBXF08LA,0.0672,84,3,1
LBX074LA,0.41136,85,4,1
LBX099LA,0.17056,85,4,1
LBX138LA,0.1232,85,4,1
LBX153LA,0.1192,85,4,1
LBX170LA,0.73008,85,4,1
LBX180LA,0.35408,85,4,1
LBX187LA,0.67568,85,4,1
LBX194LA,0.25008,85,4,1
LBXPCBLA,0.13184,85,4,1
LBXHXCLA,0.092,85,4,1
LBX118LA,0.24352,85,4,1
LBXD03LA,0.82864,85,4,1
LBXD05LA,0.74976,85,4,1
LBXD07LA,0.21712,85,4,1
LBXF03LA,0.21648,85,4,1
LBXF04LA,0.20704,85,4,1
LBXF05LA,0.2184,85,4,1
LBXF08LA,0.76192,85,4,1
LBX074LA,0.12144,86,2,1
LBX099LA,0.0768,86,2,1
LBX138LA,0.1,86,2,1
LBX153LA,0.1152,86,2,1
LBX170LA,0.12768,86,2,1
LBX180LA,0.15584,86,2,1
LBX187LA,0.21472,86,2,1
LBX194LA,0.58032,86,2,1
LBXPCBLA,0.09136,86,2,1
LBXHXCLA,0.14352,86,2,1
LBX118LA,0.0984,86,2,1
LBXD03LA,0.1592,86,2,1
LBXD05LA,0.14832,86,2,1
LBXD07LA,0.11328,86,2,1
LBXF03LA,0.33664,86,2,1
LBXF04LA,0.79264,86,2,1
LBXF05LA,0.5096,86,2,1
LBXF08LA,0.18496,86,2,1
LBX074LA,0.81424,87,4,1
LBX099LA,0.27136,87,4,1
LBX138LA,0.2664,87,4,1
LBX153LA,0.23696,87,4,1
LBX170LA,0.20288,87,4,1
LBX180LA,0.15472,87,4,1
LBX187LA,0.09008,87,4,1
LBX194LA,0.24544,87,4,1
LBXPCBLA,0.86144,87,4,1
LBXHXCLA,0.1408,87,4,1
LBX118LA,0.33568,87,4,1
LBXD03LA,0.12208,87,4,1
LBXD05LA,0.63824,87,4,1
LBXD07LA,0.08784,87,4,1
LBXF03LA,0.07376,87,4,1
LBXF04LA,0.73088,87,4,1
LBXF05LA,0.09936,87,4,1
LBXF08LA,0.98496,87,4,1
LBX074LA,0.07872,88,2,1
LBX099LA,0.0768,88,2,1
LBX138LA,0.25456,88,2,1
LBX153LA,0.19152,88,2,1
LBX170LA,0.1168,88,2,1
LBX180LA,0.1624,88,2,1
LBX187LA,0.07184,88,2,1
LBX194LA,0.19552,88,2,1
LBXPCBLA,0.13552,88,2,1
LBXHXCLA,0.08224,88,2,1
LBX118LA,0.23264,88,2,1
LBXD03LA,0.86784,88,2,1
LBXD05LA,0.13792,88,2,1
LBXD07LA,0.0696,88,2,1
LBXF03LA,0.21232,88,2,1
LBXF04LA,0.46016,88,2,1
LBXF05LA,0.12096,88,2,1
LBXF08LA,0.04784,88,2,1
LBX074LA,0.12336,89,4,1
LBX099LA,0.1008,89,4,1
LBX138LA,0.0968,89,4,1
LBX153LA,0.29104,89,4,1
LBX170LA,0.09408,89,4,1
LBX180LA,0.12992,89,4,1
LBX187LA,0.05824,89,4,1
LBX194LA,0.9752,89,4,1
LBXPCBLA,0.03008,89,4,1
LBXHXCLA,0.30304,89,4,1
LBX118LA,0.05968,89,4,1
LBXD03LA,0.0904,89,4,1
LBXD05LA,0.27424,89,4,1
LBXD07LA,0.61776,89,4,1
LBXF03LA,0.05104,89,4,1
LBXF04LA,0.10704,89,4,1
LBXF05LA,0.97392,89,4,1
LBXF08LA,0.08592,89,4,1
LBX074LA,0.04624,8,4,1
LBX099LA,0.07984,8,4,1
LBX138LA,0.0904,8,4,1
LBX153LA,0.4216,8,4,1
LBX170LA,0.34127999999999997,8,4,1
LBX180LA,0.20512,8,4,1
LBX187LA,0.2984,8,4,1
LBX194LA,0.22432,8,4,1
LBXPCBLA,0.9016,8,4,1
LBXHXCLA,0.09904,8,4,1
LBX118LA,0.62016,8,4,1
LBXD03LA,0.14752,8,4,1
LBXD05LA,0.10112,8,4,1
LBXD07LA,0.18096,8,4,1
LBXF03LA,0.02768,8,4,1
LBXF04LA,0.60544,8,4,1
LBXF05LA,0.06528,8,4,1
LBXF08LA,0.05296,8,4,1
LBX074LA,0.06848,90,3,1
LBX099LA,0.06784,90,3,1
LBX138LA,0.05936,90,3,1
LBX153LA,0.05824,90,3,1
LBX170LA,0.05488,90,3,1
LBX180LA,0.07424,90,3,1
LBX187LA,0.08928,90,3,1
LBX194LA,0.41664,90,3,1
LBXPCBLA,0.10656,90,3,1
LBXHXCLA,0.11728,90,3,1
LBX118LA,0.0824,90,3,1
LBXD03LA,0.84672,90,3,1
LBXD05LA,0.15392,90,3,1
LBXD07LA,0.12208,90,3,1
LBXF03LA,0.04592,90,3,1
LBXF04LA,0.59168,90,3,1
LBXF05LA,0.46752,90,3,1
LBXF08LA,0.03296,90,3,1
LBX074LA,0.98992,91,3,1
LBX099LA,0.26176,91,3,1
LBX138LA,0.19488,91,3,1
LBX153LA,0.12336,91,3,1
LBX170LA,0.20048,91,3,1
LBX180LA,0.1288,91,3,1
LBX187LA,0.1232,91,3,1
LBX194LA,0.13104,91,3,1
LBXPCBLA,0.09056,91,3,1
LBXHXCLA,0.20624,91,3,1
LBX118LA,0.16864,91,3,1
LBXD03LA,0.0744,91,3,1
LBXD05LA,0.24176,91,3,1
LBXD07LA,0.1752,91,3,1
LBXF03LA,0.13472,91,3,1
LBXF04LA,0.19568,91,3,1
LBXF05LA,0.92752,91,3,1
LBXF08LA,0.16672,91,3,1
LBX074LA,0.29296,92,1,1
LBX099LA,0.70544,92,1,1
LBX138LA,0.25104,92,1,1
LBX153LA,0.2816,92,1,1
LBX170LA,0.25456,92,1,1
LBX180LA,0.76864,92,1,1
LBX187LA,0.20608,92,1,1
LBX194LA,0.2464,92,1,1
LBXPCBLA,0.08704,92,1,1
LBXHXCLA,0.17184,92,1,1
LBX118LA,0.15952,92,1,1
LBXD03LA,0.17424,92,1,1
LBXD05LA,0.428,92,1,1
LBXD07LA,0.23408,92,1,1
LBXF03LA,0.27648,92,1,1
LBXF04LA,0.12144,92,1,1
LBXF05LA,0.11984,92,1,1
LBXF08LA,0.1496,92,1,1
LBX074LA,0.29632,93,4,1
LBX099LA,0.61168,93,4,1
LBX138LA,0.30496,93,4,1
LBX153LA,0.28,93,4,1
LBX170LA,0.10448,93,4,1
LBX180LA,0.58352,93,4,1
LBX187LA,0.1032,93,4,1
LBX194LA,0.4824,93,4,1
LBXPCBLA,0.66368,93,4,1
LBXHXCLA,0.0376,93,4,1
LBX118LA,0.2328,93,4,1
LBXD03LA,0.08032,93,4,1
LBXD05LA,0.11552,93,4,1
LBXD07LA,0.27408,93,4,1
LBXF03LA,0.0992,93,4,1
LBXF04LA,0.12512,93,4,1
LBXF05LA,0.06304,93,4,1
LBXF08LA,0.104,93,4,1
LBX074LA,0.06384,94,3,1
LBX099LA,0.04848,94,3,1
LBX138LA,0.0792,94,3,1
LBX153LA,0.0648,94,3,1
LBX170LA,0.09936,94,3,1
LBX180LA,0.14784,94,3,1
LBX187LA,0.20064,94,3,1
LBX194LA,0.89552,94,3,1
LBXPCBLA,0.08128,94,3,1
LBXHXCLA,0.05008,94,3,1
LBX118LA,0.08224,94,3,1
LBXD03LA,0.0672,94,3,1
LBXD05LA,0.52464,94,3,1
LBXD07LA,0.06272,94,3,1
LBXF03LA,0.0368,94,3,1
LBXF04LA,0.73568,94,3,1
LBXF05LA,0.10192,94,3,1
LBXF08LA,0.26816,94,3,1
LBX074LA,0.44736,95,2,1
LBX099LA,0.22368,95,2,1
LBX138LA,0.14576,95,2,1
LBX153LA,0.1872,95,2,1
LBX170LA,0.15824,95,2,1
LBX180LA,0.25808,95,2,1
LBX187LA,0.15776,95,2,1
LBX194LA,0.23744,95,2,1
LBXPCBLA,0.07104,95,2,1
LBXHXCLA,0.25904,95,2,1
LBX118LA,0.10464,95,2,1
LBXD03LA,0.10288,95,2,1
LBXD05LA,0.20176,95,2,1
LBXD07LA,0.08192,95,2,1
LBXF03LA,0.23216,95,2,1
LBXF04LA,0.93072,95,2,1
LBXF05LA,0.5368,95,2,1
LBXF08LA,0.07984,95,2,1
LBX074LA,0.10496,96,2,1
LBX099LA,0.08016,96,2,1
LBX138LA,0.07008,96,2,1
LBX153LA,0.06432,96,2,1
LBX170LA,0.13536,96,2,1
LBX180LA,0.13712,96,2,1
LBX187LA,0.30432,96,2,1
LBX194LA,0.17872,96,2,1
LBXPCBLA,0.03216,96,2,1
LBXHXCLA,0.14016,96,2,1
LBX118LA,0.45952,96,2,1
LBXD03LA,0.04464,96,2,1
LBXD05LA,0.21872,96,2,1
LBXD07LA,0.12448,96,2,1
LBXF03LA,0.92144,96,2,1
LBXF04LA,0.0528,96,2,1
LBXF05LA,0.09488,96,2,1
LBXF08LA,0.03216,96,2,1
LBX074LA,0.85312,97,3,1
LBX099LA,0.35936,97,3,1
LBX138LA,0.32192,97,3,1
LBX153LA,0.4072,97,3,1
LBX170LA,0.60288,97,3,1
LBX180LA,0.27264,97,3,1
LBX187LA,0.50608,97,3,1
LBX194LA,0.82208,97,3,1
LBXPCBLA,0.08224,97,3,1
LBXHXCLA,0.21024,97,3,1
LBX118LA,0.6632,97,3,1
LBXD03LA,0.15552,97,3,1
LBXD05LA,0.23824,97,3,1
LBXD07LA,0.09088,97,3,1
LBXF03LA,0.3112,97,3,1
LBXF04LA,0.964,97,3,1
LBXF05LA,0.1104,97,3,1
LBXF08LA,0.06224,97,3,1
LBX074LA,0.8952,98,3,1
LBX099LA,0.41392,98,3,1
LBX138LA,0.14928,98,3,1
LBX153LA,0.14672,98,3,1
LBX170LA,0.30896,98,3,1
LBX180LA,0.2472,98,3,1
LBX187LA,0.388,98,3,1
LBX194LA,0.97696,98,3,1
LBXPCBLA,0.33408,98,3,1
LBXHXCLA,0.1584,98,3,1
LBX118LA,0.5,98,3,1
LBXD03LA,0.58288,98,3,1
LBXD05LA,0.32672,98,3,1
LBXD07LA,0.5248,98,3,1
LBXF03LA,0.05312,98,3,1
LBXF04LA,0.17872,98,3,1
LBXF05LA,0.1032,98,3,1
LBXF08LA,0.1936,98,3,1
LBX074LA,0.12,99,3,1
LBX099LA,0.82608,99,3,1
LBX138LA,0.1112,99,3,1
LBX153LA,0.21232,99,3,1
LBX170LA,0.14464,99,3,1
LBX180LA,0.14032,99,3,1
LBX187LA,0.12704,99,3,1
LBX194LA,0.15696,99,3,1
LBXPCBLA,0.63712,99,3,1
LBXHXCLA,0.11584,99,3,1
LBX118LA,0.10944,99,3,1
LBXD03LA,0.54208,99,3,1
LBXD05LA,0.26528,99,3,1
LBXD07LA,0.73312,99,3,1
LBXF03LA,0.17056,99,3,1
LBXF04LA,0.49344,99,3,1
LBXF05LA,0.11568,99,3,1
LBXF08LA,0.07088,99,3,1
LBX074LA,0.30112,9,1,1
LBX099LA,0.2408,9,1,1
LBX138LA,0.1688,9,1,1
LBX153LA,0.24048,9,1,1
LBX170LA,0.16864,9,1,1
LBX180LA,0.1648,9,1,1
LBX187LA,0.28768,9,1,1
LBX194LA,0.11376,9,1,1
LBXPCBLA,0.08496,9,1,1
LBXHXCLA,0.11776,9,1,1
LBX118LA,0.22992,9,1,1
LBXD03LA,0.2512,9,1,1
LBXD05LA,0.3352,9,1,1
LBXD07LA,0.0912,9,1,1
LBXF03LA,0.07792,9,1,1
LBXF04LA,0.09552,9,1,1
LBXF05LA,0.12752,9,1,1
LBXF08LA,0.1048,9,1,1
LBX074LA,0.34192,101,2,2
LBX099LA,0.10528,101,2,2
LBX138LA,0.14624,101,2,2
LBX153LA,0.2592,101,2,2
LBX170LA,0.12576,101,2,2
LBX180LA,0.11856,101,2,2
LBX187LA,0.096,101,2,2
LBX194LA,0.1904,101,2,2
LBXPCBLA,0.06384,101,2,2
LBXHXCLA,0.82768,101,2,2
LBX118LA,0.1776,101,2,2
LBXD03LA,0.06992,101,2,2
LBXD05LA,0.80928,101,2,2
LBXD07LA,0.04944,101,2,2
LBXF03LA,0.05312,101,2,2
LBXF04LA,0.0616,101,2,2
LBXF05LA,0.03168,101,2,2
LBXF08LA,0.0968,101,2,2
LBX074LA,0.10656,102,4,2
LBX099LA,0.19312000000000001,102,4,2
LBX138LA,0.31536,102,4,2
LBX153LA,0.09568,102,4,2
LBX170LA,0.0536,102,4,2
LBX180LA,0.29904,102,4,2
LBX187LA,0.0616,102,4,2
LBX194LA,0.0744,102,4,2
LBXPCBLA,0.46816,102,4,2
LBXHXCLA,0.06864,102,4,2
LBX118LA,0.12592,102,4,2
LBXD03LA,0.05296,102,4,2
LBXD05LA,0.04464,102,4,2
LBXD07LA,0.036,102,4,2
LBXF03LA,0.42528,102,4,2
LBXF04LA,0.9344,102,4,2
LBXF05LA,0.20688,102,4,2
LBXF08LA,0.04448,102,4,2
LBX074LA,0.27792,103,1,2
LBX099LA,0.10624,103,1,2
LBX138LA,0.19904,103,1,2
LBX153LA,0.17392,103,1,2
LBX170LA,0.1536,103,1,2
LBX180LA,0.13824,103,1,2
LBX187LA,0.10896,103,1,2
LBX194LA,0.46544,103,1,2
LBXPCBLA,0.10752,103,1,2
LBXHXCLA,0.21168,103,1,2
LBX118LA,0.304,103,1,2
LBXD03LA,0.81392,103,1,2
LBXD05LA,0.10256,103,1,2
LBXD07LA,0.07872,103,1,2
LBXF03LA,0.10208,103,1,2
LBXF04LA,0.1464,103,1,2
LBXF05LA,0.19424,103,1,2
LBXF08LA,0.08992,103,1,2
LBX074LA,0.86688,104,3,2
LBX099LA,0.17488,104,3,2
LBX138LA,0.47696,104,3,2
LBX153LA,0.36656,104,3,2
LBX170LA,0.17232,104,3,2
LBX180LA,0.33072,104,3,2
LBX187LA,0.1088,104,3,2
LBX194LA,0.22608,104,3,2
LBXPCBLA,0.26784,104,3,2
LBXHXCLA,0.1584,104,3,2
LBX118LA,0.26256,104,3,2
LBXD03LA,0.50624,104,3,2
LBXD05LA,0.0792,104,3,2
LBXD07LA,0.0584,104,3,2
LBXF03LA,0.05488,104,3,2
LBXF04LA,0.2624,104,3,2
LBXF05LA,0.10176,104,3,2
LBXF08LA,0.09584,104,3,2
LBX074LA,0.1728,105,2,2
LBX099LA,0.0976,105,2,2
LBX138LA,0.06496,105,2,2
LBX153LA,0.10976,105,2,2
LBX170LA,0.25568,105,2,2
LBX180LA,0.1008,105,2,2
LBX187LA,0.1352,105,2,2
LBX194LA,0.0976,105,2,2
LBXPCBLA,0.22928,105,2,2
LBXHXCLA,0.116,105,2,2
LBX118LA,0.04784,105,2,2
LBXD03LA,0.05936,105,2,2
LBXD05LA,0.09904,105,2,2
LBXD07LA,0.05216,105,2,2
LBXF03LA,0.03904,105,2,2
LBXF04LA,0.4808,105,2,2
LBXF05LA,0.19456,105,2,2
LBXF08LA,0.13744,105,2,2
LBX074LA,0.16624,106,1,2
LBX099LA,0.15952,106,1,2
LBX138LA,0.16928,106,1,2
LBX153LA,0.15856,106,1,2
LBX170LA,0.16304,106,1,2
LBX180LA,0.18304,106,1,2
LBX187LA,0.31264,106,1,2
LBX194LA,0.1984,106,1,2
LBXPCBLA,0.10912,106,1,2
LBXHXCLA,0.1168,106,1,2
LBX118LA,0.41296,106,1,2
LBXD03LA,0.40064,106,1,2
LBXD05LA,0.60976,106,1,2
LBXD07LA,0.1336,106,1,2
LBXF03LA,0.11072,106,1,2
LBXF04LA,0.09104,106,1,2
LBXF05LA,0.08752,106,1,2
LBXF08LA,0.09664,106,1,2
LBX074LA,0.4048,107,3,2
LBX099LA,0.13536,107,3,2
LBX138LA,0.17792,107,3,2
LBX153LA,0.32592,107,3,2
LBX170LA,0.15344,107,3,2
LBX180LA,0.9208,107,3,2
LBX187LA,0.0976,107,3,2
LBX194LA,0.39088,107,3,2
LBXPCBLA,0.05472,107,3,2
LBXHXCLA,0.09744,107,3,2
LBX118LA,0.13536,107,3,2
LBXD03LA,0.51856,107,3,2
LBXD05LA,0.09088,107,3,2
LBXD07LA,0.1984,107,3,2
LBXF03LA,0.10112,107,3,2
LBXF04LA,0.22528,107,3,2
LBXF05LA,0.06368,107,3,2
LBXF08LA,0.1088,107,3,2
LBX074LA,0.29408,108,2,2
LBX099LA,0.3344,108,2,2
LBX138LA,0.18448,108,2,2
LBX153LA,0.18352,108,2,2
LBX170LA,0.12608,108,2,2
LBX180LA,0.196,108,2,2
LBX187LA,0.17872,108,2,2
LBX194LA,0.14016,108,2,2
LBXPCBLA,0.11344,108,2,2
LBXHXCLA,0.16672,108,2,2
LBX118LA,0.14896,108,2,2
LBXD03LA,0.20384,108,2,2
LBXD05LA,0.26432,108,2,2
LBXD07LA,0.60272,108,2,2
LBXF03LA,0.16688,108,2,2
LBXF04LA,0.80896,108,2,2
LBXF05LA,0.0912,108,2,2
LBXF08LA,0.18624,108,2,2
LBX074LA,0.07344,109,1,2
LBX099LA,0.12448,109,1,2
LBX138LA,0.1912,109,1,2
LBX153LA,0.49264,109,1,2
LBX170LA,0.256,109,1,2
LBX180LA,0.33968,109,1,2
LBX187LA,0.10592,109,1,2
LBX194LA,0.20832,109,1,2
LBXPCBLA,0.12848,109,1,2
LBXHXCLA,0.09872,109,1,2
LBX118LA,0.0848,109,1,2
LBXD03LA,0.28512,109,1,2
LBXD05LA,0.2792,109,1,2
LBXD07LA,0.1128,109,1,2
LBXF03LA,0.08096,109,1,2
LBXF04LA,0.1624,109,1,2
LBXF05LA,0.07776,109,1,2
LBXF08LA,0.06416,109,1,2
LBX074LA,0.26896,110,3,2
LBX099LA,0.18416,110,3,2
LBX138LA,0.35664,110,3,2
LBX153LA,0.34336,110,3,2
LBX170LA,0.14448,110,3,2
LBX180LA,0.31008,110,3,2
LBX187LA,0.24224,110,3,2
LBX194LA,0.75136,110,3,2
LBXPCBLA,0.3776,110,3,2
LBXHXCLA,0.64208,110,3,2
LBX118LA,0.40896,110,3,2
LBXD03LA,0.04848,110,3,2
LBXD05LA,0.04496,110,3,2
LBXD07LA,0.43104,110,3,2
LBXF03LA,0.1864,110,3,2
LBXF04LA,0.0456,110,3,2
LBXF05LA,0.06608,110,3,2
LBXF08LA,0.34544,110,3,2
LBX074LA,0.55584,111,1,2
LBX099LA,0.12432,111,1,2
LBX138LA,0.1368,111,1,2
LBX153LA,0.12352,111,1,2
LBX170LA,0.09552,111,1,2
LBX180LA,0.09008,111,1,2
LBX187LA,0.09184,111,1,2
LBX194LA,0.08144,111,1,2
LBXPCBLA,0.07264,111,1,2
LBXHXCLA,0.08128,111,1,2
LBX118LA,0.192,111,1,2
LBXD03LA,0.08144,111,1,2
LBXD05LA,0.05872,111,1,2
LBXD07LA,0.04384,111,1,2
LBXF03LA,0.06192,111,1,2
LBXF04LA,0.05728,111,1,2
LBXF05LA,0.05584,111,1,2
LBXF08LA,0.04816,111,1,2
LBX074LA,0.15568,112,4,2
LBX099LA,0.14496,112,4,2
LBX138LA,0.23312,112,4,2
LBX153LA,0.204,112,4,2
LBX170LA,0.1432,112,4,2
LBX180LA,0.54416,112,4,2
LBX187LA,0.3048,112,4,2
LBX194LA,0.49584,112,4,2
LBXPCBLA,0.85536,112,4,2
LBXHXCLA,0.17552,112,4,2
LBX118LA,0.24,112,4,2
LBXD03LA,0.09632,112,4,2
LBXD05LA,0.19792,112,4,2
LBXD07LA,0.07328,112,4,2
LBXF03LA,0.06384,112,4,2
LBXF04LA,0.82384,112,4,2
LBXF05LA,0.34704,112,4,2
LBXF08LA,0.25584,112,4,2
LBX074LA,0.15936,113,1,2
LBX099LA,0.1832,113,1,2
LBX138LA,0.29104,113,1,2
LBX153LA,0.40336,113,1,2
LBX170LA,0.2144,113,1,2
LBX180LA,0.18432,113,1,2
LBX187LA,0.28032,113,1,2
LBX194LA,0.14256,113,1,2
LBXPCBLA,0.13104,113,1,2
LBXHXCLA,0.11792,113,1,2
LBX118LA,0.54208,113,1,2
LBXD03LA,0.10704,113,1,2
LBXD05LA,0.6328,113,1,2
LBXD07LA,0.15776,113,1,2
LBXF03LA,0.10128,113,1,2
LBXF04LA,0.1936,113,1,2
LBXF05LA,0.1216,113,1,2
LBXF08LA,0.06688,113,1,2
LBX074LA,0.1072,114,3,2
LBX099LA,0.12064,114,3,2
LBX138LA,0.16944,114,3,2
LBX153LA,0.19744,114,3,2
LBX170LA,0.37888,114,3,2
LBX180LA,0.65952,114,3,2
LBX187LA,0.41488,114,3,2
LBX194LA,0.97472,114,3,2
LBXPCBLA,0.32752,114,3,2
LBXHXCLA,0.13216,114,3,2
LBX118LA,0.08016,114,3,2
LBXD03LA,0.2352,114,3,2
LBXD05LA,0.1648,114,3,2
LBXD07LA,0.23248,114,3,2
LBXF03LA,0.0848,114,3,2
LBXF04LA,0.27456,114,3,2
LBXF05LA,0.1824,114,3,2
LBXF08LA,0.63008,114,3,2
LBX074LA,0.9552,115,4,2
LBX099LA,0.27312,115,4,2
LBX138LA,0.13536,115,4,2
LBX153LA,0.12512,115,4,2
LBX170LA,0.10128,115,4,2
LBX180LA,0.16976,115,4,2
LBX187LA,0.0944,115,4,2
LBX194LA,0.05488,115,4,2
LBXPCBLA,0.3888,115,4,2
LBXHXCLA,0.51696,115,4,2
LBX118LA,0.38512,115,4,2
LBXD03LA,0.61792,115,4,2
LBXD05LA,0.16608,115,4,2
LBXD07LA,0.09536,115,4,2
LBXF03LA,0.94416,115,4,2
LBXF04LA,0.3712,115,4,2
LBXF05LA,0.30368,115,4,2
LBXF08LA,0.61744,115,4,2
LBX074LA,0.15312,116,1,2
LBX099LA,0.07616,116,1,2
LBX138LA,0.19536,116,1,2
LBX153LA,0.28512,116,1,2
LBX170LA,0.16096,116,1,2
LBX180LA,0.16688,116,1,2
LBX187LA,0.1576,116,1,2
LBX194LA,0.67552,116,1,2
LBXPCBLA,0.16352,116,1,2
LBXHXCLA,0.42128,116,1,2
LBX118LA,0.11056,116,1,2
LBXD03LA,0.20288,116,1,2
LBXD05LA,0.8576,116,1,2
LBXD07LA,0.33872,116,1,2
LBXF03LA,0.0664,116,1,2
LBXF04LA,0.07264,116,1,2
LBXF05LA,0.16512,116,1,2
LBXF08LA,0.05552,116,1,2
LBX074LA,0.40096,117,4,2
LBX099LA,0.15312,117,4,2
LBX138LA,0.05808,117,4,2
LBX153LA,0.112,117,4,2
LBX170LA,0.14208,117,4,2
LBX180LA,0.06208,117,4,2
LBX187LA,0.18016,117,4,2
LBX194LA,0.65856,117,4,2
LBXPCBLA,0.66176,117,4,2
LBXHXCLA,0.07648,117,4,2
LBX118LA,0.17072,117,4,2
LBXD03LA,0.3552,117,4,2
LBXD05LA,0.09344,117,4,2
LBXD07LA,0.04896,117,4,2
LBXF03LA,0.03648,117,4,2
LBXF04LA,0.29408,117,4,2
LBXF05LA,0.37648,117,4,2
LBXF08LA,0.07728,117,4,2
LBX074LA,0.19792,118,3,2
LBX099LA,0.09808,118,3,2
LBX138LA,0.17328,118,3,2
LBX153LA,0.08048,118,3,2
LBX170LA,0.08272,118,3,2
LBX180LA,0.07568,118,3,2
LBX187LA,0.25888,118,3,2
LBX194LA,0.58016,118,3,2
LBXPCBLA,0.25296,118,3,2
LBXHXCLA,0.05088,118,3,2
LBX118LA,0.0712,118,3,2
LBXD03LA,0.10112,118,3,2
LBXD05LA,0.1232,118,3,2
LBXD07LA,0.1824,118,3,2
LBXF03LA,0.03616,118,3,2
LBXF04LA,0.216,118,3,2
LBXF05LA,0.03616,118,3,2
LBXF08LA,0.08384,118,3,2
LBX074LA,0.57568,119,2,2
LBX099LA,0.21424,119,2,2
LBX138LA,0.12864,119,2,2
LBX153LA,0.10608,119,2,2
LBX170LA,0.10032,119,2,2
LBX180LA,0.08944,119,2,2
LBX187LA,0.10416,119,2,2
LBX194LA,0.17376,119,2,2
LBXPCBLA,0.30112,119,2,2
LBXHXCLA,0.09744,119,2,2
LBX118LA,0.39872,119,2,2
LBXD03LA,0.07152,119,2,2
LBXD05LA,0.04256,119,2,2
LBXD07LA,0.10736,119,2,2
LBXF03LA,0.19872,119,2,2
LBXF04LA,0.16992,119,2,2
LBXF05LA,0.05072,119,2,2
LBXF08LA,0.03952,119,2,2
LBX074LA,0.3792,120,3,2
LBX099LA,0.06944,120,3,2
LBX138LA,0.19136,120,3,2
LBX153LA,0.21184,120,3,2
LBX170LA,0.22112,120,3,2
LBX180LA,0.11184,120,3,2
LBX187LA,0.10192,120,3,2
LBX194LA,0.84224,120,3,2
LBXPCBLA,0.05616,120,3,2
LBXHXCLA,0.04944,120,3,2
LBX118LA,0.2304,120,3,2
LBXD03LA,0.17072,120,3,2
LBXD05LA,0.57904,120,3,2
LBXD07LA,0.56512,120,3,2
LBXF03LA,0.5848,120,3,2
LBXF04LA,0.11696,120,3,2
LBXF05LA,0.06992,120,3,2
LBXF08LA,0.04496,120,3,2
LBX074LA,0.9336,121,2,2
LBX099LA,0.15088,121,2,2
LBX138LA,0.26704,121,2,2
LBX153LA,0.4624,121,2,2
LBX170LA,0.16608,121,2,2
LBX180LA,0.1464,121,2,2
LBX187LA,0.14576,121,2,2
LBX194LA,0.24512,121,2,2
LBXPCBLA,0.04416,121,2,2
LBXHXCLA,0.5952,121,2,2
LBX118LA,0.14448,121,2,2
LBXD03LA,0.4048,121,2,2
LBXD05LA,0.02832,121,2,2
LBXD07LA,0.05744,121,2,2
LBXF03LA,0.09008,121,2,2
LBXF04LA,0.27056,121,2,2
LBXF05LA,0.08944,121,2,2
LBXF08LA,0.0288,121,2,2
LBX074LA,0.12976,122,1,2
LBX099LA,0.15792,122,1,2
LBX138LA,0.25968,122,1,2
LBX153LA,0.45872,122,1,2
LBX170LA,0.22592,122,1,2
LBX180LA,0.54656,122,1,2
LBX187LA,0.18752,122,1,2
LBX194LA,0.80784,122,1,2
LBXPCBLA,0.21888,122,1,2
LBXHXCLA,0.14544,122,1,2
LBX118LA,0.2536,122,1,2
LBXD03LA,0.1256,122,1,2
LBXD05LA,0.09824,122,1,2
LBXD07LA,0.08624,122,1,2
LBXF03LA,0.11344,122,1,2
LBXF04LA,0.08416,122,1,2
LBXF05LA,0.088,122,1,2
LBXF08LA,0.06784,122,1,2
LBX074LA,0.11488,123,4,2
LBX099LA,0.16336,123,4,2
LBX138LA,0.34208,123,4,2
LBX153LA,0.27408,123,4,2
LBX170LA,0.27728,123,4,2
LBX180LA,0.31952,123,4,2
LBX187LA,0.07504,123,4,2
LBX194LA,0.06656,123,4,2
LBXPCBLA,0.06128,123,4,2
LBXHXCLA,0.9128,123,4,2
LBX118LA,0.0896,123,4,2
LBXD03LA,0.084,123,4,2
LBXD05LA,0.2216,123,4,2
LBXD07LA,0.09744,123,4,2
LBXF03LA,0.84208,123,4,2
LBXF04LA,0.2024,123,4,2
LBXF05LA,0.3072,123,4,2
LBXF08LA,0.07184,123,4,2
LBX074LA,0.54464,124,3,2
LBX099LA,0.1712,124,3,2
LBX138LA,0.58096,124,3,2
LBX153LA,0.31616,124,3,2
LBX170LA,0.14448,124,3,2
LBX180LA,0.1808,124,3,2
LBX187LA,0.61824,124,3,2
LBX194LA,0.35776,124,3,2
LBXPCBLA,0.1632,124,3,2
LBXHXCLA,0.0792,124,3,2
LBX118LA,0.18448,124,3,2
LBXD03LA,0.07824,124,3,2
LBXD05LA,0.09712,124,3,2
LBXD07LA,0.04656,124,3,2
LBXF03LA,0.17936,124,3,2
LBXF04LA,0.33648,124,3,2
LBXF05LA,0.24976,124,3,2
LBXF08LA,0.04816,124,3,2
LBX074LA,0.39824,125,4,2
LBX099LA,0.15696,125,4,2
LBX138LA,0.5744,125,4,2
LBX153LA,0.3832,125,4,2
LBX170LA,0.0744,125,4,2
LBX180LA,0.2576,125,4,2
LBX187LA,0.06528,125,4,2
LBX194LA,0.04384,125,4,2
LBXPCBLA,0.07712,125,4,2
LBXHXCLA,0.06416,125,4,2
LBX118LA,0.38064,125,4,2
LBXD03LA,0.16384,125,4,2
LBXD05LA,0.61696,125,4,2
LBXD07LA,0.09904,125,4,2
LBXF03LA,0.06576,125,4,2
LBXF04LA,0.06752,125,4,2
LBXF05LA,0.02864,125,4,2
LBXF08LA,0.02272,125,4,2
LBX074LA,0.99184,126,1,2
LBX099LA,0.09664,126,1,2
LBX138LA,0.13664,126,1,2
LBX153LA,0.22592,126,1,2
LBX170LA,0.1008,126,1,2
LBX180LA,0.16928,126,1,2
LBX187LA,0.10112,126,1,2
LBX194LA,0.10048,126,1,2
LBXPCBLA,0.24976,126,1,2
LBXHXCLA,0.22304,126,1,2
LBX118LA,0.11856,126,1,2
LBXD03LA,0.15264,126,1,2
LBXD05LA,0.13856,126,1,2
LBXD07LA,0.10064,126,1,2
LBXF03LA,0.06768,126,1,2
LBXF04LA,0.5856,126,1,2
LBXF05LA,0.3016,126,1,2
LBXF08LA,0.08048,126,1,2
LBX074LA,0.04288,127,3,2
LBX099LA,0.04448,127,3,2
LBX138LA,0.06304,127,3,2
LBX153LA,0.12896,127,3,2
LBX170LA,0.91472,127,3,2
LBX180LA,0.35696,127,3,2
LBX187LA,0.09392,127,3,2
LBX194LA,0.17328,127,3,2
LBXPCBLA,0.10832,127,3,2
LBXHXCLA,0.0344,127,3,2
LBX118LA,0.05936,127,3,2
LBXD03LA,0.08016,127,3,2
LBXD05LA,0.05328,127,3,2
LBXD07LA,0.27824,127,3,2
LBXF03LA,0.02992,127,3,2
LBXF04LA,0.11056,127,3,2
LBXF05LA,0.0584,127,3,2
LBXF08LA,0.07088,127,3,2
LBX074LA,0.72544,128,1,2
LBX099LA,0.32528,128,1,2
LBX138LA,0.33696,128,1,2
LBX153LA,0.40128,128,1,2
LBX170LA,0.1832,128,1,2
LBX180LA,0.15216,128,1,2
LBX187LA,0.19808,128,1,2
LBX194LA,0.26752,128,1,2
LBXPCBLA,0.09984,128,1,2
LBXHXCLA,0.11536,128,1,2
LBX118LA,0.1928,128,1,2
LBXD03LA,0.10192,128,1,2
LBXD05LA,0.0904,128,1,2
LBXD07LA,0.08624,128,1,2
LBXF03LA,0.13424,128,1,2
LBXF04LA,0.07184,128,1,2
LBXF05LA,0.09296,128,1,2
LBXF08LA,0.06736,128,1,2
LBX074LA,0.72848,129,2,2
LBX099LA,0.1648,129,2,2
LBX138LA,0.25248,129,2,2
LBX153LA,0.32784,129,2,2
LBX170LA,0.24752,129,2,2
LBX180LA,0.12848,129,2,2
LBX187LA,0.09776,129,2,2
LBX194LA,0.22624,129,2,2
LBXPCBLA,0.32304,129,2,2
LBXHXCLA,0.13088,129,2,2
LBX118LA,0.3624,129,2,2
LBXD03LA,0.44624,129,2,2
LBXD05LA,0.18016,129,2,2
LBXD07LA,0.20656,129,2,2
LBXF03LA,0.08816,129,2,2
LBXF04LA,0.748,129,2,2
LBXF05LA,0.4568,129,2,2
LBXF08LA,0.08672,129,2,2
LBX074LA,0.0928,130,1,2
LBX099LA,0.0992,130,1,2
LBX138LA,0.12368,130,1,2
LBX153LA,0.13888,130,1,2
LBX170LA,0.14448,130,1,2
LBX180LA,0.12192,130,1,2
LBX187LA,0.93392,130,1,2
LBX194LA,0.12496,130,1,2
LBXPCBLA,0.22384,130,1,2
LBXHXCLA,0.14368,130,1,2
LBX118LA,0.10624,130,1,2
LBXD03LA,0.1296,130,1,2
LBXD05LA,0.31888,130,1,2
LBXD07LA,0.08416,130,1,2
LBXF03LA,0.10288,130,1,2
LBXF04LA,0.27568,130,1,2
LBXF05LA,0.11392,130,1,2
LBXF08LA,0.06736,130,1,2
LBX074LA,0.74208,131,4,2
LBX099LA,0.11776,131,4,2
LBX138LA,0.1192,131,4,2
LBX153LA,0.16528,131,4,2
LBX170LA,0.10832,131,4,2
LBX180LA,0.08096,131,4,2
LBX187LA,0.11632,131,4,2
LBX194LA,0.68368,131,4,2
LBXPCBLA,0.04608,131,4,2
LBXHXCLA,0.22896,131,4,2
LBX118LA,0.27808,131,4,2
LBXD03LA,0.0752,131,4,2
LBXD05LA,0.99072,131,4,2
LBXD07LA,0.05552,131,4,2
LBXF03LA,0.19824,131,4,2
LBXF04LA,0.4704,131,4,2
LBXF05LA,0.33184,131,4,2
LBXF08LA,0.07216,131,4,2
LBX074LA,0.10096,132,1,2
LBX099LA,0.07792,132,1,2
LBX138LA,0.1048,132,1,2
LBX153LA,0.12512,132,1,2
LBX170LA,0.13264,132,1,2
LBX180LA,0.10688,132,1,2
LBX187LA,0.1936,132,1,2
LBX194LA,0.42096,132,1,2
LBXPCBLA,0.77872,132,1,2
LBXHXCLA,0.08144,132,1,2
LBX118LA,0.16832,132,1,2
LBXD03LA,0.08448,132,1,2
LBXD05LA,0.16288,132,1,2
LBXD07LA,0.06672,132,1,2
LBXF03LA,0.09152,132,1,2
LBXF04LA,0.08752,132,1,2
LBXF05LA,0.0712,132,1,2
LBXF08LA,0.16384,132,1,2
LBX074LA,0.0936,133,2,2
LBX099LA,0.06752,133,2,2
LBX138LA,0.15424,133,2,2
LBX153LA,0.21168,133,2,2
LBX170LA,0.67936,133,2,2
LBX180LA,0.32768,133,2,2
LBX187LA,0.2304,133,2,2
LBX194LA,0.36512,133,2,2
LBXPCBLA,0.04992,133,2,2
LBXHXCLA,0.0552,133,2,2
LBX118LA,0.10416,133,2,2
LBXD03LA,0.07776,133,2,2
LBXD05LA,0.13792,133,2,2
LBXD07LA,0.07312,133,2,2
LBXF03LA,0.04576,133,2,2
LBXF04LA,0.32432,133,2,2
LBXF05LA,0.07808,133,2,2
LBXF08LA,0.41456,133,2,2
LBX074LA,0.98688,134,1,2
LBX099LA,0.08752,134,1,2
LBX138LA,0.11936,134,1,2
LBX153LA,0.15056,134,1,2
LBX170LA,0.1496,134,1,2
LBX180LA,0.13712,134,1,2
LBX187LA,0.17008,134,1,2
LBX194LA,0.19552,134,1,2
LBXPCBLA,0.08672,134,1,2
LBXHXCLA,0.1352,134,1,2
LBX118LA,0.21024,134,1,2
LBXD03LA,0.09552,134,1,2
LBXD05LA,0.85568,134,1,2
LBXD07LA,0.12992,134,1,2
LBXF03LA,0.13408,134,1,2
LBXF04LA,0.20496,134,1,2
LBXF05LA,0.18192,134,1,2
LBXF08LA,0.06464,134,1,2
LBX074LA,0.1368,135,2,2
LBX099LA,0.34976,135,2,2
LBX138LA,0.13824,135,2,2
LBX153LA,0.1296,135,2,2
LBX170LA,0.11232,135,2,2
LBX180LA,0.13568,135,2,2
LBX187LA,0.14176,135,2,2
LBX194LA,0.07088,135,2,2
LBXPCBLA,0.08704,135,2,2
LBXHXCLA,0.32672,135,2,2
LBX118LA,0.43248,135,2,2
LBXD03LA,0.29072,135,2,2
LBXD05LA,0.61856,135,2,2
LBXD07LA,0.13152,135,2,2
LBXF03LA,0.17984,135,2,2
LBXF04LA,0.53232,135,2,2
LBXF05LA,0.04976,135,2,2
LBXF08LA,0.08912,135,2,2
LBX074LA,0.0384,136,3,2
LBX099LA,0.04768,136,3,2
LBX138LA,0.02352,136,3,2
LBX153LA,0.06048,136,3,2
LBX170LA,0.31472,136,3,2
LBX180LA,0.14192,136,3,2
LBX187LA,0.27072,136,3,2
LBX194LA,0.5224,136,3,2
LBXPCBLA,0.03088,136,3,2
LBXHXCLA,0.06672,136,3,2
LBX118LA,0.02208,136,3,2
LBXD03LA,0.56496,136,3,2
LBXD05LA,0.90048,136,3,2
LBXD07LA,0.10032,136,3,2
LBXF03LA,0.03232,136,3,2
LBXF04LA,0.07008,136,3,2
LBXF05LA,0.03168,136,3,2
LBXF08LA,0.01984,136,3,2
LBX074LA,0.1296,137,4,2
LBX099LA,0.08608,137,4,2
LBX138LA,0.19168,137,4,2
LBX153LA,0.19888,137,4,2
LBX170LA,0.17856,137,4,2
LBX180LA,0.12272,137,4,2
LBX187LA,0.16576,137,4,2
LBX194LA,0.81664,137,4,2
LBXPCBLA,0.39136,137,4,2
LBXHXCLA,0.56304,137,4,2
LBX118LA,0.3072,137,4,2
LBXD03LA,0.3384,137,4,2
LBXD05LA,0.14896,137,4,2
LBXD07LA,0.17888,137,4,2
LBXF03LA,0.08112,137,4,2
LBXF04LA,0.82592,137,4,2
LBXF05LA,0.04352,137,4,2
LBXF08LA,0.03856,137,4,2
LBX074LA,0.22208,138,1,2
LBX099LA,0.19472,138,1,2
LBX138LA,0.22976,138,1,2
LBX153LA,0.2072,138,1,2
LBX170LA,0.15808,138,1,2
LBX180LA,0.26912,138,1,2
LBX187LA,0.14032,138,1,2
LBX194LA,0.16512,138,1,2
LBXPCBLA,0.79712,138,1,2
LBXHXCLA,0.09984,138,1,2
LBX118LA,0.12672,138,1,2
LBXD03LA,0.07216,138,1,2
LBXD05LA,0.12496,138,1,2
LBXD07LA,0.06,138,1,2
LBXF03LA,0.05696,138,1,2
LBXF04LA,0.0936,138,1,2
LBXF05LA,0.0752,138,1,2
LBXF08LA,0.06496,138,1,2
LBX074LA,0.08256,139,1,2
LBX099LA,0.13312,139,1,2
LBX138LA,0.1384,139,1,2
LBX153LA,0.1304,139,1,2
LBX170LA,0.1992,139,1,2
LBX180LA,0.19984,139,1,2
LBX187LA,0.10304,139,1,2
LBX194LA,0.13888,139,1,2
LBXPCBLA,0.0864,139,1,2
LBXHXCLA,0.25072,139,1,2
LBX118LA,0.07808,139,1,2
LBXD03LA,0.11296,139,1,2
LBXD05LA,0.52976,139,1,2
LBXD07LA,0.32304,139,1,2
LBXF03LA,0.16112,139,1,2
LBXF04LA,0.13184,139,1,2
LBXF05LA,0.10416,139,1,2
LBXF08LA,0.12272,139,1,2
LBX074LA,0.25152,140,4,2
LBX099LA,0.11552,140,4,2
LBX138LA,0.1416,140,4,2
LBX153LA,0.11696,140,4,2
LBX170LA,0.10672,140,4,2
LBX180LA,0.13936,140,4,2
LBX187LA,0.5624,140,4,2
LBX194LA,0.29424,140,4,2
LBXPCBLA,0.10416,140,4,2
LBXHXCLA,0.1832,140,4,2
LBX118LA,0.80912,140,4,2
LBXD03LA,0.0536,140,4,2
LBXD05LA,0.17104,140,4,2
LBXD07LA,0.07776,140,4,2
LBXF03LA,0.0864,140,4,2
LBXF04LA,0.52352,140,4,2
LBXF05LA,0.172,140,4,2
LBXF08LA,0.04352,140,4,2
LBX074LA,0.084,141,3,2
LBX099LA,0.0656,141,3,2
LBX138LA,0.14784,141,3,2
LBX153LA,0.11424,141,3,2
LBX170LA,0.06944,141,3,2
LBX180LA,0.11824,141,3,2
LBX187LA,0.0776,141,3,2
LBX194LA,0.06768,141,3,2
LBXPCBLA,0.92176,141,3,2
LBXHXCLA,0.1104,141,3,2
LBX118LA,0.07168,141,3,2
LBXD03LA,0.41744,141,3,2
LBXD05LA,0.04624,141,3,2
LBXD07LA,0.14256,141,3,2
LBXF03LA,0.10944,141,3,2
LBXF04LA,0.47376,141,3,2
LBXF05LA,0.07696,141,3,2
LBXF08LA,0.06928,141,3,2
LBX074LA,0.428,142,1,2
LBX099LA,0.18576,142,1,2
LBX138LA,0.1384,142,1,2
LBX153LA,0.14704,142,1,2
LBX170LA,0.1488,142,1,2
LBX180LA,0.1568,142,1,2
LBX187LA,0.12784,142,1,2
LBX194LA,0.93632,142,1,2
LBXPCBLA,0.0808,142,1,2
LBXHXCLA,0.13296,142,1,2
LBX118LA,0.14528,142,1,2
LBXD03LA,0.11152,142,1,2
LBXD05LA,0.34256,142,1,2
LBXD07LA,0.11952,142,1,2
LBXF03LA,0.11152,142,1,2
LBXF04LA,0.09648,142,1,2
LBXF05LA,0.44848,142,1,2
LBXF08LA,0.09776,142,1,2
LBX074LA,0.13472,143,1,2
LBX099LA,0.09008,143,1,2
LBX138LA,0.13312,143,1,2
LBX153LA,0.1576,143,1,2
LBX170LA,0.20144,143,1,2
LBX180LA,0.16512,143,1,2
LBX187LA,0.16304,143,1,2
LBX194LA,0.33232,143,1,2
LBXPCBLA,0.08096,143,1,2
LBXHXCLA,0.38032,143,1,2
LBX118LA,0.13952,143,1,2
LBXD03LA,0.8296,143,1,2
LBXD05LA,0.1664,143,1,2
LBXD07LA,0.1384,143,1,2
LBXF03LA,0.11296,143,1,2
LBXF04LA,0.09616,143,1,2
LBXF05LA,0.07728,143,1,2
LBXF08LA,0.05808,143,1,2
LBX074LA,0.32432,144,1,2
LBX099LA,0.13488,144,1,2
LBX138LA,0.12784,144,1,2
LBX153LA,0.15568,144,1,2
LBX170LA,0.11456,144,1,2
LBX180LA,0.1176,144,1,2
LBX187LA,0.09568,144,1,2
LBX194LA,0.09536,144,1,2
LBXPCBLA,0.24928,144,1,2
LBXHXCLA,0.11488,144,1,2
LBX118LA,0.1352,144,1,2
LBXD03LA,0.09952,144,1,2
LBXD05LA,0.11232,144,1,2
LBXD07LA,0.09616,144,1,2
LBXF03LA,0.33552,144,1,2
LBXF04LA,0.1728,144,1,2
LBXF05LA,0.2312,144,1,2
LBXF08LA,0.10496,144,1,2
LBX074LA,0.48736,145,3,2
LBX099LA,0.16368,145,3,2
LBX138LA,0.19184,145,3,2
LBX153LA,0.1448,145,3,2
LBX170LA,0.15968,145,3,2
LBX180LA,0.21392,145,3,2
LBX187LA,0.10944,145,3,2
LBX194LA,0.28464,145,3,2
LBXPCBLA,0.54112,145,3,2
LBXHXCLA,0.11312,145,3,2
LBX118LA,0.33648,145,3,2
LBXD03LA,0.09936,145,3,2
LBXD05LA,0.08272,145,3,2
LBXD07LA,0.06848,145,3,2
LBXF03LA,0.9408,145,3,2
LBXF04LA,0.33888,145,3,2
LBXF05LA,0.1536,145,3,2
LBXF08LA,0.09808,145,3,2
LBX074LA,0.15696,146,4,2
LBX099LA,0.04112,146,4,2
LBX138LA,0.08224,146,4,2
LBX153LA,0.09904,146,4,2
LBX170LA,0.30576,146,4,2
LBX180LA,0.18272,146,4,2
LBX187LA,0.35504,146,4,2
LBX194LA,0.3432,146,4,2
LBXPCBLA,0.06752,146,4,2
LBXHXCLA,0.17312,146,4,2
LBX118LA,0.33744,146,4,2
LBXD03LA,0.08912,146,4,2
LBXD05LA,0.03312,146,4,2
LBXD07LA,0.57888,146,4,2
LBXF03LA,0.03136,146,4,2
LBXF04LA,0.2608,146,4,2
LBXF05LA,0.09392,146,4,2
LBXF08LA,0.8048,146,4,2
LBX074LA,0.0608,147,3,2
LBX099LA,0.1824,147,3,2
LBX138LA,0.12224,147,3,2
LBX153LA,0.12896,147,3,2
LBX170LA,0.09872,147,3,2
LBX180LA,0.17152,147,3,2
LBX187LA,0.06416,147,3,2
LBX194LA,0.56416,147,3,2
LBXPCBLA,0.20784,147,3,2
LBXHXCLA,0.27296,147,3,2
LBX118LA,0.09952,147,3,2
LBXD03LA,0.11648,147,3,2
LBXD05LA,0.05008,147,3,2
LBXD07LA,0.07696,147,3,2
LBXF03LA,0.54304,147,3,2
LBXF04LA,0.8448,147,3,2
LBXF05LA,0.16432,147,3,2
LBXF08LA,0.37136,147,3,2
LBX074LA,0.13664,148,1,2
LBX099LA,0.20336,148,1,2
LBX138LA,0.14368,148,1,2
LBX153LA,0.14544,148,1,2
LBX170LA,0.1384,148,1,2
LBX180LA,0.15664,148,1,2
LBX187LA,0.14672,148,1,2
LBX194LA,0.12192,148,1,2
LBXPCBLA,0.1432,148,1,2
LBXHXCLA,0.15504,148,1,2
LBX118LA,0.76304,148,1,2
LBXD03LA,0.08768,148,1,2
LBXD05LA,0.12224,148,1,2
LBXD07LA,0.07504,148,1,2
LBXF03LA,0.07328,148,1,2
LBXF04LA,0.10672,148,1,2
LBXF05LA,0.10512,148,1,2
LBXF08LA,0.09712,148,1,2
LBX074LA,0.51408,149,4,2
LBX099LA,0.1312,149,4,2
LBX138LA,0.06672,149,4,2
LBX153LA,0.07632,149,4,2
LBX170LA,0.13664,149,4,2
LBX180LA,0.03728,149,4,2
LBX187LA,0.80848,149,4,2
LBX194LA,0.10208,149,4,2
LBXPCBLA,0.03712,149,4,2
LBXHXCLA,0.02736,149,4,2
LBX118LA,0.20096,149,4,2
LBXD03LA,0.05344,149,4,2
LBXD05LA,0.45856,149,4,2
LBXD07LA,0.2,149,4,2
LBXF03LA,0.7264,149,4,2
LBXF04LA,0.1832,149,4,2
LBXF05LA,0.09376,149,4,2
LBXF08LA,0.03504,149,4,2
LBX074LA,0.43616,150,3,2
LBX099LA,0.15344,150,3,2
LBX138LA,0.50576,150,3,2
LBX153LA,0.41328,150,3,2
LBX170LA,0.08672,150,3,2
LBX180LA,0.13456,150,3,2
LBX187LA,0.07232,150,3,2
LBX194LA,0.09472,150,3,2
LBXPCBLA,0.19584,150,3,2
LBXHXCLA,0.09008,150,3,2
LBX118LA,0.2928,150,3,2
LBXD03LA,0.0688,150,3,2
LBXD05LA,0.22736,150,3,2
LBXD07LA,0.40864,150,3,2
LBXF03LA,0.07984,150,3,2
LBXF04LA,0.94688,150,3,2
LBXF05LA,0.87088,150,3,2
LBXF08LA,0.20672,150,3,2
LBX074LA,0.33248,151,1,2
LBX099LA,0.17072,151,1,2
LBX138LA,0.14032,151,1,2
LBX153LA,0.16208,151,1,2
LBX170LA,0.20944,151,1,2
LBX180LA,0.15408,151,1,2
LBX187LA,0.15696,151,1,2
LBX194LA,0.11664,151,1,2
LBXPCBLA,0.24784,151,1,2
LBXHXCLA,0.10448,151,1,2
LBX118LA,0.37184,151,1,2
LBXD03LA,0.08352,151,1,2
LBXD05LA,0.11904000000000001,151,1,2
LBXD07LA,0.06672,151,1,2
LBXF03LA,0.06912,151,1,2
LBXF04LA,0.076,151,1,2
LBXF05LA,0.09584,151,1,2
LBXF08LA,0.09072,151,1,2
LBX074LA,0.32736,152,4,2
LBX099LA,0.22432,152,4,2
LBX138LA,0.55824,152,4,2
LBX153LA,0.46448,152,4,2
LBX170LA,0.13312,152,4,2
LBX180LA,0.1176,152,4,2
LBX187LA,0.70848,152,4,2
LBX194LA,0.08576,152,4,2
LBXPCBLA,0.0264,152,4,2
LBXHXCLA,0.05264,152,4,2
LBX118LA,0.20016,152,4,2
LBXD03LA,0.04736,152,4,2
LBXD05LA,0.84672,152,4,2
LBXD07LA,0.47728,152,4,2
LBXF03LA,0.03168,152,4,2
LBXF04LA,0.85424,152,4,2
LBXF05LA,0.1832,152,4,2
LBXF08LA,0.03568,152,4,2
LBX074LA,0.14112,153,1,2
LBX099LA,0.15248,153,1,2
LBX138LA,0.4256,153,1,2
LBX153LA,0.37952,153,1,2
LBX170LA,0.2008,153,1,2
LBX180LA,0.26736,153,1,2
LBX187LA,0.10864,153,1,2
LBX194LA,0.14208,153,1,2
LBXPCBLA,0.98336,153,1,2
LBXHXCLA,0.11008,153,1,2
LBX118LA,0.23488,153,1,2
LBXD03LA,0.156,153,1,2
LBXD05LA,0.7104,153,1,2
LBXD07LA,0.37568,153,1,2
LBXF03LA,0.0864,153,1,2
LBXF04LA,0.10128,153,1,2
LBXF05LA,0.10432,153,1,2
LBXF08LA,0.08816,153,1,2
LBX074LA,0.24032,154,1,2
LBX099LA,0.11376,154,1,2
LBX138LA,0.11584,154,1,2
LBX153LA,0.21008,154,1,2
LBX170LA,0.13632,154,1,2
LBX180LA,0.20784,154,1,2
LBX187LA,0.20928,154,1,2
LBX194LA,0.504,154,1,2
LBXPCBLA,0.9056,154,1,2
LBXHXCLA,0.1664,154,1,2
LBX118LA,0.13216,154,1,2
LBXD03LA,0.1832,154,1,2
LBXD05LA,0.07344,154,1,2
LBXD07LA,0.07232,154,1,2
LBXF03LA,0.07504,154,1,2
LBXF04LA,0.08608,154,1,2
LBXF05LA,0.18,154,1,2
LBXF08LA,0.15136,154,1,2
LBX074LA,0.09824,155,1,2
LBX099LA,0.11312,155,1,2
LBX138LA,0.33152,155,1,2
LBX153LA,0.34656,155,1,2
LBX170LA,0.27504,155,1,2
LBX180LA,0.17744,155,1,2
LBX187LA,0.3336,155,1,2
LBX194LA,0.10368,155,1,2
LBXPCBLA,0.07968,155,1,2
LBXHXCLA,0.13808,155,1,2
LBX118LA,0.34432,155,1,2
LBXD03LA,0.09024,155,1,2
LBXD05LA,0.09184,155,1,2
LBXD07LA,0.13376,155,1,2
LBXF03LA,0.08592,155,1,2
LBXF04LA,0.63568,155,1,2
LBXF05LA,0.1072,155,1,2
LBXF08LA,0.084,155,1,2
LBX074LA,0.168,156,2,2
LBX099LA,0.09568,156,2,2
LBX138LA,0.1792,156,2,2
LBX153LA,0.21344,156,2,2
LBX170LA,0.30176,156,2,2
LBX180LA,0.30432,156,2,2
LBX187LA,0.23696,156,2,2
LBX194LA,0.67808,156,2,2
LBXPCBLA,0.28032,156,2,2
LBXHXCLA,0.15072,156,2,2
LBX118LA,0.53296,156,2,2
LBXD03LA,0.19904,156,2,2
LBXD05LA,0.4936,156,2,2
LBXD07LA,0.22848,156,2,2
LBXF03LA,0.07776,156,2,2
LBXF04LA,0.47328,156,2,2
LBXF05LA,0.71744,156,2,2
LBXF08LA,0.0872,156,2,2
LBX074LA,0.10576,157,4,2
LBX099LA,0.06896,157,4,2
LBX138LA,0.33312,157,4,2
LBX153LA,0.3808,157,4,2
LBX170LA,0.17264,157,4,2
LBX180LA,0.21888,157,4,2
LBX187LA,0.28896,157,4,2
LBX194LA,0.17632,157,4,2
LBXPCBLA,0.98768,157,4,2
LBXHXCLA,0.12176,157,4,2
LBX118LA,0.09088,157,4,2
LBXD03LA,0.06576,157,4,2
LBXD05LA,0.95104,157,4,2
LBXD07LA,0.48064,157,4,2
LBXF03LA,0.78112,157,4,2
LBXF04LA,0.10272,157,4,2
LBXF05LA,0.09264,157,4,2
LBXF08LA,0.59936,157,4,2
LBX074LA,0.17024,158,4,2
LBX099LA,0.04944,158,4,2
LBX138LA,0.35552,158,4,2
LBX153LA,0.27472,158,4,2
LBX170LA,0.30928,158,4,2
LBX180LA,0.26512,158,4,2
LBX187LA,0.21952,158,4,2
LBX194LA,0.45888,158,4,2
LBXPCBLA,0.08112,158,4,2
LBXHXCLA,0.24144,158,4,2
LBX118LA,0.62768,158,4,2
LBXD03LA,0.19776,158,4,2
LBXD05LA,0.864,158,4,2
LBXD07LA,0.71648,158,4,2
LBXF03LA,0.0952,158,4,2
LBXF04LA,0.26192,158,4,2
LBXF05LA,0.19248,158,4,2
LBXF08LA,0.38608,158,4,2
LBX074LA,0.13584,159,3,2
LBX099LA,0.19856,159,3,2
LBX138LA,0.65136,159,3,2
LBX153LA,0.1696,159,3,2
LBX170LA,0.15168,159,3,2
LBX180LA,0.12576,159,3,2
LBX187LA,0.07136,159,3,2
LBX194LA,0.07696,159,3,2
LBXPCBLA,0.06704,159,3,2
LBXHXCLA,0.16736,159,3,2
LBX118LA,0.26448,159,3,2
LBXD03LA,0.30624,159,3,2
LBXD05LA,0.92576,159,3,2
LBXD07LA,0.24624,159,3,2
LBXF03LA,0.03968,159,3,2
LBXF04LA,0.29936,159,3,2
LBXF05LA,0.28432,159,3,2
LBXF08LA,0.08928,159,3,2
LBX074LA,0.25392,160,2,2
LBX099LA,0.06672,160,2,2
LBX138LA,0.0864,160,2,2
LBX153LA,0.08368,160,2,2
LBX170LA,0.11376,160,2,2
LBX180LA,0.15904,160,2,2
LBX187LA,0.05392,160,2,2
LBX194LA,0.15648,160,2,2
LBXPCBLA,0.09152,160,2,2
LBXHXCLA,0.05792,160,2,2
LBX118LA,0.29312,160,2,2
LBXD03LA,0.088,160,2,2
LBXD05LA,0.4048,160,2,2
LBXD07LA,0.40304,160,2,2
LBXF03LA,0.0648,160,2,2
LBXF04LA,0.99712,160,2,2
LBXF05LA,0.06704,160,2,2
LBXF08LA,0.09072,160,2,2
LBX074LA,0.86784,161,3,2
LBX099LA,0.17472,161,3,2
LBX138LA,0.1976,161,3,2
LBX153LA,0.20624,161,3,2
LBX170LA,0.21616,161,3,2
LBX180LA,0.284,161,3,2
LBX187LA,0.19392,161,3,2
LBX194LA,0.17856,161,3,2
LBXPCBLA,0.0968,161,3,2
LBXHXCLA,0.05984,161,3,2
LBX118LA,0.1176,161,3,2
LBXD03LA,0.1096,161,3,2
LBXD05LA,0.15824,161,3,2
LBXD07LA,0.37856,161,3,2
LBXF03LA,0.70608,161,3,2
LBXF04LA,0.41424,161,3,2
LBXF05LA,0.19216,161,3,2
LBXF08LA,0.11808,161,3,2
LBX074LA,0.0936,162,3,2
LBX099LA,0.15184,162,3,2
LBX138LA,0.47072,162,3,2
LBX153LA,0.31696,162,3,2
LBX170LA,0.272,162,3,2
LBX180LA,0.22416,162,3,2
LBX187LA,0.20224,162,3,2
LBX194LA,0.17104,162,3,2
LBXPCBLA,0.25488,162,3,2
LBXHXCLA,0.38656,162,3,2
LBX118LA,0.75408,162,3,2
LBXD03LA,0.17824,162,3,2
LBXD05LA,0.13568,162,3,2
LBXD07LA,0.06432,162,3,2
LBXF03LA,0.07616,162,3,2
LBXF04LA,0.91616,162,3,2
LBXF05LA,0.16112,162,3,2
LBXF08LA,0.1312,162,3,2
LBX074LA,0.0096,163,4,2
LBX099LA,0.02176,163,4,2
LBX138LA,0.13104,163,4,2
LBX153LA,0.95008,163,4,2
LBX170LA,0.0256,163,4,2
LBX180LA,0.86848,163,4,2
LBX187LA,0.02512,163,4,2
LBX194LA,0.04928,163,4,2
LBXPCBLA,0.17232,163,4,2
LBXHXCLA,0.0792,163,4,2
LBX118LA,0.00912,163,4,2
LBXD03LA,0.0152,163,4,2
LBXD05LA,0.54928,163,4,2
LBXD07LA,0.54576,163,4,2
LBXF03LA,0.00704,163,4,2
LBXF04LA,0.01184,163,4,2
LBXF05LA,0.01104,163,4,2
LBXF08LA,0.044,163,4,2
LBX074LA,0.05712,164,1,2
LBX099LA,0.07952,164,1,2
LBX138LA,0.09776,164,1,2
LBX153LA,0.10464,164,1,2
LBX170LA,0.14128,164,1,2
LBX180LA,0.14016,164,1,2
LBX187LA,0.1744,164,1,2
LBX194LA,0.472,164,1,2
LBXPCBLA,0.99648,164,1,2
LBXHXCLA,0.07232,164,1,2
LBX118LA,0.07824,164,1,2
LBXD03LA,0.13072,164,1,2
LBXD05LA,0.48192,164,1,2
LBXD07LA,0.09776,164,1,2
LBXF03LA,0.05216,164,1,2
LBXF04LA,0.07584,164,1,2
LBXF05LA,0.05088,164,1,2
LBXF08LA,0.0464,164,1,2
LBX074LA,0.72784,165,1,2
LBX099LA,0.1936,165,1,2
LBX138LA,0.10912,165,1,2
LBX153LA,0.13936,165,1,2
LBX170LA,0.09456,165,1,2
LBX180LA,0.1256,165,1,2
LBX187LA,0.12016,165,1,2
LBX194LA,0.09408,165,1,2
LBXPCBLA,0.08336,165,1,2
LBXHXCLA,0.07248,165,1,2
LBX118LA,0.10976,165,1,2
LBXD03LA,0.22352,165,1,2
LBXD05LA,0.12768,165,1,2
LBXD07LA,0.04688,165,1,2
LBXF03LA,0.11008,165,1,2
LBXF04LA,0.15216,165,1,2
LBXF05LA,0.0632,165,1,2
LBXF08LA,0.09808,165,1,2
LBX074LA,0.11168,166,1,2
LBX099LA,0.0856,166,1,2
LBX138LA,0.17744,166,1,2
LBX153LA,0.20832,166,1,2
LBX170LA,0.212,166,1,2
LBX180LA,0.50816,166,1,2
LBX187LA,0.1128,166,1,2
LBX194LA,0.29648,166,1,2
LBXPCBLA,0.10528,166,1,2
LBXHXCLA,0.076,166,1,2
LBX118LA,0.09616,166,1,2
LBXD03LA,0.10912,166,1,2
LBXD05LA,0.25712,166,1,2
LBXD07LA,0.59312,166,1,2
LBXF03LA,0.07696,166,1,2
LBXF04LA,0.33408,166,1,2
LBXF05LA,0.06672,166,1,2
LBXF08LA,0.3968,166,1,2
LBX074LA,0.12512,167,1,2
LBX099LA,0.10256,167,1,2
LBX138LA,0.11744,167,1,2
LBX153LA,0.1464,167,1,2
LBX170LA,0.19136,167,1,2
LBX180LA,0.13584,167,1,2
LBX187LA,0.28096,167,1,2
LBX194LA,0.71136,167,1,2
LBXPCBLA,0.1424,167,1,2
LBXHXCLA,0.19632,167,1,2
LBX118LA,0.14928,167,1,2
LBXD03LA,0.28128,167,1,2
LBXD05LA,0.19232,167,1,2
LBXD07LA,0.0904,167,1,2
LBXF03LA,0.07328,167,1,2
LBXF04LA,0.09328,167,1,2
LBXF05LA,0.09824,167,1,2
LBXF08LA,0.0944,167,1,2
LBX074LA,0.22608,168,1,2
LBX099LA,0.15968,168,1,2
LBX138LA,0.14688,168,1,2
LBX153LA,0.24176,168,1,2
LBX170LA,0.71168,168,1,2
LBX180LA,0.35824,168,1,2
LBX187LA,0.18144,168,1,2
LBX194LA,0.32192,168,1,2
LBXPCBLA,0.30272,168,1,2
LBXHXCLA,0.13296,168,1,2
LBX118LA,0.66064,168,1,2
LBXD03LA,0.10688,168,1,2
LBXD05LA,0.60848,168,1,2
LBXD07LA,0.66112,168,1,2
LBXF03LA,0.90416,168,1,2
LBXF04LA,0.57648,168,1,2
LBXF05LA,0.1368,168,1,2
LBXF08LA,0.22256,168,1,2
LBX074LA,0.11216,169,2,2
LBX099LA,0.1504,169,2,2
LBX138LA,0.248,169,2,2
LBX153LA,0.17472,169,2,2
LBX170LA,0.37424,169,2,2
LBX180LA,0.27424,169,2,2
LBX187LA,0.27168,169,2,2
LBX194LA,0.59824,169,2,2
LBXPCBLA,0.25808,169,2,2
LBXHXCLA,0.31808,169,2,2
LBX118LA,0.29728,169,2,2
LBXD03LA,0.4664,169,2,2
LBXD05LA,0.16512,169,2,2
LBXD07LA,0.15488,169,2,2
LBXF03LA,0.0808,169,2,2
LBXF04LA,0.99936,169,2,2
LBXF05LA,0.7304,169,2,2
LBXF08LA,0.0696,169,2,2
LBX074LA,0.16096,170,2,2
LBX099LA,0.48144,170,2,2
LBX138LA,0.18208,170,2,2
LBX153LA,0.2744,170,2,2
LBX170LA,0.27264,170,2,2
LBX180LA,0.39552,170,2,2
LBX187LA,0.1608,170,2,2
LBX194LA,0.73616,170,2,2
LBXPCBLA,0.06448,170,2,2
LBXHXCLA,0.10992,170,2,2
LBX118LA,0.41168,170,2,2
LBXD03LA,0.15328,170,2,2
LBXD05LA,0.13152,170,2,2
LBXD07LA,0.08208,170,2,2
LBXF03LA,0.09024,170,2,2
LBXF04LA,0.98496,170,2,2
LBXF05LA,0.09696,170,2,2
LBXF08LA,0.05856,170,2,2
LBX074LA,0.19328,171,3,2
LBX099LA,0.1288,171,3,2
LBX138LA,0.1656,171,3,2
LBX153LA,0.37776,171,3,2
LBX170LA,0.21184,171,3,2
LBX180LA,0.168,171,3,2
LBX187LA,0.9128,171,3,2
LBX194LA,0.53856,171,3,2
LBXPCBLA,0.07152,171,3,2
LBXHXCLA,0.52672,171,3,2
LBX118LA,0.14288,171,3,2
LBXD03LA,0.22176,171,3,2
LBXD05LA,0.72992,171,3,2
LBXD07LA,0.25936,171,3,2
LBXF03LA,0.38064,171,3,2
LBXF04LA,0.21136,171,3,2
LBXF05LA,0.52176,171,3,2
LBXF08LA,0.23632,171,3,2
LBX074LA,0.10784,172,1,2
LBX099LA,0.10432,172,1,2
LBX138LA,0.14272,172,1,2
LBX153LA,0.172,172,1,2
LBX170LA,0.19376,172,1,2
LBX180LA,0.16256,172,1,2
LBX187LA,0.36176,172,1,2
LBX194LA,0.19424,172,1,2
LBXPCBLA,0.45216,172,1,2
LBXHXCLA,0.27296,172,1,2
LBX118LA,0.14,172,1,2
LBXD03LA,0.09104,172,1,2
LBXD05LA,0.45712,172,1,2
LBXD07LA,0.5488,172,1,2
LBXF03LA,0.1944,172,1,2
LBXF04LA,0.08624,172,1,2
LBXF05LA,0.09056,172,1,2
LBXF08LA,0.07504,172,1,2
LBX074LA,0.06768,173,3,2
LBX099LA,0.11248,173,3,2
LBX138LA,0.1696,173,3,2
LBX153LA,0.25968,173,3,2
LBX170LA,0.11696,173,3,2
LBX180LA,0.1216,173,3,2
LBX187LA,0.144,173,3,2
LBX194LA,0.40608,173,3,2
LBXPCBLA,0.12208,173,3,2
LBXHXCLA,0.14048,173,3,2
LBX118LA,0.11488,173,3,2
LBXD03LA,0.76464,173,3,2
LBXD05LA,0.29296,173,3,2
LBXD07LA,0.07888,173,3,2
LBXF03LA,0.24256,173,3,2
LBXF04LA,0.36864,173,3,2
LBXF05LA,0.51824,173,3,2
LBXF08LA,0.7864,173,3,2
LBX074LA,0.4904,174,2,2
LBX099LA,0.31536,174,2,2
LBX138LA,0.58528,174,2,2
LBX153LA,0.54528,174,2,2
LBX170LA,0.332,174,2,2
LBX180LA,0.31936,174,2,2
LBX187LA,0.24928,174,2,2
LBX194LA,0.5048,174,2,2
LBXPCBLA,0.21392,174,2,2
LBXHXCLA,0.17616,174,2,2
LBX118LA,0.22704,174,2,2
LBXD03LA,0.09584,174,2,2
LBXD05LA,0.50128,174,2,2
LBXD07LA,0.1472,174,2,2
LBXF03LA,0.06496,174,2,2
LBXF04LA,0.28512,174,2,2
LBXF05LA,0.06336,174,2,2
LBXF08LA,0.06,174,2,2
LBX074LA,0.86112,175,4,2
LBX099LA,0.46768,175,4,2
LBX138LA,0.14128,175,4,2
LBX153LA,0.21568,175,4,2
LBX170LA,0.27392,175,4,2
LBX180LA,0.39504,175,4,2
LBX187LA,0.82384,175,4,2
LBX194LA,0.28752,175,4,2
LBXPCBLA,0.4248,175,4,2
LBXHXCLA,0.22912,175,4,2
LBX118LA,0.13808,175,4,2
LBXD03LA,0.25104,175,4,2
LBXD05LA,0.15536,175,4,2
LBXD07LA,0.19904,175,4,2
LBXF03LA,0.81184,175,4,2
LBXF04LA,0.60752,175,4,2
LBXF05LA,0.07488,175,4,2
LBXF08LA,0.05856,175,4,2
LBX074LA,0.11312,176,4,2
LBX099LA,0.40592,176,4,2
LBX138LA,0.07008,176,4,2
LBX153LA,0.10448,176,4,2
LBX170LA,0.06368,176,4,2
LBX180LA,0.07792,176,4,2
LBX187LA,0.14352,176,4,2
LBX194LA,0.94304,176,4,2
LBXPCBLA,0.08848,176,4,2
LBXHXCLA,0.1104,176,4,2
LBX118LA,0.06992,176,4,2
LBXD03LA,0.29296,176,4,2
LBXD05LA,0.0616,176,4,2
LBXD07LA,0.03136,176,4,2
LBXF03LA,0.11152,176,4,2
LBXF04LA,0.75296,176,4,2
LBXF05LA,0.25568,176,4,2
LBXF08LA,0.08848,176,4,2
LBX074LA,0.1064,177,1,2
LBX099LA,0.09408,177,1,2
LBX138LA,0.14112,177,1,2
LBX153LA,0.28528,177,1,2
LBX170LA,0.16256,177,1,2
LBX180LA,0.1456,177,1,2
LBX187LA,0.4216,177,1,2
LBX194LA,0.43776,177,1,2
LBXPCBLA,0.0936,177,1,2
LBXHXCLA,0.12208,177,1,2
LBX118LA,0.16192,177,1,2
LBXD03LA,0.11072,177,1,2
LBXD05LA,0.63168,177,1,2
LBXD07LA,0.17328,177,1,2
LBXF03LA,0.09536,177,1,2
LBXF04LA,0.0992,177,1,2
LBXF05LA,0.15248,177,1,2
LBXF08LA,0.06448,177,1,2
LBX074LA,0.16768,178,4,2
LBX099LA,0.06544,178,4,2
LBX138LA,0.05984,178,4,2
LBX153LA,0.12416,178,4,2
LBX170LA,0.79136,178,4,2
LBX180LA,0.2656,178,4,2
LBX187LA,0.08128,178,4,2
LBX194LA,0.13424,178,4,2
LBXPCBLA,0.0392,178,4,2
LBXHXCLA,0.04112,178,4,2
LBX118LA,0.04816,178,4,2
LBXD03LA,0.07392,178,4,2
LBXD05LA,0.35744,178,4,2
LBXD07LA,0.2272,178,4,2
LBXF03LA,0.0176,178,4,2
LBXF04LA,0.11504,178,4,2
LBXF05LA,0.0488,178,4,2
LBXF08LA,0.10976,178,4,2
LBX074LA,0.15104,179,1,2
LBX099LA,0.1864,179,1,2
LBX138LA,0.1424,179,1,2
LBX153LA,0.17072,179,1,2
LBX170LA,0.1632,179,1,2
LBX180LA,0.1832,179,1,2
LBX187LA,0.1504,179,1,2
LBX194LA,0.3032,179,1,2
LBXPCBLA,0.08992,179,1,2
LBXHXCLA,0.1488,179,1,2
LBX118LA,0.12944,179,1,2
LBXD03LA,0.78656,179,1,2
LBXD05LA,0.21792,179,1,2
LBXD07LA,0.13872,179,1,2
LBXF03LA,0.10416,179,1,2
LBXF04LA,0.0976,179,1,2
LBXF05LA,0.0832,179,1,2
LBXF08LA,0.16656,179,1,2
LBX074LA,0.2752,180,1,2
LBX099LA,0.11344,180,1,2
LBX138LA,0.23856,180,1,2
LBX153LA,0.13904,180,1,2
LBX170LA,0.15712,180,1,2
LBX180LA,0.11808,180,1,2
LBX187LA,0.10608,180,1,2
LBX194LA,0.52608,180,1,2
LBXPCBLA,0.05632,180,1,2
LBXHXCLA,0.096,180,1,2
LBX118LA,0.07072,180,1,2
LBXD03LA,0.08608,180,1,2
LBXD05LA,0.21136,180,1,2
LBXD07LA,0.2296,180,1,2
LBXF03LA,0.07184,180,1,2
LBXF04LA,0.07488,180,1,2
LBXF05LA,0.07168,180,1,2
LBXF08LA,0.05376,180,1,2
LBX074LA,0.45296,181,3,2
LBX099LA,0.21248,181,3,2
LBX138LA,0.40816,181,3,2
LBX153LA,0.36384,181,3,2
LBX170LA,0.80752,181,3,2
LBX180LA,0.46496,181,3,2
LBX187LA,0.28656,181,3,2
LBX194LA,0.90896,181,3,2
LBXPCBLA,0.19776,181,3,2
LBXHXCLA,0.2864,181,3,2
LBX118LA,0.40192,181,3,2
LBXD03LA,0.18368,181,3,2
LBXD05LA,0.91392,181,3,2
LBXD07LA,0.13632,181,3,2
LBXF03LA,0.16112,181,3,2
LBXF04LA,0.26896,181,3,2
LBXF05LA,0.1832,181,3,2
LBXF08LA,0.43344,181,3,2
LBX074LA,0.11296,182,1,2
LBX099LA,0.256,182,1,2
LBX138LA,0.104,182,1,2
LBX153LA,0.10944,182,1,2
LBX170LA,0.08928,182,1,2
LBX180LA,0.09696,182,1,2
LBX187LA,0.0936,182,1,2
LBX194LA,0.08624,182,1,2
LBXPCBLA,0.07632,182,1,2
LBXHXCLA,0.0744,182,1,2
LBX118LA,0.84688,182,1,2
LBXD03LA,0.10688,182,1,2
LBXD05LA,0.13824,182,1,2
LBXD07LA,0.19152,182,1,2
LBXF03LA,0.06592,182,1,2
LBXF04LA,0.088,182,1,2
LBXF05LA,0.05728,182,1,2
LBXF08LA,0.07472,182,1,2
LBX074LA,0.14992,183,2,2
LBX099LA,0.7616,183,2,2
LBX138LA,0.1176,183,2,2
LBX153LA,0.14896,183,2,2
LBX170LA,0.14368,183,2,2
LBX180LA,0.25728,183,2,2
LBX187LA,0.25072,183,2,2
LBX194LA,0.20208,183,2,2
LBXPCBLA,0.1696,183,2,2
LBXHXCLA,0.39168,183,2,2
LBX118LA,0.1248,183,2,2
LBXD03LA,0.08864,183,2,2
LBXD05LA,0.1328,183,2,2
LBXD07LA,0.41872,183,2,2
LBXF03LA,0.05168,183,2,2
LBXF04LA,0.10992,183,2,2
LBXF05LA,0.3328,183,2,2
LBXF08LA,0.18192,183,2,2
LBX074LA,0.1648,184,2,2
LBX099LA,0.18432,184,2,2
LBX138LA,0.11296,184,2,2
LBX153LA,0.09408,184,2,2
LBX170LA,0.2288,184,2,2
LBX180LA,0.20688,184,2,2
LBX187LA,0.22816,184,2,2
LBX194LA,0.18192,184,2,2
LBXPCBLA,0.07952,184,2,2
LBXHXCLA,0.08192,184,2,2
LBX118LA,0.29808,184,2,2
LBXD03LA,0.19824,184,2,2
LBXD05LA,0.30512,184,2,2
LBXD07LA,0.05632,184,2,2
LBXF03LA,0.07232,184,2,2
LBXF04LA,0.84544,184,2,2
LBXF05LA,0.12496,184,2,2
LBXF08LA,0.13616,184,2,2
LBX074LA,0.29904,185,2,2
LBX099LA,0.12656,185,2,2
LBX138LA,0.43616,185,2,2
LBX153LA,0.4864,185,2,2
LBX170LA,0.30352,185,2,2
LBX180LA,0.27664,185,2,2
LBX187LA,0.45312,185,2,2
LBX194LA,0.4256,185,2,2
LBXPCBLA,0.68208,185,2,2
LBXHXCLA,0.16016,185,2,2
LBX118LA,0.31808,185,2,2
LBXD03LA,0.40816,185,2,2
LBXD05LA,0.11824,185,2,2
LBXD07LA,0.17488,185,2,2
LBXF03LA,0.07504,185,2,2
LBXF04LA,0.6216,185,2,2
LBXF05LA,0.11808,185,2,2
LBXF08LA,0.06688,185,2,2
LBX074LA,0.39344,186,3,2
LBX099LA,0.25216,186,3,2
LBX138LA,0.17712,186,3,2
LBX153LA,0.13296,186,3,2
LBX170LA,0.136,186,3,2
LBX180LA,0.1312,186,3,2
LBX187LA,0.42912,186,3,2
LBX194LA,0.91008,186,3,2
LBXPCBLA,0.07856,186,3,2
LBXHXCLA,0.10592,186,3,2
LBX118LA,0.28432,186,3,2
LBXD03LA,0.18976,186,3,2
LBXD05LA,0.14912,186,3,2
LBXD07LA,0.07968,186,3,2
LBXF03LA,0.30416,186,3,2
LBXF04LA,0.15872,186,3,2
LBXF05LA,0.10176,186,3,2
LBXF08LA,0.20704,186,3,2
LBX074LA,0.08336,187,2,2
LBX099LA,0.0992,187,2,2
LBX138LA,0.18816,187,2,2
LBX153LA,0.18112,187,2,2
LBX170LA,0.69632,187,2,2
LBX180LA,0.23744,187,2,2
LBX187LA,0.12576,187,2,2
LBX194LA,0.29264,187,2,2
LBXPCBLA,0.23104,187,2,2
LBXHXCLA,0.088,187,2,2
LBX118LA,0.1024,187,2,2
LBXD03LA,0.11296,187,2,2
LBXD05LA,0.80256,187,2,2
LBXD07LA,0.20832,187,2,2
LBXF03LA,0.06864,187,2,2
LBXF04LA,0.82208,187,2,2
LBXF05LA,0.25056,187,2,2
LBXF08LA,0.05344,187,2,2
LBX074LA,0.21792,188,4,2
LBX099LA,0.5304,188,4,2
LBX138LA,0.11952,188,4,2
LBX153LA,0.16608,188,4,2
LBX170LA,0.12176,188,4,2
LBX180LA,0.2208,188,4,2
LBX187LA,0.18336,188,4,2
LBX194LA,0.99472,188,4,2
LBXPCBLA,0.1112,188,4,2
LBXHXCLA,0.11568,188,4,2
LBX118LA,0.1144,188,4,2
LBXD03LA,0.07568,188,4,2
LBXD05LA,0.57472,188,4,2
LBXD07LA,0.21936,188,4,2
LBXF03LA,0.10256,188,4,2
LBXF04LA,0.41104,188,4,2
LBXF05LA,0.1264,188,4,2
LBXF08LA,0.13056,188,4,2
LBX074LA,0.12736,189,4,2
LBX099LA,0.66464,189,4,2
LBX138LA,0.03984,189,4,2
LBX153LA,0.1,189,4,2
LBX170LA,0.04048,189,4,2
LBX180LA,0.2328,189,4,2
LBX187LA,0.05504,189,4,2
LBX194LA,0.16672,189,4,2
LBXPCBLA,0.01232,189,4,2
LBXHXCLA,0.03856,189,4,2
LBX118LA,0.06,189,4,2
LBXD03LA,0.0304,189,4,2
LBXD05LA,0.03344,189,4,2
LBXD07LA,0.1464,189,4,2
LBXF03LA,0.0176,189,4,2
LBXF04LA,0.2408,189,4,2
LBXF05LA,0.05456,189,4,2
LBXF08LA,0.04656,189,4,2
LBX074LA,0.09216,190,2,2
LBX099LA,0.12176,190,2,2
LBX138LA,0.30976,190,2,2
LBX153LA,0.33296,190,2,2
LBX170LA,0.19872,190,2,2
LBX180LA,0.22112,190,2,2
LBX187LA,0.39952,190,2,2
LBX194LA,0.10816,190,2,2
LBXPCBLA,0.17504,190,2,2
LBXHXCLA,0.98416,190,2,2
LBX118LA,0.37328,190,2,2
LBXD03LA,0.08928,190,2,2
LBXD05LA,0.07792,190,2,2
LBXD07LA,0.04976,190,2,2
LBXF03LA,0.07824,190,2,2
LBXF04LA,0.96352,190,2,2
LBXF05LA,0.06512,190,2,2
LBXF08LA,0.08624,190,2,2
LBX074LA,0.1784,191,3,2
LBX099LA,0.08496,191,3,2
LBX138LA,0.16768,191,3,2
LBX153LA,0.13136,191,3,2
LBX170LA,0.10992,191,3,2
LBX180LA,0.11856,191,3,2
LBX187LA,0.28576,191,3,2
LBX194LA,0.78832,191,3,2
LBXPCBLA,0.58848,191,3,2
LBXHXCLA,0.15424,191,3,2
LBX118LA,0.08064,191,3,2
LBXD03LA,0.07408,191,3,2
LBXD05LA,0.93024,191,3,2
LBXD07LA,0.09648,191,3,2
LBXF03LA,0.18512,191,3,2
LBXF04LA,0.21136,191,3,2
LBXF05LA,0.12928,191,3,2
LBXF08LA,0.19552,191,3,2
LBX074LA,0.38608,192,2,2
LBX099LA,0.29968,192,2,2
LBX138LA,0.1496,192,2,2
LBX153LA,0.16624,192,2,2
LBX170LA,0.20048,192,2,2
LBX180LA,0.2584,192,2,2
LBX187LA,0.14592,192,2,2
LBX194LA,0.66208,192,2,2
LBXPCBLA,0.76656,192,2,2
LBXHXCLA,0.22352,192,2,2
LBX118LA,0.16592,192,2,2
LBXD03LA,0.65616,192,2,2
LBXD05LA,0.90448,192,2,2
LBXD07LA,0.18128,192,2,2
LBXF03LA,0.15728,192,2,2
LBXF04LA,0.09488,192,2,2
LBXF05LA,0.21088,192,2,2
LBXF08LA,0.1568,192,2,2
LBX074LA,0.8304,193,1,2
LBX099LA,0.10752,193,1,2
LBX138LA,0.1312,193,1,2
LBX153LA,0.14608,193,1,2
LBX170LA,0.13952,193,1,2
LBX180LA,0.1,193,1,2
LBX187LA,0.18464,193,1,2
LBX194LA,0.25744,193,1,2
LBXPCBLA,0.56784,193,1,2
LBXHXCLA,0.0776,193,1,2
LBX118LA,0.19136,193,1,2
LBXD03LA,0.3416,193,1,2
LBXD05LA,0.30848,193,1,2
LBXD07LA,0.08608,193,1,2
LBXF03LA,0.07712,193,1,2
LBXF04LA,0.1008,193,1,2
LBXF05LA,0.10112,193,1,2
LBXF08LA,0.34464,193,1,2
LBX074LA,0.40848,194,4,2
LBX099LA,0.1632,194,4,2
LBX138LA,0.13824,194,4,2
LBX153LA,0.86304,194,4,2
LBX170LA,0.37152,194,4,2
LBX180LA,0.20848,194,4,2
LBX187LA,0.1656,194,4,2
LBX194LA,0.1896,194,4,2
LBXPCBLA,0.30592,194,4,2
LBXHXCLA,0.27968,194,4,2
LBX118LA,0.46704,194,4,2
LBXD03LA,0.22672,194,4,2
LBXD05LA,0.43536,194,4,2
LBXD07LA,0.232,194,4,2
LBXF03LA,0.18864,194,4,2
LBXF04LA,0.5216,194,4,2
LBXF05LA,0.50944,194,4,2
LBXF08LA,0.13216,194,4,2
LBX074LA,0.1048,195,1,2
LBX099LA,0.09296,195,1,2
LBX138LA,0.156,195,1,2
LBX153LA,0.15616,195,1,2
LBX170LA,0.1856,195,1,2
LBX180LA,0.16864,195,1,2
LBX187LA,0.19488,195,1,2
LBX194LA,0.18544,195,1,2
LBXPCBLA,0.092,195,1,2
LBXHXCLA,0.2944,195,1,2
LBX118LA,0.10688,195,1,2
LBXD03LA,0.10016,195,1,2
LBXD05LA,0.9792,195,1,2
LBXD07LA,0.09248,195,1,2
LBXF03LA,0.26208,195,1,2
LBXF04LA,0.23968,195,1,2
LBXF05LA,0.0984,195,1,2
LBXF08LA,0.0984,195,1,2
LBX074LA,0.06656,196,3,2
LBX099LA,0.06608,196,3,2
LBX138LA,0.2336,196,3,2
LBX153LA,0.16608,196,3,2
LBX170LA,0.2008,196,3,2
LBX180LA,0.20992,196,3,2
LBX187LA,0.21808,196,3,2
LBX194LA,0.99504,196,3,2
LBXPCBLA,0.7992,196,3,2
LBXHXCLA,0.20656,196,3,2
LBX118LA,0.1456,196,3,2
LBXD03LA,0.09712,196,3,2
LBXD05LA,0.44048,196,3,2
LBXD07LA,0.136,196,3,2
LBXF03LA,0.07296,196,3,2
LBXF04LA,0.49568,196,3,2
LBXF05LA,0.82016,196,3,2
LBXF08LA,0.06032,196,3,2
LBX074LA,0.39568,197,1,2
LBX099LA,0.14048,197,1,2
LBX138LA,0.16672,197,1,2
LBX153LA,0.14464,197,1,2
LBX170LA,0.39776,197,1,2
LBX180LA,0.2632,197,1,2
LBX187LA,0.09424,197,1,2
LBX194LA,0.10912,197,1,2
LBXPCBLA,0.06656,197,1,2
LBXHXCLA,0.12368,197,1,2
LBX118LA,0.09568,197,1,2
LBXD03LA,0.2456,197,1,2
LBXD05LA,0.36496,197,1,2
LBXD07LA,0.10368,197,1,2
LBXF03LA,0.05456,197,1,2
LBXF04LA,0.08192,197,1,2
LBXF05LA,0.0736,197,1,2
LBXF08LA,0.05696,197,1,2
LBX074LA,0.36816,198,2,2
LBX099LA,0.4208,198,2,2
LBX138LA,0.21424,198,2,2
LBX153LA,0.2248,198,2,2
LBX170LA,0.26784,198,2,2
LBX180LA,0.26192,198,2,2
LBX187LA,0.57792,198,2,2
LBX194LA,0.2056,198,2,2
LBXPCBLA,0.2176,198,2,2
LBXHXCLA,0.37536,198,2,2
LBX118LA,0.66864,198,2,2
LBXD03LA,0.4048,198,2,2
LBXD05LA,0.10864,198,2,2
LBXD07LA,0.11024,198,2,2
LBXF03LA,0.77056,198,2,2
LBXF04LA,0.36992,198,2,2
LBXF05LA,0.8384,198,2,2
LBXF08LA,0.05712,198,2,2
LBX074LA,0.49792,199,1,2
LBX099LA,0.14336,199,1,2
LBX138LA,0.79376,199,1,2
LBX153LA,0.21184,199,1,2
LBX170LA,0.1272,199,1,2
LBX180LA,0.1368,199,1,2
LBX187LA,0.10496,199,1,2
LBX194LA,0.3096,199,1,2
LBXPCBLA,0.11472,199,1,2
LBXHXCLA,0.06672,199,1,2
LBX118LA,0.1016,199,1,2
LBXD03LA,0.07216,199,1,2
LBXD05LA,0.33136,199,1,2
LBXD07LA,0.07632,199,1,2
LBXF03LA,0.1168,199,1,2
LBXF04LA,0.068,199,1,2
LBXF05LA,0.14528,199,1,2
LBXF08LA,0.06752,199,1,2
LBX074LA,0.09312,200,4,2
LBX099LA,0.1096,200,4,2
LBX138LA,0.37136,200,4,2
LBX153LA,0.14656,200,4,2
LBX170LA,0.1568,200,4,2
LBX180LA,0.08048,200,4,2
LBX187LA,0.25856,200,4,2
LBX194LA,0.98848,200,4,2
LBXPCBLA,0.78368,200,4,2
LBXHXCLA,0.41088,200,4,2
LBX118LA,0.09632,200,4,2
LBXD03LA,0.14288,200,4,2
LBXD05LA,0.05008,200,4,2
LBXD07LA,0.23968,200,4,2
LBXF03LA,0.04432,200,4,2
LBXF04LA,0.17152,200,4,2
LBXF05LA,0.0856,200,4,2
LBXF08LA,0.37088,200,4,2
LBX074LA,0.26976,201,4,3
LBX099LA,0.46848,201,4,3
LBX138LA,0.35648,201,4,3
LBX153LA,0.13456,201,4,3
LBX170LA,0.25808,201,4,3
LBX180LA,0.07584,201,4,3
LBX187LA,0.09168,201,4,3
LBX194LA,0.23088,201,4,3
LBXPCBLA,0.06608,201,4,3
LBXHXCLA,0.16816,201,4,3
LBX118LA,0.12608,201,4,3
LBXD03LA,0.11952,201,4,3
LBXD05LA,0.37808,201,4,3
LBXD07LA,0.11424,201,4,3
LBXF03LA,0.22832,201,4,3
LBXF04LA,0.95248,201,4,3
LBXF05LA,0.07072,201,4,3
LBXF08LA,0.11984,201,4,3
LBX074LA,0.10464,202,3,3
LBX099LA,0.0888,202,3,3
LBX138LA,0.16672,202,3,3
LBX153LA,0.46176,202,3,3
LBX170LA,0.11872,202,3,3
LBX180LA,0.21392,202,3,3
LBX187LA,0.14496,202,3,3
LBX194LA,0.18544,202,3,3
LBXPCBLA,0.36064,202,3,3
LBXHXCLA,0.15392,202,3,3
LBX118LA,0.3256,202,3,3
LBXD03LA,0.12576,202,3,3
LBXD05LA,0.39424,202,3,3
LBXD07LA,0.71504,202,3,3
LBXF03LA,0.19504,202,3,3
LBXF04LA,0.65632,202,3,3
LBXF05LA,0.06816,202,3,3
LBXF08LA,0.06432,202,3,3
LBX074LA,0.1944,203,1,3
LBX099LA,0.10448,203,1,3
LBX138LA,0.21344,203,1,3
LBX153LA,0.21568,203,1,3
LBX170LA,0.1936,203,1,3
LBX180LA,0.3728,203,1,3
LBX187LA,0.16944,203,1,3
LBX194LA,0.30928,203,1,3
LBXPCBLA,0.15072,203,1,3
LBXHXCLA,0.18192,203,1,3
LBX118LA,0.13616,203,1,3
LBXD03LA,0.21488,203,1,3
LBXD05LA,0.7168,203,1,3
LBXD07LA,0.14432,203,1,3
LBXF03LA,0.116,203,1,3
LBXF04LA,0.22544,203,1,3
LBXF05LA,0.43616,203,1,3
LBXF08LA,0.13648,203,1,3
LBX074LA,0.16704,204,2,3
LBX099LA,0.8416,204,2,3
LBX138LA,0.13056,204,2,3
LBX153LA,0.15552,204,2,3
LBX170LA,0.15136,204,2,3
LBX180LA,0.19616,204,2,3
LBX187LA,0.12176,204,2,3
LBX194LA,0.23184,204,2,3
LBXPCBLA,0.42288,204,2,3
LBXHXCLA,0.27712,204,2,3
LBX118LA,0.11088,204,2,3
LBXD03LA,0.05616,204,2,3
LBXD05LA,0.07312,204,2,3
LBXD07LA,0.04528,204,2,3
LBXF03LA,0.0536,204,2,3
LBXF04LA,0.1136,204,2,3
LBXF05LA,0.05968,204,2,3
LBXF08LA,0.0296,204,2,3
LBX074LA,0.14352,205,4,3
LBX099LA,0.21456,205,4,3
LBX138LA,0.1248,205,4,3
LBX153LA,0.1568,205,4,3
LBX170LA,0.13776,205,4,3
LBX180LA,0.11552,205,4,3
LBX187LA,0.2016,205,4,3
LBX194LA,0.37936,205,4,3
LBXPCBLA,0.20144,205,4,3
LBXHXCLA,0.73568,205,4,3
LBX118LA,0.22224,205,4,3
LBXD03LA,0.032,205,4,3
LBXD05LA,0.94272,205,4,3
LBXD07LA,0.11104,205,4,3
LBXF03LA,0.04256,205,4,3
LBXF04LA,0.06512,205,4,3
LBXF05LA,0.2616,205,4,3
LBXF08LA,0.03904,205,4,3
LBX074LA,0.13024,206,2,3
LBX099LA,0.29616,206,2,3
LBX138LA,0.17072,206,2,3
LBX153LA,0.19184,206,2,3
LBX170LA,0.42336,206,2,3
LBX180LA,0.21744,206,2,3
LBX187LA,0.1432,206,2,3
LBX194LA,0.15872,206,2,3
LBXPCBLA,0.08016,206,2,3
LBXHXCLA,0.7448,206,2,3
LBX118LA,0.128,206,2,3
LBXD03LA,0.46912,206,2,3
LBXD05LA,0.10992,206,2,3
LBXD07LA,0.09936,206,2,3
LBXF03LA,0.88128,206,2,3
LBXF04LA,0.56096,206,2,3
LBXF05LA,0.12224,206,2,3
LBXF08LA,0.0816,206,2,3
LBX074LA,0.1208,207,2,3
LBX099LA,0.12224,207,2,3
LBX138LA,0.40128,207,2,3
LBX153LA,0.25168,207,2,3
LBX170LA,0.2312,207,2,3
LBX180LA,0.16736,207,2,3
LBX187LA,0.18752,207,2,3
LBX194LA,0.25616,207,2,3
LBXPCBLA,0.30544,207,2,3
LBXHXCLA,0.1112,207,2,3
LBX118LA,0.16624,207,2,3
LBXD03LA,0.1064,207,2,3
LBXD05LA,0.5448,207,2,3
LBXD07LA,0.2104,207,2,3
LBXF03LA,0.06576,207,2,3
LBXF04LA,0.78176,207,2,3
LBXF05LA,0.07888,207,2,3
LBXF08LA,0.11504,207,2,3
LBX074LA,0.30592,208,2,3
LBX099LA,0.12416,208,2,3
LBX138LA,0.2128,208,2,3
LBX153LA,0.84064,208,2,3
LBX170LA,0.54832,208,2,3
LBX180LA,0.17024,208,2,3
LBX187LA,0.86832,208,2,3
LBX194LA,0.4888,208,2,3
LBXPCBLA,0.0416,208,2,3
LBXHXCLA,0.2336,208,2,3
LBX118LA,0.1328,208,2,3
LBXD03LA,0.06304,208,2,3
LBXD05LA,0.0944,208,2,3
LBXD07LA,0.05088,208,2,3
LBXF03LA,0.10688,208,2,3
LBXF04LA,0.12,208,2,3
LBXF05LA,0.0744,208,2,3
LBXF08LA,0.06784,208,2,3
LBX074LA,0.91024,209,1,3
LBX099LA,0.1368,209,1,3
LBX138LA,0.664,209,1,3
LBX153LA,0.30224,209,1,3
LBX170LA,0.16512,209,1,3
LBX180LA,0.19392,209,1,3
LBX187LA,0.16368,209,1,3
LBX194LA,0.34976,209,1,3
LBXPCBLA,0.39184,209,1,3
LBXHXCLA,0.14752,209,1,3
LBX118LA,0.2432,209,1,3
LBXD03LA,0.11616,209,1,3
LBXD05LA,0.0896,209,1,3
LBXD07LA,0.07792,209,1,3
LBXF03LA,0.08112,209,1,3
LBXF04LA,0.25216,209,1,3
LBXF05LA,0.24288,209,1,3
LBXF08LA,0.0848,209,1,3
LBX074LA,0.98336,210,3,3
LBX099LA,0.06304,210,3,3
LBX138LA,0.15952,210,3,3
LBX153LA,0.13584,210,3,3
LBX170LA,0.06496,210,3,3
LBX180LA,0.09904,210,3,3
LBX187LA,0.04288,210,3,3
LBX194LA,0.04352,210,3,3
LBXPCBLA,0.29712,210,3,3
LBXHXCLA,0.04448,210,3,3
LBX118LA,0.08416,210,3,3
LBXD03LA,0.07328,210,3,3
LBXD05LA,0.43088,210,3,3
LBXD07LA,0.14272,210,3,3
LBXF03LA,0.05344,210,3,3
LBXF04LA,0.09552,210,3,3
LBXF05LA,0.03616,210,3,3
LBXF08LA,0.03536,210,3,3
LBX074LA,0.10176,211,1,3
LBX099LA,0.36176,211,1,3
LBX138LA,0.20368,211,1,3
LBX153LA,0.272,211,1,3
LBX170LA,0.24928,211,1,3
LBX180LA,0.17136,211,1,3
LBX187LA,0.20528,211,1,3
LBX194LA,0.12992,211,1,3
LBXPCBLA,0.6424,211,1,3
LBXHXCLA,0.19968,211,1,3
LBX118LA,0.15488,211,1,3
LBXD03LA,0.3472,211,1,3
LBXD05LA,0.88032,211,1,3
LBXD07LA,0.16704,211,1,3
LBXF03LA,0.1032,211,1,3
LBXF04LA,0.07856,211,1,3
LBXF05LA,0.06368,211,1,3
LBXF08LA,0.06912,211,1,3
LBX074LA,0.23584,212,1,3
LBX099LA,0.81472,212,1,3
LBX138LA,0.19584,212,1,3
LBX153LA,0.15136,212,1,3
LBX170LA,0.20688,212,1,3
LBX180LA,0.22656,212,1,3
LBX187LA,0.1552,212,1,3
LBX194LA,0.2288,212,1,3
LBXPCBLA,0.1376,212,1,3
LBXHXCLA,0.24336,212,1,3
LBX118LA,0.12832,212,1,3
LBXD03LA,0.34976,212,1,3
LBXD05LA,0.93328,212,1,3
LBXD07LA,0.24016,212,1,3
LBXF03LA,0.06176,212,1,3
LBXF04LA,0.18928,212,1,3
LBXF05LA,0.10624,212,1,3
LBXF08LA,0.19344,212,1,3
LBX074LA,0.34208,213,4,3
LBX099LA,0.07888,213,4,3
LBX138LA,0.22912,213,4,3
LBX153LA,0.08208,213,4,3
LBX170LA,0.25728,213,4,3
LBX180LA,0.28944,213,4,3
LBX187LA,0.176,213,4,3
LBX194LA,0.71984,213,4,3
LBXPCBLA,0.43184,213,4,3
LBXHXCLA,0.39616,213,4,3
LBX118LA,0.23584,213,4,3
LBXD03LA,0.14016,213,4,3
LBXD05LA,0.63664,213,4,3
LBXD07LA,0.22448,213,4,3
LBXF03LA,0.1304,213,4,3
LBXF04LA,0.09984,213,4,3
LBXF05LA,0.05696,213,4,3
LBXF08LA,0.09008,213,4,3
LBX074LA,0.85056,214,3,3
LBX099LA,0.17392,214,3,3
LBX138LA,0.13552,214,3,3
LBX153LA,0.10464,214,3,3
LBX170LA,0.26736,214,3,3
LBX180LA,0.17616,214,3,3
LBX187LA,0.12864,214,3,3
LBX194LA,0.28736,214,3,3
LBXPCBLA,0.09456,214,3,3
LBXHXCLA,0.26576,214,3,3
LBX118LA,0.18864,214,3,3
LBXD03LA,0.38256,214,3,3
LBXD05LA,0.11984,214,3,3
LBXD07LA,0.2472,214,3,3
LBXF03LA,0.09904,214,3,3
LBXF04LA,0.9344,214,3,3
LBXF05LA,0.08544,214,3,3
LBXF08LA,0.10576,214,3,3
LBX074LA,0.96064,215,1,3
LBX099LA,0.08,215,1,3
LBX138LA,0.15728,215,1,3
LBX153LA,0.14528,215,1,3
LBX170LA,0.1104,215,1,3
LBX180LA,0.0888,215,1,3
LBX187LA,0.09152,215,1,3
LBX194LA,0.0888,215,1,3
LBXPCBLA,0.43184,215,1,3
LBXHXCLA,0.08112,215,1,3
LBX118LA,0.16256,215,1,3
LBXD03LA,0.0872,215,1,3
LBXD05LA,0.2776,215,1,3
LBXD07LA,0.1208,215,1,3
LBXF03LA,0.07328,215,1,3
LBXF04LA,0.1648,215,1,3
LBXF05LA,0.06096,215,1,3
LBXF08LA,0.06576,215,1,3
LBX074LA,0.37888,216,1,3
LBX099LA,0.11296,216,1,3
LBX138LA,0.14208,216,1,3
LBX153LA,0.21744,216,1,3
LBX170LA,0.11648,216,1,3
LBX180LA,0.10624,216,1,3
LBX187LA,0.23248,216,1,3
LBX194LA,0.11952,216,1,3
LBXPCBLA,0.05808,216,1,3
LBXHXCLA,0.16224,216,1,3
LBX118LA,0.23936,216,1,3
LBXD03LA,0.14736,216,1,3
LBXD05LA,0.09104,216,1,3
LBXD07LA,0.33952,216,1,3
LBXF03LA,0.07248,216,1,3
LBXF04LA,0.06432,216,1,3
LBXF05LA,0.06944,216,1,3
LBXF08LA,0.14832,216,1,3
LBX074LA,0.76832,217,2,3
LBX099LA,0.13776,217,2,3
LBX138LA,0.18176,217,2,3
LBX153LA,0.12304,217,2,3
LBX170LA,0.10976,217,2,3
LBX180LA,0.09904,217,2,3
LBX187LA,0.15872,217,2,3
LBX194LA,0.19456,217,2,3
LBXPCBLA,0.24272,217,2,3
LBXHXCLA,0.0952,217,2,3
LBX118LA,0.2176,217,2,3
LBXD03LA,0.09504,217,2,3
LBXD05LA,0.41296,217,2,3
LBXD07LA,0.1024,217,2,3
LBXF03LA,0.06784,217,2,3
LBXF04LA,0.14432,217,2,3
LBXF05LA,0.12336,217,2,3
LBXF08LA,0.05888,217,2,3
LBX074LA,0.23104,218,1,3
LBX099LA,0.10352,218,1,3
LBX138LA,0.10336,218,1,3
LBX153LA,0.11984,218,1,3
LBX170LA,0.08448,218,1,3
LBX180LA,0.12128,218,1,3
LBX187LA,0.07392,218,1,3
LBX194LA,0.09984,218,1,3
LBXPCBLA,0.98528,218,1,3
LBXHXCLA,0.10752,218,1,3
LBX118LA,0.14672,218,1,3
LBXD03LA,0.07936,218,1,3
LBXD05LA,0.57104,218,1,3
LBXD07LA,0.25776,218,1,3
LBXF03LA,0.08848,218,1,3
LBXF04LA,0.12384,218,1,3
LBXF05LA,0.06608,218,1,3
LBXF08LA,0.08032,218,1,3
LBX074LA,0.96336,219,2,3
LBX099LA,0.1928,219,2,3
LBX138LA,0.10832,219,2,3
LBX153LA,0.11008,219,2,3
LBX170LA,0.1968,219,2,3
LBX180LA,0.14192,219,2,3
LBX187LA,0.10192,219,2,3
LBX194LA,0.14208,219,2,3
LBXPCBLA,0.42192,219,2,3
LBXHXCLA,0.2688,219,2,3
LBX118LA,0.15696,219,2,3
LBXD03LA,0.43488,219,2,3
LBXD05LA,0.10624,219,2,3
LBXD07LA,0.37568,219,2,3
LBXF03LA,0.07456,219,2,3
LBXF04LA,0.87808,219,2,3
LBXF05LA,0.27424,219,2,3
LBXF08LA,0.10448,219,2,3
LBX074LA,0.18272,220,3,3
LBX099LA,0.16448,220,3,3
LBX138LA,0.19216,220,3,3
LBX153LA,0.1768,220,3,3
LBX170LA,0.20832,220,3,3
LBX180LA,0.34896,220,3,3
LBX187LA,0.16064,220,3,3
LBX194LA,0.42496,220,3,3
LBXPCBLA,0.17168,220,3,3
LBXHXCLA,0.10704,220,3,3
LBX118LA,0.57328,220,3,3
LBXD03LA,0.11168,220,3,3
LBXD05LA,0.97952,220,3,3
LBXD07LA,0.19536,220,3,3
LBXF03LA,0.0704,220,3,3
LBXF04LA,0.8952,220,3,3
LBXF05LA,0.55744,220,3,3
LBXF08LA,0.08592,220,3,3
LBX074LA,0.87248,221,4,3
LBX099LA,0.53824,221,4,3
LBX138LA,0.53024,221,4,3
LBX153LA,0.1728,221,4,3
LBX170LA,0.12128,221,4,3
LBX180LA,0.11216,221,4,3
LBX187LA,0.36464,221,4,3
LBX194LA,0.15216,221,4,3
LBXPCBLA,0.19088,221,4,3
LBXHXCLA,0.41936,221,4,3
LBX118LA,0.16288,221,4,3
LBXD03LA,0.10928,221,4,3
LBXD05LA,0.10064,221,4,3
LBXD07LA,0.82176,221,4,3
LBXF03LA,0.21984,221,4,3
LBXF04LA,0.92272,221,4,3
LBXF05LA,0.09168,221,4,3
LBXF08LA,0.26128,221,4,3
LBX074LA,0.69424,222,2,3
LBX099LA,0.14544,222,2,3
LBX138LA,0.26736,222,2,3
LBX153LA,0.2272,222,2,3
LBX170LA,0.24592,222,2,3
LBX180LA,0.19952,222,2,3
LBX187LA,0.23552,222,2,3
LBX194LA,0.35728,222,2,3
LBXPCBLA,0.7712,222,2,3
LBXHXCLA,0.19728,222,2,3
LBX118LA,0.276,222,2,3
LBXD03LA,0.1208,222,2,3
LBXD05LA,0.14496,222,2,3
LBXD07LA,0.104,222,2,3
LBXF03LA,0.14064,222,2,3
LBXF04LA,0.51072,222,2,3
LBXF05LA,0.10768,222,2,3
LBXF08LA,0.06896,222,2,3
LBX074LA,0.35568,223,2,3
LBX099LA,0.24496,223,2,3
LBX138LA,0.12688,223,2,3
LBX153LA,0.11776,223,2,3
LBX170LA,0.28592,223,2,3
LBX180LA,0.16592,223,2,3
LBX187LA,0.14176,223,2,3
LBX194LA,0.77888,223,2,3
LBXPCBLA,0.78848,223,2,3
LBXHXCLA,0.08352,223,2,3
LBX118LA,0.79392,223,2,3
LBXD03LA,0.24064,223,2,3
LBXD05LA,0.62176,223,2,3
LBXD07LA,0.07648,223,2,3
LBXF03LA,0.94224,223,2,3
LBXF04LA,0.27728,223,2,3
LBXF05LA,0.16672,223,2,3
LBXF08LA,0.06736,223,2,3
LBX074LA,0.33136,224,1,3
LBX099LA,0.11296,224,1,3
LBX138LA,0.22112,224,1,3
LBX153LA,0.14112,224,1,3
LBX170LA,0.12784,224,1,3
LBX180LA,0.1448,224,1,3
LBX187LA,0.2992,224,1,3
LBX194LA,0.11968,224,1,3
LBXPCBLA,0.07344,224,1,3
LBXHXCLA,0.08992,224,1,3
LBX118LA,0.12704,224,1,3
LBXD03LA,0.0816,224,1,3
LBXD05LA,0.30416,224,1,3
LBXD07LA,0.13232,224,1,3
LBXF03LA,0.10624,224,1,3
LBXF04LA,0.07248,224,1,3
LBXF05LA,0.06032,224,1,3
LBXF08LA,0.05264,224,1,3
LBX074LA,0.18448,225,2,3
LBX099LA,0.1616,225,2,3
LBX138LA,0.1528,225,2,3
LBX153LA,0.22496,225,2,3
LBX170LA,0.25456,225,2,3
LBX180LA,0.6512,225,2,3
LBX187LA,0.53504,225,2,3
LBX194LA,0.42896,225,2,3
LBXPCBLA,0.17872,225,2,3
LBXHXCLA,0.10128,225,2,3
LBX118LA,0.16304,225,2,3
LBXD03LA,0.31056,225,2,3
LBXD05LA,0.8144,225,2,3
LBXD07LA,0.10384,225,2,3
LBXF03LA,0.12096,225,2,3
LBXF04LA,0.29424,225,2,3
LBXF05LA,0.108,225,2,3
LBXF08LA,0.1016,225,2,3
LBX074LA,0.28016,226,3,3
LBX099LA,0.07952,226,3,3
LBX138LA,0.06944,226,3,3
LBX153LA,0.15888,226,3,3
LBX170LA,0.17776,226,3,3
LBX180LA,0.18,226,3,3
LBX187LA,0.11392,226,3,3
LBX194LA,0.20656,226,3,3
LBXPCBLA,0.24064,226,3,3
LBXHXCLA,0.58368,226,3,3
LBX118LA,0.08032,226,3,3
LBXD03LA,0.06928,226,3,3
LBXD05LA,0.74576,226,3,3
LBXD07LA,0.27312,226,3,3
LBXF03LA,0.08896,226,3,3
LBXF04LA,0.1296,226,3,3
LBXF05LA,0.45264,226,3,3
LBXF08LA,0.04784,226,3,3
LBX074LA,0.18592,227,4,3
LBX099LA,0.2336,227,4,3
LBX138LA,0.0856,227,4,3
LBX153LA,0.1352,227,4,3
LBX170LA,0.11824,227,4,3
LBX180LA,0.5024,227,4,3
LBX187LA,0.10432,227,4,3
LBX194LA,0.54144,227,4,3
LBXPCBLA,0.044,227,4,3
LBXHXCLA,0.0576,227,4,3
LBX118LA,0.14736,227,4,3
LBXD03LA,0.05088,227,4,3
LBXD05LA,0.07248,227,4,3
LBXD07LA,0.06768,227,4,3
LBXF03LA,0.03696,227,4,3
LBXF04LA,0.1,227,4,3
LBXF05LA,0.88768,227,4,3
LBXF08LA,0.11968,227,4,3
LBX074LA,0.81904,228,3,3
LBX099LA,0.08256,228,3,3
LBX138LA,0.24128,228,3,3
LBX153LA,0.21088,228,3,3
LBX170LA,0.12672,228,3,3
LBX180LA,0.10448,228,3,3
LBX187LA,0.176,228,3,3
LBX194LA,0.09392,228,3,3
LBXPCBLA,0.68848,228,3,3
LBXHXCLA,0.09248,228,3,3
LBX118LA,0.1448,228,3,3
LBXD03LA,0.14496,228,3,3
LBXD05LA,0.26432,228,3,3
LBXD07LA,0.14064,228,3,3
LBXF03LA,0.13056,228,3,3
LBXF04LA,0.08928,228,3,3
LBXF05LA,0.37648,228,3,3
LBXF08LA,0.08528,228,3,3
LBX074LA,0.1528,229,1,3
LBX099LA,0.6264,229,1,3
LBX138LA,0.21344,229,1,3
LBX153LA,0.40496,229,1,3
LBX170LA,0.18368,229,1,3
LBX180LA,0.25056,229,1,3
LBX187LA,0.43504,229,1,3
LBX194LA,0.20688,229,1,3
LBXPCBLA,0.18976,229,1,3
LBXHXCLA,0.11104,229,1,3
LBX118LA,0.15472,229,1,3
LBXD03LA,0.26176,229,1,3
LBXD05LA,0.11888,229,1,3
LBXD07LA,0.0968,229,1,3
LBXF03LA,0.10544,229,1,3
LBXF04LA,0.10352,229,1,3
LBXF05LA,0.15344,229,1,3
LBXF08LA,0.07168,229,1,3
LBX074LA,0.76816,230,2,3
LBX099LA,0.13744,230,2,3
LBX138LA,0.276,230,2,3
LBX153LA,0.21744,230,2,3
LBX170LA,0.2224,230,2,3
LBX180LA,0.2736,230,2,3
LBX187LA,0.22256,230,2,3
LBX194LA,0.26864,230,2,3
LBXPCBLA,0.16656,230,2,3
LBXHXCLA,0.1184,230,2,3
LBX118LA,0.47152,230,2,3
LBXD03LA,0.12928,230,2,3
LBXD05LA,0.70704,230,2,3
LBXD07LA,0.2624,230,2,3
LBXF03LA,0.65872,230,2,3
LBXF04LA,0.62592,230,2,3
LBXF05LA,0.32368,230,2,3
LBXF08LA,0.21936,230,2,3
LBX074LA,0.62176,231,1,3
LBX099LA,0.1344,231,1,3
LBX138LA,0.30896,231,1,3
LBX153LA,0.25136,231,1,3
LBX170LA,0.18608,231,1,3
LBX180LA,0.15296,231,1,3
LBX187LA,0.64,231,1,3
LBX194LA,0.3104,231,1,3
LBXPCBLA,0.09392,231,1,3
LBXHXCLA,0.1128,231,1,3
LBX118LA,0.1504,231,1,3
LBXD03LA,0.16144,231,1,3
LBXD05LA,0.95888,231,1,3
LBXD07LA,0.09296,231,1,3
LBXF03LA,0.0808,231,1,3
LBXF04LA,0.16976,231,1,3
LBXF05LA,0.14304,231,1,3
LBXF08LA,0.25648,231,1,3
LBX074LA,0.38496,232,1,3
LBX099LA,0.32304,232,1,3
LBX138LA,0.1888,232,1,3
LBX153LA,0.19744,232,1,3
LBX170LA,0.17552,232,1,3
LBX180LA,0.1648,232,1,3
LBX187LA,0.15232,232,1,3
LBX194LA,0.424,232,1,3
LBXPCBLA,0.0808,232,1,3
LBXHXCLA,0.11072,232,1,3
LBX118LA,0.57152,232,1,3
LBXD03LA,0.10144,232,1,3
LBXD05LA,0.41024,232,1,3
LBXD07LA,0.5584,232,1,3
LBXF03LA,0.14112,232,1,3
LBXF04LA,0.08352,232,1,3
LBXF05LA,0.09456,232,1,3
LBXF08LA,0.0608,232,1,3
LBX074LA,0.15184,233,3,3
LBX099LA,0.12768,233,3,3
LBX138LA,0.14032,233,3,3
LBX153LA,0.16304,233,3,3
LBX170LA,0.25856,233,3,3
LBX180LA,0.62112,233,3,3
LBX187LA,0.23696,233,3,3
LBX194LA,0.588,233,3,3
LBXPCBLA,0.49136,233,3,3
LBXHXCLA,0.45472,233,3,3
LBX118LA,0.1504,233,3,3
LBXD03LA,0.26736,233,3,3
LBXD05LA,0.28608,233,3,3
LBXD07LA,0.1744,233,3,3
LBXF03LA,0.23344,233,3,3
LBXF04LA,0.31984,233,3,3
LBXF05LA,0.1544,233,3,3
LBXF08LA,0.78432,233,3,3
LBX074LA,0.13744,234,3,3
LBX099LA,0.31632,234,3,3
LBX138LA,0.10928,234,3,3
LBX153LA,0.1264,234,3,3
LBX170LA,0.20768,234,3,3
LBX180LA,0.86944,234,3,3
LBX187LA,0.31392,234,3,3
LBX194LA,0.39248,234,3,3
LBXPCBLA,0.1192,234,3,3
LBXHXCLA,0.10848,234,3,3
LBX118LA,0.10848,234,3,3
LBXD03LA,0.16832,234,3,3
LBXD05LA,0.45888,234,3,3
LBXD07LA,0.17456,234,3,3
LBXF03LA,0.28208,234,3,3
LBXF04LA,0.69216,234,3,3
LBXF05LA,0.08384,234,3,3
LBXF08LA,0.0432,234,3,3
LBX074LA,0.50048,235,2,3
LBX099LA,0.50784,235,2,3
LBX138LA,0.1544,235,2,3
LBX153LA,0.34832,235,2,3
LBX170LA,0.20736,235,2,3
LBX180LA,0.18112,235,2,3
LBX187LA,0.16736,235,2,3
LBX194LA,0.87536,235,2,3
LBXPCBLA,0.17152,235,2,3
LBXHXCLA,0.09744,235,2,3
LBX118LA,0.116,235,2,3
LBXD03LA,0.1192,235,2,3
LBXD05LA,0.07904,235,2,3
LBXD07LA,0.06528,235,2,3
LBXF03LA,0.34288,235,2,3
LBXF04LA,0.09936,235,2,3
LBXF05LA,0.08928,235,2,3
LBXF08LA,0.18816,235,2,3
LBX074LA,0.208,236,4,3
LBX099LA,0.2384,236,4,3
LBX138LA,0.25648,236,4,3
LBX153LA,0.13664,236,4,3
LBX170LA,0.12256,236,4,3
LBX180LA,0.10816,236,4,3
LBX187LA,0.20864,236,4,3
LBX194LA,0.94656,236,4,3
LBXPCBLA,0.0888,236,4,3
LBXHXCLA,0.5096,236,4,3
LBX118LA,0.14128,236,4,3
LBXD03LA,0.22576,236,4,3
LBXD05LA,0.05456,236,4,3
LBXD07LA,0.89984,236,4,3
LBXF03LA,0.22464,236,4,3
LBXF04LA,0.15296,236,4,3
LBXF05LA,0.22944,236,4,3
LBXF08LA,0.06704,236,4,3
LBX074LA,0.3264,237,3,3
LBX099LA,0.10832,237,3,3
LBX138LA,0.13632,237,3,3
LBX153LA,0.11552,237,3,3
LBX170LA,0.28912,237,3,3
LBX180LA,0.12256,237,3,3
LBX187LA,0.1768,237,3,3
LBX194LA,0.668,237,3,3
LBXPCBLA,0.20336,237,3,3
LBXHXCLA,0.84544,237,3,3
LBX118LA,0.1728,237,3,3
LBXD03LA,0.15552,237,3,3
LBXD05LA,0.1568,237,3,3
LBXD07LA,0.10688,237,3,3
LBXF03LA,0.22592,237,3,3
LBXF04LA,0.5144,237,3,3
LBXF05LA,0.17776,237,3,3
LBXF08LA,0.49344,237,3,3
LBX074LA,0.06176,238,4,3
LBX099LA,0.23312,238,4,3
LBX138LA,0.39296,238,4,3
LBX153LA,0.19104,238,4,3
LBX170LA,0.20048,238,4,3
LBX180LA,0.08768,238,4,3
LBX187LA,0.07392,238,4,3
LBX194LA,0.08048,238,4,3
LBXPCBLA,0.02928,238,4,3
LBXHXCLA,0.89216,238,4,3
LBX118LA,0.0728,238,4,3
LBXD03LA,0.05216,238,4,3
LBXD05LA,0.2328,238,4,3
LBXD07LA,0.65792,238,4,3
LBXF03LA,0.24784,238,4,3
LBXF04LA,0.05584,238,4,3
LBXF05LA,0.06832,238,4,3
LBXF08LA,0.54576,238,4,3
LBX074LA,0.6128,239,1,3
LBX099LA,0.28624,239,1,3
LBX138LA,0.6024,239,1,3
LBX153LA,0.38624000000000003,239,1,3
LBX170LA,0.28784,239,1,3
LBX180LA,0.33376,239,1,3
LBX187LA,0.71232,239,1,3
LBX194LA,0.42624,239,1,3
LBXPCBLA,0.09536,239,1,3
LBXHXCLA,0.23056,239,1,3
LBX118LA,0.30432,239,1,3
LBXD03LA,0.24864,239,1,3
LBXD05LA,0.94416,239,1,3
LBXD07LA,0.1656,239,1,3
LBXF03LA,0.2784,239,1,3
LBXF04LA,0.72384,239,1,3
LBXF05LA,0.13648,239,1,3
LBXF08LA,0.08752,239,1,3
LBX074LA,0.20272,240,1,3
LBX099LA,0.2104,240,1,3
LBX138LA,0.20544,240,1,3
LBX153LA,0.264,240,1,3
LBX170LA,0.19584,240,1,3
LBX180LA,0.17952,240,1,3
LBX187LA,0.1944,240,1,3
LBX194LA,0.33312,240,1,3
LBXPCBLA,0.20656,240,1,3
LBXHXCLA,0.14928,240,1,3
LBX118LA,0.82416,240,1,3
LBXD03LA,0.16784,240,1,3
LBXD05LA,0.684,240,1,3
LBXD07LA,0.17568,240,1,3
LBXF03LA,0.08576,240,1,3
LBXF04LA,0.5016,240,1,3
LBXF05LA,0.388,240,1,3
LBXF08LA,0.2552,240,1,3
LBX074LA,0.11056,241,1,3
LBX099LA,0.08752,241,1,3
LBX138LA,0.15152,241,1,3
LBX153LA,0.17584,241,1,3
LBX170LA,0.18112,241,1,3
LBX180LA,0.18224,241,1,3
LBX187LA,0.18576,241,1,3
LBX194LA,0.54304,241,1,3
LBXPCBLA,0.44016,241,1,3
LBXHXCLA,0.11424,241,1,3
LBX118LA,0.12064,241,1,3
LBXD03LA,0.12304,241,1,3
LBXD05LA,0.98976,241,1,3
LBXD07LA,0.11872,241,1,3
LBXF03LA,0.11072,241,1,3
LBXF04LA,0.09392,241,1,3
LBXF05LA,0.07824,241,1,3
LBXF08LA,0.10064,241,1,3
LBX074LA,0.69552,242,2,3
LBX099LA,0.11664,242,2,3
LBX138LA,0.26032,242,2,3
LBX153LA,0.1664,242,2,3
LBX170LA,0.66848,242,2,3
LBX180LA,0.1512,242,2,3
LBX187LA,0.13088,242,2,3
LBX194LA,0.17504,242,2,3
LBXPCBLA,0.08736,242,2,3
LBXHXCLA,0.148,242,2,3
LBX118LA,0.11472,242,2,3
LBXD03LA,0.40224,242,2,3
LBXD05LA,0.1696,242,2,3
LBXD07LA,0.1544,242,2,3
LBXF03LA,0.08384,242,2,3
LBXF04LA,0.95456,242,2,3
LBXF05LA,0.1688,242,2,3
LBXF08LA,0.2152,242,2,3
LBX074LA,0.18448,243,1,3
LBX099LA,0.13232,243,1,3
LBX138LA,0.1448,243,1,3
LBX153LA,0.21712,243,1,3
LBX170LA,0.1912,243,1,3
LBX180LA,0.1528,243,1,3
LBX187LA,0.51568,243,1,3
LBX194LA,0.67536,243,1,3
LBXPCBLA,0.308,243,1,3
LBXHXCLA,0.11104,243,1,3
LBX118LA,0.15296,243,1,3
LBXD03LA,0.44224,243,1,3
LBXD05LA,0.99744,243,1,3
LBXD07LA,0.11968,243,1,3
LBXF03LA,0.09216,243,1,3
LBXF04LA,0.38032,243,1,3
LBXF05LA,0.17088,243,1,3
LBXF08LA,0.06592,243,1,3
LBX074LA,0.46016,244,2,3
LBX099LA,0.16016,244,2,3
LBX138LA,0.14736,244,2,3
LBX153LA,0.16784,244,2,3
LBX170LA,0.15216,244,2,3
LBX180LA,0.2096,244,2,3
LBX187LA,0.16512,244,2,3
LBX194LA,0.99472,244,2,3
LBXPCBLA,0.6984,244,2,3
LBXHXCLA,0.0856,244,2,3
LBX118LA,0.16608,244,2,3
LBXD03LA,0.09824,244,2,3
LBXD05LA,0.14624,244,2,3
LBXD07LA,0.0464,244,2,3
LBXF03LA,0.0504,244,2,3
LBXF04LA,0.16832,244,2,3
LBXF05LA,0.04688,244,2,3
LBXF08LA,0.03536,244,2,3
LBX074LA,0.12496,245,1,3
LBX099LA,0.18176,245,1,3
LBX138LA,0.15392,245,1,3
LBX153LA,0.15584,245,1,3
LBX170LA,0.15552,245,1,3
LBX180LA,0.16016,245,1,3
LBX187LA,0.38496,245,1,3
LBX194LA,0.36,245,1,3
LBXPCBLA,0.21728,245,1,3
LBXHXCLA,0.11632,245,1,3
LBX118LA,0.21712,245,1,3
LBXD03LA,0.1672,245,1,3
LBXD05LA,0.1824,245,1,3
LBXD07LA,0.1232,245,1,3
LBXF03LA,0.15376,245,1,3
LBXF04LA,0.61536,245,1,3
LBXF05LA,0.1296,245,1,3
LBXF08LA,0.14208,245,1,3
LBX074LA,0.17184,246,4,3
LBX099LA,0.62192,246,4,3
LBX138LA,0.15792,246,4,3
LBX153LA,0.08864,246,4,3
LBX170LA,0.07808,246,4,3
LBX180LA,0.08848,246,4,3
LBX187LA,0.06688,246,4,3
LBX194LA,0.26912,246,4,3
LBXPCBLA,0.56624,246,4,3
LBXHXCLA,0.05696,246,4,3
LBX118LA,0.08032,246,4,3
LBXD03LA,0.1544,246,4,3
LBXD05LA,0.40128,246,4,3
LBXD07LA,0.11136,246,4,3
LBXF03LA,0.37696,246,4,3
LBXF04LA,0.38928,246,4,3
LBXF05LA,0.0528,246,4,3
LBXF08LA,0.03952,246,4,3
LBX074LA,0.1184,247,1,3
LBX099LA,0.35824,247,1,3
LBX138LA,0.32256,247,1,3
LBX153LA,0.6944,247,1,3
LBX170LA,0.23696,247,1,3
LBX180LA,0.23152,247,1,3
LBX187LA,0.164,247,1,3
LBX194LA,0.50208,247,1,3
LBXPCBLA,0.07952,247,1,3
LBXHXCLA,0.16112,247,1,3
LBX118LA,0.12032,247,1,3
LBXD03LA,0.18896,247,1,3
LBXD05LA,0.26064,247,1,3
LBXD07LA,0.1472,247,1,3
LBXF03LA,0.07248,247,1,3
LBXF04LA,0.17488,247,1,3
LBXF05LA,0.13008,247,1,3
LBXF08LA,0.0832,247,1,3
LBX074LA,0.36176,248,4,3
LBX099LA,0.164,248,4,3
LBX138LA,0.73344,248,4,3
LBX153LA,0.32848,248,4,3
LBX170LA,0.90704,248,4,3
LBX180LA,0.41952,248,4,3
LBX187LA,0.07088,248,4,3
LBX194LA,0.36016,248,4,3
LBXPCBLA,0.72544,248,4,3
LBXHXCLA,0.03632,248,4,3
LBX118LA,0.18336,248,4,3
LBXD03LA,0.08752,248,4,3
LBXD05LA,0.61104,248,4,3
LBXD07LA,0.09536,248,4,3
LBXF03LA,0.03472,248,4,3
LBXF04LA,0.3152,248,4,3
LBXF05LA,0.02752,248,4,3
LBXF08LA,0.10368,248,4,3
LBX074LA,0.08832,249,1,3
LBX099LA,0.09904,249,1,3
LBX138LA,0.17312,249,1,3
LBX153LA,0.16064,249,1,3
LBX170LA,0.27376,249,1,3
LBX180LA,0.14864,249,1,3
LBX187LA,0.42336,249,1,3
LBX194LA,0.13568,249,1,3
LBXPCBLA,0.83744,249,1,3
LBXHXCLA,0.12032,249,1,3
LBX118LA,0.09408,249,1,3
LBXD03LA,0.09184,249,1,3
LBXD05LA,0.12672,249,1,3
LBXD07LA,0.33632,249,1,3
LBXF03LA,0.08768,249,1,3
LBXF04LA,0.13008,249,1,3
LBXF05LA,0.072,249,1,3
LBXF08LA,0.05936,249,1,3
LBX074LA,0.12752,250,1,3
LBX099LA,0.34112,250,1,3
LBX138LA,0.38496,250,1,3
LBX153LA,0.25904,250,1,3
LBX170LA,0.35408,250,1,3
LBX180LA,0.43456,250,1,3
LBX187LA,0.12864,250,1,3
LBX194LA,0.31984,250,1,3
LBXPCBLA,0.10304,250,1,3
LBXHXCLA,0.14864,250,1,3
LBX118LA,0.18128,250,1,3
LBXD03LA,0.6408,250,1,3
LBXD05LA,0.5144,250,1,3
LBXD07LA,0.0808,250,1,3
LBXF03LA,0.08016,250,1,3
LBXF04LA,0.6472,250,1,3
LBXF05LA,0.1168,250,1,3
LBXF08LA,0.07408,250,1,3
LBX074LA,0.19216,251,4,3
LBX099LA,0.08128,251,4,3
LBX138LA,0.09744,251,4,3
LBX153LA,0.1568,251,4,3
LBX170LA,0.10416,251,4,3
LBX180LA,0.14512,251,4,3
LBX187LA,0.06784,251,4,3
LBX194LA,0.15312,251,4,3
LBXPCBLA,0.208,251,4,3
LBXHXCLA,0.07152,251,4,3
LBX118LA,0.15312,251,4,3
LBXD03LA,0.05712,251,4,3
LBXD05LA,0.18416,251,4,3
LBXD07LA,0.41648,251,4,3
LBXF03LA,0.19936,251,4,3
LBXF04LA,0.8648,251,4,3
LBXF05LA,0.10272,251,4,3
LBXF08LA,0.03536,251,4,3
LBX074LA,0.072,252,2,3
LBX099LA,0.17392,252,2,3
LBX138LA,0.088,252,2,3
LBX153LA,0.16224,252,2,3
LBX170LA,0.16272,252,2,3
LBX180LA,0.19408,252,2,3
LBX187LA,0.20272,252,2,3
LBX194LA,0.87904,252,2,3
LBXPCBLA,0.03744,252,2,3
LBXHXCLA,0.13904,252,2,3
LBX118LA,0.0544,252,2,3
LBXD03LA,0.07424,252,2,3
LBXD05LA,0.95472,252,2,3
LBXD07LA,0.08704,252,2,3
LBXF03LA,0.0808,252,2,3
LBXF04LA,0.12384,252,2,3
LBXF05LA,0.09936,252,2,3
LBXF08LA,0.05776,252,2,3
LBX074LA,0.88976,253,2,3
LBX099LA,0.06656,253,2,3
LBX138LA,0.08144,253,2,3
LBX153LA,0.1312,253,2,3
LBX170LA,0.18416,253,2,3
LBX180LA,0.08864,253,2,3
LBX187LA,0.13392,253,2,3
LBX194LA,0.55056,253,2,3
LBXPCBLA,0.05696,253,2,3
LBXHXCLA,0.05936,253,2,3
LBX118LA,0.07104,253,2,3
LBXD03LA,0.10576,253,2,3
LBXD05LA,0.53024,253,2,3
LBXD07LA,0.10176,253,2,3
LBXF03LA,0.10688,253,2,3
LBXF04LA,0.50048,253,2,3
LBXF05LA,0.06176,253,2,3
LBXF08LA,0.1712,253,2,3
LBX074LA,0.50048,254,1,3
LBX099LA,0.12896,254,1,3
LBX138LA,0.10864,254,1,3
LBX153LA,0.11632,254,1,3
LBX170LA,0.13408,254,1,3
LBX180LA,0.10768,254,1,3
LBX187LA,0.09616,254,1,3
LBX194LA,0.08208,254,1,3
LBXPCBLA,0.09392,254,1,3
LBXHXCLA,0.08272,254,1,3
LBX118LA,0.36896,254,1,3
LBXD03LA,0.16848,254,1,3
LBXD05LA,0.1488,254,1,3
LBXD07LA,0.11248,254,1,3
LBXF03LA,0.09248,254,1,3
LBXF04LA,0.1496,254,1,3
LBXF05LA,0.07776,254,1,3
LBXF08LA,0.04528,254,1,3
LBX074LA,0.072,255,4,3
LBX099LA,0.05344,255,4,3
LBX138LA,0.13584,255,4,3
LBX153LA,0.1512,255,4,3
LBX170LA,0.0888,255,4,3
LBX180LA,0.12992,255,4,3
LBX187LA,0.10096,255,4,3
LBX194LA,0.09488,255,4,3
LBXPCBLA,0.06544,255,4,3
LBXHXCLA,0.3744,255,4,3
LBX118LA,0.2536,255,4,3
LBXD03LA,0.1312,255,4,3
LBXD05LA,0.05104,255,4,3
LBXD07LA,0.06064,255,4,3
LBXF03LA,0.29616,255,4,3
LBXF04LA,0.8848,255,4,3
LBXF05LA,0.1808,255,4,3
LBXF08LA,0.09616,255,4,3
LBX074LA,0.18944,256,2,3
LBX099LA,0.59056,256,2,3
LBX138LA,0.32752,256,2,3
LBX153LA,0.4568,256,2,3
LBX170LA,0.45536,256,2,3
LBX180LA,0.84608,256,2,3
LBX187LA,0.67728,256,2,3
LBX194LA,0.35216,256,2,3
LBXPCBLA,0.25488,256,2,3
LBXHXCLA,0.23616,256,2,3
LBX118LA,0.85008,256,2,3
LBXD03LA,0.17568,256,2,3
LBXD05LA,0.11008,256,2,3
LBXD07LA,0.32656,256,2,3
LBXF03LA,0.13312,256,2,3
LBXF04LA,0.90976,256,2,3
LBXF05LA,0.21072,256,2,3
LBXF08LA,0.1608,256,2,3
LBX074LA,0.17472,257,4,3
LBX099LA,0.1256,257,4,3
LBX138LA,0.24976,257,4,3
LBX153LA,0.15536,257,4,3
LBX170LA,0.31408,257,4,3
LBX180LA,0.85296,257,4,3
LBX187LA,0.18848,257,4,3
LBX194LA,0.09824,257,4,3
LBXPCBLA,0.04832,257,4,3
LBXHXCLA,0.14144,257,4,3
LBX118LA,0.08576,257,4,3
LBXD03LA,0.33632,257,4,3
LBXD05LA,0.38864,257,4,3
LBXD07LA,0.8392,257,4,3
LBXF03LA,0.31472,257,4,3
LBXF04LA,0.1008,257,4,3
LBXF05LA,0.04832,257,4,3
LBXF08LA,0.05584,257,4,3
LBX074LA,0.53984,258,2,3
LBX099LA,0.39536,258,2,3
LBX138LA,0.30096,258,2,3
LBX153LA,0.28096,258,2,3
LBX170LA,0.14384,258,2,3
LBX180LA,0.1688,258,2,3
LBX187LA,0.39056,258,2,3
LBX194LA,0.17776,258,2,3
LBXPCBLA,0.11792,258,2,3
LBXHXCLA,0.0888,258,2,3
LBX118LA,0.3016,258,2,3
LBXD03LA,0.09696,258,2,3
LBXD05LA,0.72464,258,2,3
LBXD07LA,0.132,258,2,3
LBXF03LA,0.05776,258,2,3
LBXF04LA,0.10608,258,2,3
LBXF05LA,0.08848,258,2,3
LBXF08LA,0.0504,258,2,3
LBX074LA,0.93936,259,4,3
LBX099LA,0.14,259,4,3
LBX138LA,0.11408,259,4,3
LBX153LA,0.12416,259,4,3
LBX170LA,0.09968,259,4,3
LBX180LA,0.03568,259,4,3
LBX187LA,0.06304,259,4,3
LBX194LA,0.07024,259,4,3
LBXPCBLA,0.09168,259,4,3
LBXHXCLA,0.05872,259,4,3
LBX118LA,0.13744,259,4,3
LBXD03LA,0.116,259,4,3
LBXD05LA,0.82656,259,4,3
LBXD07LA,0.08544,259,4,3
LBXF03LA,0.029760000000000002,259,4,3
LBXF04LA,0.40528,259,4,3
LBXF05LA,0.10784,259,4,3
LBXF08LA,0.03104,259,4,3
LBX074LA,0.07376,260,3,3
LBX099LA,0.32512,260,3,3
LBX138LA,0.21088,260,3,3
LBX153LA,0.65248,260,3,3
LBX170LA,0.224,260,3,3
LBX180LA,0.312,260,3,3
LBX187LA,0.1752,260,3,3
LBX194LA,0.24384,260,3,3
LBXPCBLA,0.31536,260,3,3
LBXHXCLA,0.92144,260,3,3
LBX118LA,0.1984,260,3,3
LBXD03LA,0.19024,260,3,3
LBXD05LA,0.1168,260,3,3
LBXD07LA,0.54304,260,3,3
LBXF03LA,0.07216,260,3,3
LBXF04LA,0.468,260,3,3
LBXF05LA,0.26896,260,3,3
LBXF08LA,0.0344,260,3,3
LBX074LA,0.37728,261,2,3
LBX099LA,0.27104,261,2,3
LBX138LA,0.17936,261,2,3
LBX153LA,0.1728,261,2,3
LBX170LA,0.26928,261,2,3
LBX180LA,0.25072,261,2,3
LBX187LA,0.79488,261,2,3
LBX194LA,0.36048,261,2,3
LBXPCBLA,0.70672,261,2,3
LBXHXCLA,0.15296,261,2,3
LBX118LA,0.17008,261,2,3
LBXD03LA,0.17504,261,2,3
LBXD05LA,0.13264,261,2,3
LBXD07LA,0.0952,261,2,3
LBXF03LA,0.13488,261,2,3
LBXF04LA,0.2384,261,2,3
LBXF05LA,0.46,261,2,3
LBXF08LA,0.89568,261,2,3
LBX074LA,0.4432,262,3,3
LBX099LA,0.2064,262,3,3
LBX138LA,0.26016,262,3,3
LBX153LA,0.30144,262,3,3
LBX170LA,0.20816,262,3,3
LBX180LA,0.2336,262,3,3
LBX187LA,0.16288,262,3,3
LBX194LA,0.8544,262,3,3
LBXPCBLA,0.06304,262,3,3
LBXHXCLA,0.09904,262,3,3
LBX118LA,0.48448,262,3,3
LBXD03LA,0.15392,262,3,3
LBXD05LA,0.32144,262,3,3
LBXD07LA,0.14688,262,3,3
LBXF03LA,0.19456,262,3,3
LBXF04LA,0.31264,262,3,3
LBXF05LA,0.53616,262,3,3
LBXF08LA,0.25696,262,3,3
LBX074LA,0.06128,263,4,3
LBX099LA,0.0672,263,4,3
LBX138LA,0.14736,263,4,3
LBX153LA,0.42768,263,4,3
LBX170LA,0.41152,263,4,3
LBX180LA,0.21696,263,4,3
LBX187LA,0.22128,263,4,3
LBX194LA,0.31376,263,4,3
LBXPCBLA,0.10672,263,4,3
LBXHXCLA,0.05376,263,4,3
LBX118LA,0.07856,263,4,3
LBXD03LA,0.07888,263,4,3
LBXD05LA,0.85792,263,4,3
LBXD07LA,0.11328,263,4,3
LBXF03LA,0.17424,263,4,3
LBXF04LA,0.26928,263,4,3
LBXF05LA,0.11008,263,4,3
LBXF08LA,0.059520000000000003,263,4,3
LBX074LA,0.38944,264,2,3
LBX099LA,0.42336,264,2,3
LBX138LA,0.36688,264,2,3
LBX153LA,0.28224,264,2,3
LBX170LA,0.52656,264,2,3
LBX180LA,0.19712,264,2,3
LBX187LA,0.24208,264,2,3
LBX194LA,0.4336,264,2,3
LBXPCBLA,0.0976,264,2,3
LBXHXCLA,0.10192,264,2,3
LBX118LA,0.76656,264,2,3
LBXD03LA,0.2048,264,2,3
LBXD05LA,0.07328,264,2,3
LBXD07LA,0.96064,264,2,3
LBXF03LA,0.08432,264,2,3
LBXF04LA,0.7304,264,2,3
LBXF05LA,0.07136,264,2,3
LBXF08LA,0.30672,264,2,3
LBX074LA,0.24064,265,2,3
LBX099LA,0.09728,265,2,3
LBX138LA,0.15504,265,2,3
LBX153LA,0.27632,265,2,3
LBX170LA,0.30048,265,2,3
LBX180LA,0.9608,265,2,3
LBX187LA,0.20576,265,2,3
LBX194LA,0.93328,265,2,3
LBXPCBLA,0.3968,265,2,3
LBXHXCLA,0.08928,265,2,3
LBX118LA,0.56448,265,2,3
LBXD03LA,0.0976,265,2,3
LBXD05LA,0.47616000000000003,265,2,3
LBXD07LA,0.18064,265,2,3
LBXF03LA,0.06352,265,2,3
LBXF04LA,0.94176,265,2,3
LBXF05LA,0.07552,265,2,3
LBXF08LA,0.0552,265,2,3
LBX074LA,0.37584,266,2,3
LBX099LA,0.3984,266,2,3
LBX138LA,0.62704,266,2,3
LBX153LA,0.3544,266,2,3
LBX170LA,0.33456,266,2,3
LBX180LA,0.57008,266,2,3
LBX187LA,0.22912,266,2,3
LBX194LA,0.7448,266,2,3
LBXPCBLA,0.11232,266,2,3
LBXHXCLA,0.15424,266,2,3
LBX118LA,0.65296,266,2,3
LBXD03LA,0.65056,266,2,3
LBXD05LA,0.65968,266,2,3
LBXD07LA,0.08784,266,2,3
LBXF03LA,0.1016,266,2,3
LBXF04LA,0.85968,266,2,3
LBXF05LA,0.13328,266,2,3
LBXF08LA,0.05232,266,2,3
LBX074LA,0.17312,267,1,3
LBX099LA,0.12192,267,1,3
LBX138LA,0.2048,267,1,3
LBX153LA,0.22656,267,1,3
LBX170LA,0.132,267,1,3
LBX180LA,0.23488,267,1,3
LBX187LA,0.1312,267,1,3
LBX194LA,0.13232,267,1,3
LBXPCBLA,0.11616,267,1,3
LBXHXCLA,0.14608,267,1,3
LBX118LA,0.52208,267,1,3
LBXD03LA,0.09824,267,1,3
LBXD05LA,0.22048,267,1,3
LBXD07LA,0.08224,267,1,3
LBXF03LA,0.07712,267,1,3
LBXF04LA,0.08688,267,1,3
LBXF05LA,0.09936,267,1,3
LBXF08LA,0.07328,267,1,3
LBX074LA,0.31824,268,4,3
LBX099LA,0.07024,268,4,3
LBX138LA,0.11424,268,4,3
LBX153LA,0.15968,268,4,3
LBX170LA,0.0848,268,4,3
LBX180LA,0.07232,268,4,3
LBX187LA,0.06864,268,4,3
LBX194LA,0.18848,268,4,3
LBXPCBLA,0.08608,268,4,3
LBXHXCLA,0.05712,268,4,3
LBX118LA,0.12352,268,4,3
LBXD03LA,0.13584,268,4,3
LBXD05LA,0.36688,268,4,3
LBXD07LA,0.82048,268,4,3
LBXF03LA,0.68128,268,4,3
LBXF04LA,0.75088,268,4,3
LBXF05LA,0.18576,268,4,3
LBXF08LA,0.0496,268,4,3
LBX074LA,0.13776,269,1,3
LBX099LA,0.06784,269,1,3
LBX138LA,0.22976,269,1,3
LBX153LA,0.17952,269,1,3
LBX170LA,0.12688,269,1,3
LBX180LA,0.17968,269,1,3
LBX187LA,0.1816,269,1,3
LBX194LA,0.15584,269,1,3
LBXPCBLA,0.31984,269,1,3
LBXHXCLA,0.50192,269,1,3
LBX118LA,0.08032,269,1,3
LBXD03LA,0.10416,269,1,3
LBXD05LA,0.19488,269,1,3
LBXD07LA,0.0672,269,1,3
LBXF03LA,0.0568,269,1,3
LBXF04LA,0.2088,269,1,3
LBXF05LA,0.07888,269,1,3
LBXF08LA,0.05024,269,1,3
LBX074LA,0.24352,270,3,3
LBX099LA,0.1584,270,3,3
LBX138LA,0.26672,270,3,3
LBX153LA,0.27424,270,3,3
LBX170LA,0.61936,270,3,3
LBX180LA,0.66736,270,3,3
LBX187LA,0.35552,270,3,3
LBX194LA,0.17696,270,3,3
LBXPCBLA,0.39248,270,3,3
LBXHXCLA,0.19888,270,3,3
LBX118LA,0.16,270,3,3
LBXD03LA,0.44976,270,3,3
LBXD05LA,0.58112,270,3,3
LBXD07LA,0.09664,270,3,3
LBXF03LA,0.12912,270,3,3
LBXF04LA,0.41472,270,3,3
LBXF05LA,0.06816,270,3,3
LBXF08LA,0.09808,270,3,3
LBX074LA,0.40736,271,1,3
LBX099LA,0.61376,271,1,3
LBX138LA,0.19984,271,1,3
LBX153LA,0.17744,271,1,3
LBX170LA,0.16464,271,1,3
LBX180LA,0.19344,271,1,3
LBX187LA,0.1376,271,1,3
LBX194LA,0.15552,271,1,3
LBXPCBLA,0.0936,271,1,3
LBXHXCLA,0.2232,271,1,3
LBX118LA,0.12512,271,1,3
LBXD03LA,0.1272,271,1,3
LBXD05LA,0.33312,271,1,3
LBXD07LA,0.10272,271,1,3
LBXF03LA,0.08336,271,1,3
LBXF04LA,0.39008,271,1,3
LBXF05LA,0.28032,271,1,3
LBXF08LA,0.08096,271,1,3
LBX074LA,0.96864,272,1,3
LBX099LA,0.12256,272,1,3
LBX138LA,0.16,272,1,3
LBX153LA,0.20592,272,1,3
LBX170LA,0.37696,272,1,3
LBX180LA,0.2904,272,1,3
LBX187LA,0.35872,272,1,3
LBX194LA,0.44288,272,1,3
LBXPCBLA,0.14176,272,1,3
LBXHXCLA,0.336,272,1,3
LBX118LA,0.13792,272,1,3
LBXD03LA,0.11104,272,1,3
LBXD05LA,0.54624,272,1,3
LBXD07LA,0.12656,272,1,3
LBXF03LA,0.09856,272,1,3
LBXF04LA,0.10656,272,1,3
LBXF05LA,0.07472,272,1,3
LBXF08LA,0.09984,272,1,3
LBX074LA,0.36272,273,2,3
LBX099LA,0.26272,273,2,3
LBX138LA,0.16544,273,2,3
LBX153LA,0.2096,273,2,3
LBX170LA,0.23024,273,2,3
LBX180LA,0.17984,273,2,3
LBX187LA,0.12256,273,2,3
LBX194LA,0.22192,273,2,3
LBXPCBLA,0.14528,273,2,3
LBXHXCLA,0.10368,273,2,3
LBX118LA,0.36832,273,2,3
LBXD03LA,0.20784,273,2,3
LBXD05LA,0.26208,273,2,3
LBXD07LA,0.14848,273,2,3
LBXF03LA,0.08816,273,2,3
LBXF04LA,0.89872,273,2,3
LBXF05LA,0.51136,273,2,3
LBXF08LA,0.13776,273,2,3
LBX074LA,0.65584,274,3,3
LBX099LA,0.1136,274,3,3
LBX138LA,0.55408,274,3,3
LBX153LA,0.46464,274,3,3
LBX170LA,0.25136,274,3,3
LBX180LA,0.19648,274,3,3
LBX187LA,0.21312,274,3,3
LBX194LA,0.26112,274,3,3
LBXPCBLA,0.8336,274,3,3
LBXHXCLA,0.18288,274,3,3
LBX118LA,0.20976,274,3,3
LBXD03LA,0.18272,274,3,3
LBXD05LA,0.21024,274,3,3
LBXD07LA,0.6168,274,3,3
LBXF03LA,0.05376,274,3,3
LBXF04LA,0.16224,274,3,3
LBXF05LA,0.32528,274,3,3
LBXF08LA,0.09744,274,3,3
LBX074LA,0.11216,275,3,3
LBX099LA,0.12896,275,3,3
LBX138LA,0.3776,275,3,3
LBX153LA,0.16624,275,3,3
LBX170LA,0.17152,275,3,3
LBX180LA,0.22624,275,3,3
LBX187LA,0.32528,275,3,3
LBX194LA,0.24512,275,3,3
LBXPCBLA,0.06,275,3,3
LBXHXCLA,0.06336,275,3,3
LBX118LA,0.41808,275,3,3
LBXD03LA,0.07168,275,3,3
LBXD05LA,0.66864,275,3,3
LBXD07LA,0.15872,275,3,3
LBXF03LA,0.14944,275,3,3
LBXF04LA,0.91456,275,3,3
LBXF05LA,0.8416,275,3,3
LBXF08LA,0.06464,275,3,3
LBX074LA,0.96656,276,1,3
LBX099LA,0.128,276,1,3
LBX138LA,0.13408,276,1,3
LBX153LA,0.14768,276,1,3
LBX170LA,0.11264,276,1,3
LBX180LA,0.18688,276,1,3
LBX187LA,0.12496,276,1,3
LBX194LA,0.18112,276,1,3
LBXPCBLA,0.62144,276,1,3
LBXHXCLA,0.17104,276,1,3
LBX118LA,0.53568,276,1,3
LBXD03LA,0.09072,276,1,3
LBXD05LA,0.31888,276,1,3
LBXD07LA,0.14864,276,1,3
LBXF03LA,0.0464,276,1,3
LBXF04LA,0.08064,276,1,3
LBXF05LA,0.0656,276,1,3
LBXF08LA,0.11552,276,1,3
LBX074LA,0.20944,277,1,3
LBX099LA,0.1176,277,1,3
LBX138LA,0.15088,277,1,3
LBX153LA,0.14704,277,1,3
LBX170LA,0.13984,277,1,3
LBX180LA,0.12768,277,1,3
LBX187LA,0.12704,277,1,3
LBX194LA,0.89744,277,1,3
LBXPCBLA,0.10384,277,1,3
LBXHXCLA,0.33024,277,1,3
LBX118LA,0.1104,277,1,3
LBXD03LA,0.22416,277,1,3
LBXD05LA,0.9768,277,1,3
LBXD07LA,0.09888,277,1,3
LBXF03LA,0.14592,277,1,3
LBXF04LA,0.09904,277,1,3
LBXF05LA,0.112,277,1,3
LBXF08LA,0.13776,277,1,3
LBX074LA,0.27216,278,1,3
LBX099LA,0.13392,278,1,3
LBX138LA,0.18336,278,1,3
LBX153LA,0.27088,278,1,3
LBX170LA,0.42624,278,1,3
LBX180LA,0.17264,278,1,3
LBX187LA,0.1808,278,1,3
LBX194LA,0.31136,278,1,3
LBXPCBLA,0.26976,278,1,3
LBXHXCLA,0.13936,278,1,3
LBX118LA,0.12896,278,1,3
LBXD03LA,0.53712,278,1,3
LBXD05LA,0.18304,278,1,3
LBXD07LA,0.19488,278,1,3
LBXF03LA,0.0824,278,1,3
LBXF04LA,0.30912,278,1,3
LBXF05LA,0.12672,278,1,3
LBXF08LA,0.40368,278,1,3
LBX074LA,0.0728,279,2,3
LBX099LA,0.1912,279,2,3
LBX138LA,0.15616,279,2,3
LBX153LA,0.13136,279,2,3
LBX170LA,0.11968,279,2,3
LBX180LA,0.27024,279,2,3
LBX187LA,0.33744,279,2,3
LBX194LA,0.24944,279,2,3
LBXPCBLA,0.06864,279,2,3
LBXHXCLA,0.16496,279,2,3
LBX118LA,0.07424,279,2,3
LBXD03LA,0.2336,279,2,3
LBXD05LA,0.04624,279,2,3
LBXD07LA,0.04032,279,2,3
LBXF03LA,0.34848,279,2,3
LBXF04LA,0.80544,279,2,3
LBXF05LA,0.07072,279,2,3
LBXF08LA,0.03984,279,2,3
LBX074LA,0.98432,280,3,3
LBX099LA,0.13648,280,3,3
LBX138LA,0.21824,280,3,3
LBX153LA,0.34672,280,3,3
LBX170LA,0.20832,280,3,3
LBX180LA,0.60016,280,3,3
LBX187LA,0.21248,280,3,3
LBX194LA,0.51632,280,3,3
LBXPCBLA,0.06528,280,3,3
LBXHXCLA,0.08816,280,3,3
LBX118LA,0.29856,280,3,3
LBXD03LA,0.59168,280,3,3
LBXD05LA,0.22448,280,3,3
LBXD07LA,0.20704,280,3,3
LBXF03LA,0.05712,280,3,3
LBXF04LA,0.7024,280,3,3
LBXF05LA,0.13296,280,3,3
LBXF08LA,0.14096,280,3,3
LBX074LA,0.07488,281,1,3
LBX099LA,0.07168,281,1,3
LBX138LA,0.1544,281,1,3
LBX153LA,0.1368,281,1,3
LBX170LA,0.17584,281,1,3
LBX180LA,0.16656,281,1,3
LBX187LA,0.2472,281,1,3
LBX194LA,0.19872,281,1,3
LBXPCBLA,0.80912,281,1,3
LBXHXCLA,0.09472,281,1,3
LBX118LA,0.10368,281,1,3
LBXD03LA,0.83472,281,1,3
LBXD05LA,0.34944,281,1,3
LBXD07LA,0.65792,281,1,3
LBXF03LA,0.05664,281,1,3
LBXF04LA,0.5512,281,1,3
LBXF05LA,0.0968,281,1,3
LBXF08LA,0.05856,281,1,3
LBX074LA,0.95744,282,4,3
LBX099LA,0.08448,282,4,3
LBX138LA,0.22624,282,4,3
LBX153LA,0.2048,282,4,3
LBX170LA,0.2944,282,4,3
LBX180LA,0.16032,282,4,3
LBX187LA,0.12528,282,4,3
LBX194LA,0.58976,282,4,3
LBXPCBLA,0.10624,282,4,3
LBXHXCLA,0.064,282,4,3
LBX118LA,0.0848,282,4,3
LBXD03LA,0.78304,282,4,3
LBXD05LA,0.70192,282,4,3
LBXD07LA,0.31904,282,4,3
LBXF03LA,0.05968,282,4,3
LBXF04LA,0.13072,282,4,3
LBXF05LA,0.06704,282,4,3
LBXF08LA,0.08752,282,4,3
LBX074LA,0.21072,283,4,3
LBX099LA,0.06672,283,4,3
LBX138LA,0.74928,283,4,3
LBX153LA,0.34288,283,4,3
LBX170LA,0.22352,283,4,3
LBX180LA,0.22496,283,4,3
LBX187LA,0.11056,283,4,3
LBX194LA,0.61984,283,4,3
LBXPCBLA,0.27408,283,4,3
LBXHXCLA,0.07456,283,4,3
LBX118LA,0.93104,283,4,3
LBXD03LA,0.2968,283,4,3
LBXD05LA,0.84064,283,4,3
LBXD07LA,0.3344,283,4,3
LBXF03LA,0.14672,283,4,3
LBXF04LA,0.61936,283,4,3
LBXF05LA,0.06224,283,4,3
LBXF08LA,0.19088,283,4,3
LBX074LA,0.20336,284,2,3
LBX099LA,0.25888,284,2,3
LBX138LA,0.12896,284,2,3
LBX153LA,0.13104,284,2,3
LBX170LA,0.52752,284,2,3
LBX180LA,0.1752,284,2,3
LBX187LA,0.09984,284,2,3
LBX194LA,0.35456,284,2,3
LBXPCBLA,0.04608,284,2,3
LBXHXCLA,0.28176,284,2,3
LBX118LA,0.09072,284,2,3
LBXD03LA,0.11856,284,2,3
LBXD05LA,0.08784,284,2,3
LBXD07LA,0.0304,284,2,3
LBXF03LA,0.11168,284,2,3
LBXF04LA,0.07264,284,2,3
LBXF05LA,0.05552,284,2,3
LBXF08LA,0.17696,284,2,3
LBX074LA,0.12464,285,3,3
LBX099LA,0.19344,285,3,3
LBX138LA,0.14208,285,3,3
LBX153LA,0.15424,285,3,3
LBX170LA,0.15328,285,3,3
LBX180LA,0.12016,285,3,3
LBX187LA,0.17072,285,3,3
LBX194LA,0.95376,285,3,3
LBXPCBLA,0.33888,285,3,3
LBXHXCLA,0.66512,285,3,3
LBX118LA,0.47968,285,3,3
LBXD03LA,0.31536,285,3,3
LBXD05LA,0.28352,285,3,3
LBXD07LA,0.2104,285,3,3
LBXF03LA,0.0576,285,3,3
LBXF04LA,0.46704,285,3,3
LBXF05LA,0.256,285,3,3
LBXF08LA,0.14048,285,3,3
LBX074LA,0.22656,286,3,3
LBX099LA,0.82128,286,3,3
LBX138LA,0.13728,286,3,3
LBX153LA,0.17248,286,3,3
LBX170LA,0.1688,286,3,3
LBX180LA,0.232,286,3,3
LBX187LA,0.09728,286,3,3
LBX194LA,0.30816,286,3,3
LBXPCBLA,0.03216,286,3,3
LBXHXCLA,0.16752,286,3,3
LBX118LA,0.06992,286,3,3
LBXD03LA,0.7712,286,3,3
LBXD05LA,0.09184,286,3,3
LBXD07LA,0.108,286,3,3
LBXF03LA,0.05872,286,3,3
LBXF04LA,0.84768,286,3,3
LBXF05LA,0.20112,286,3,3
LBXF08LA,0.05376,286,3,3
LBX074LA,0.088,287,2,3
LBX099LA,0.05616,287,2,3
LBX138LA,0.09728,287,2,3
LBX153LA,0.08832,287,2,3
LBX170LA,0.1512,287,2,3
LBX180LA,0.10176,287,2,3
LBX187LA,0.11952,287,2,3
LBX194LA,0.8424,287,2,3
LBXPCBLA,0.0528,287,2,3
LBXHXCLA,0.10592,287,2,3
LBX118LA,0.31552,287,2,3
LBXD03LA,0.07792,287,2,3
LBXD05LA,0.16688,287,2,3
LBXD07LA,0.05088,287,2,3
LBXF03LA,0.03584,287,2,3
LBXF04LA,0.72896,287,2,3
LBXF05LA,0.1512,287,2,3
LBXF08LA,0.03648,287,2,3
LBX074LA,0.10736,288,4,3
LBX099LA,0.12544,288,4,3
LBX138LA,0.26544,288,4,3
LBX153LA,0.57344,288,4,3
LBX170LA,0.2064,288,4,3
LBX180LA,0.13696,288,4,3
LBX187LA,0.10832,288,4,3
LBX194LA,0.5736,288,4,3
LBXPCBLA,0.04368,288,4,3
LBXHXCLA,0.06688,288,4,3
LBX118LA,0.10816,288,4,3
LBXD03LA,0.08944,288,4,3
LBXD05LA,0.26784,288,4,3
LBXD07LA,0.8136,288,4,3
LBXF03LA,0.12784,288,4,3
LBXF04LA,0.83568,288,4,3
LBXF05LA,0.05632,288,4,3
LBXF08LA,0.2592,288,4,3
LBX074LA,0.2304,289,4,3
LBX099LA,0.59008,289,4,3
LBX138LA,0.37456,289,4,3
LBX153LA,0.57216,289,4,3
LBX170LA,0.19728,289,4,3
LBX180LA,0.35536,289,4,3
LBX187LA,0.15936,289,4,3
LBX194LA,0.74528,289,4,3
LBXPCBLA,0.30192,289,4,3
LBXHXCLA,0.27984,289,4,3
LBX118LA,0.49664,289,4,3
LBXD03LA,0.07536,289,4,3
LBXD05LA,0.66656,289,4,3
LBXD07LA,0.26224,289,4,3
LBXF03LA,0.4592,289,4,3
LBXF04LA,0.33872,289,4,3
LBXF05LA,0.05712,289,4,3
LBXF08LA,0.0904,289,4,3
LBX074LA,0.05488,290,4,3
LBX099LA,0.06432,290,4,3
LBX138LA,0.11136,290,4,3
LBX153LA,0.42912,290,4,3
LBX170LA,0.12336,290,4,3
LBX180LA,0.13808,290,4,3
LBX187LA,0.3232,290,4,3
LBX194LA,0.8528,290,4,3
LBXPCBLA,0.79392,290,4,3
LBXHXCLA,0.0592,290,4,3
LBX118LA,0.17376,290,4,3
LBXD03LA,0.084,290,4,3
LBXD05LA,0.39392,290,4,3
LBXD07LA,0.10176,290,4,3
LBXF03LA,0.064,290,4,3
LBXF04LA,0.08384,290,4,3
LBXF05LA,0.04704,290,4,3
LBXF08LA,0.03184,290,4,3
LBX074LA,0.42848,291,2,3
LBX099LA,0.18224,291,2,3
LBX138LA,0.3528,291,2,3
LBX153LA,0.288,291,2,3
LBX170LA,0.3904,291,2,3
LBX180LA,0.3792,291,2,3
LBX187LA,0.4344,291,2,3
LBX194LA,0.50064,291,2,3
LBXPCBLA,0.30832,291,2,3
LBXHXCLA,0.58704,291,2,3
LBX118LA,0.3536,291,2,3
LBXD03LA,0.89904,291,2,3
LBXD05LA,0.10768,291,2,3
LBXD07LA,0.66864,291,2,3
LBXF03LA,0.2744,291,2,3
LBXF04LA,0.99696,291,2,3
LBXF05LA,0.5616,291,2,3
LBXF08LA,0.08752,291,2,3
LBX074LA,0.35168,292,2,3
LBX099LA,0.46304,292,2,3
LBX138LA,0.17008,292,2,3
LBX153LA,0.12384,292,2,3
LBX170LA,0.12528,292,2,3
LBX180LA,0.25584,292,2,3
LBX187LA,0.11136,292,2,3
LBX194LA,0.1784,292,2,3
LBXPCBLA,0.72656,292,2,3
LBXHXCLA,0.15776,292,2,3
LBX118LA,0.252,292,2,3
LBXD03LA,0.3456,292,2,3
LBXD05LA,0.56912,292,2,3
LBXD07LA,0.0984,292,2,3
LBXF03LA,0.1,292,2,3
LBXF04LA,0.80592,292,2,3
LBXF05LA,0.16272,292,2,3
LBXF08LA,0.2048,292,2,3
LBX074LA,0.92224,293,1,3
LBX099LA,0.13136,293,1,3
LBX138LA,0.3712,293,1,3
LBX153LA,0.3408,293,1,3
LBX170LA,0.28128,293,1,3
LBX180LA,0.72992,293,1,3
LBX187LA,0.2272,293,1,3
LBX194LA,0.4664,293,1,3
LBXPCBLA,0.07328,293,1,3
LBXHXCLA,0.48592,293,1,3
LBX118LA,0.1864,293,1,3
LBXD03LA,0.26384,293,1,3
LBXD05LA,0.14768,293,1,3
LBXD07LA,0.16752,293,1,3
LBXF03LA,0.136,293,1,3
LBXF04LA,0.68624,293,1,3
LBXF05LA,0.26544,293,1,3
LBXF08LA,0.10928,293,1,3
LBX074LA,0.30832,294,2,3
LBX099LA,0.53616,294,2,3
LBX138LA,0.3608,294,2,3
LBX153LA,0.67296,294,2,3
LBX170LA,0.32896,294,2,3
LBX180LA,0.26656,294,2,3
LBX187LA,0.44528,294,2,3
LBX194LA,0.64336,294,2,3
LBXPCBLA,0.0936,294,2,3
LBXHXCLA,0.87888,294,2,3
LBX118LA,0.1352,294,2,3
LBXD03LA,0.09792,294,2,3
LBXD05LA,0.31376,294,2,3
LBXD07LA,0.27552,294,2,3
LBXF03LA,0.08192,294,2,3
LBXF04LA,0.10992,294,2,3
LBXF05LA,0.14688,294,2,3
LBXF08LA,0.1304,294,2,3
LBX074LA,0.10528,295,2,3
LBX099LA,0.0992,295,2,3
LBX138LA,0.1048,295,2,3
LBX153LA,0.16224,295,2,3
LBX170LA,0.28272,295,2,3
LBX180LA,0.2272,295,2,3
LBX187LA,0.12688,295,2,3
LBX194LA,0.5416,295,2,3
LBXPCBLA,0.224,295,2,3
LBXHXCLA,0.12528,295,2,3
LBX118LA,0.10592,295,2,3
LBXD03LA,0.42016,295,2,3
LBXD05LA,0.37728,295,2,3
LBXD07LA,0.09408,295,2,3
LBXF03LA,0.12448,295,2,3
LBXF04LA,0.86288,295,2,3
LBXF05LA,0.1512,295,2,3
LBXF08LA,0.08336,295,2,3
LBX074LA,0.21632,296,2,3
LBX099LA,0.06848,296,2,3
LBX138LA,0.13264,296,2,3
LBX153LA,0.10672,296,2,3
LBX170LA,0.31136,296,2,3
LBX180LA,0.14576,296,2,3
LBX187LA,0.08224,296,2,3
LBX194LA,0.4136,296,2,3
LBXPCBLA,0.07152,296,2,3
LBXHXCLA,0.29936,296,2,3
LBX118LA,0.07168,296,2,3
LBXD03LA,0.44944,296,2,3
LBXD05LA,0.14,296,2,3
LBXD07LA,0.08464,296,2,3
LBXF03LA,0.09488,296,2,3
LBXF04LA,0.63184,296,2,3
LBXF05LA,0.53088,296,2,3
LBXF08LA,0.17056,296,2,3
LBX074LA,0.08528,297,4,3
LBX099LA,0.14912,297,4,3
LBX138LA,0.08912,297,4,3
LBX153LA,0.2808,297,4,3
LBX170LA,0.26144,297,4,3
LBX180LA,0.08496,297,4,3
LBX187LA,0.06432,297,4,3
LBX194LA,0.1128,297,4,3
LBXPCBLA,0.88208,297,4,3
LBXHXCLA,0.23648,297,4,3
LBX118LA,0.11424,297,4,3
LBXD03LA,0.27184,297,4,3
LBXD05LA,0.79312,297,4,3
LBXD07LA,0.20672,297,4,3
LBXF03LA,0.10736,297,4,3
LBXF04LA,0.05232,297,4,3
LBXF05LA,0.42208,297,4,3
LBXF08LA,0.08352,297,4,3
LBX074LA,0.30416,298,4,3
LBX099LA,0.12816,298,4,3
LBX138LA,0.22864,298,4,3
LBX153LA,0.4712,298,4,3
LBX170LA,0.33824,298,4,3
LBX180LA,0.75568,298,4,3
LBX187LA,0.132,298,4,3
LBX194LA,0.76112,298,4,3
LBXPCBLA,0.13728,298,4,3
LBXHXCLA,0.45024,298,4,3
LBX118LA,0.3288,298,4,3
LBXD03LA,0.80112,298,4,3
LBXD05LA,0.96464,298,4,3
LBXD07LA,0.16192,298,4,3
LBXF03LA,0.06208,298,4,3
LBXF04LA,0.09648,298,4,3
LBXF05LA,0.22992,298,4,3
LBXF08LA,0.17232,298,4,3
LBX074LA,0.19488,299,1,3
LBX099LA,0.10448,299,1,3
LBX138LA,0.14048,299,1,3
LBX153LA,0.152,299,1,3
LBX170LA,0.14992,299,1,3
LBX180LA,0.14256,299,1,3
LBX187LA,0.31728,299,1,3
LBX194LA,0.5088,299,1,3
LBXPCBLA,0.08432,299,1,3
LBXHXCLA,0.08512,299,1,3
LBX118LA,0.17296,299,1,3
LBXD03LA,0.21776,299,1,3
LBXD05LA,0.34576,299,1,3
LBXD07LA,0.09408,299,1,3
LBXF03LA,0.164,299,1,3
LBXF04LA,0.12944,299,1,3
LBXF05LA,0.1696,299,1,3
LBXF08LA,0.29744,299,1,3
LBX074LA,0.0912,300,1,3
LBX099LA,0.18272,300,1,3
LBX138LA,0.10304,300,1,3
LBX153LA,0.13648,300,1,3
LBX170LA,0.1704,300,1,3
LBX180LA,0.11856,300,1,3
LBX187LA,0.11312,300,1,3
LBX194LA,0.2336,300,1,3
LBXPCBLA,0.78624,300,1,3
LBXHXCLA,0.0984,300,1,3
LBX118LA,0.13232,300,1,3
LBXD03LA,0.32768,300,1,3
LBXD05LA,0.35968,300,1,3
LBXD07LA,0.1032,300,1,3
LBXF03LA,0.08256,300,1,3
LBXF04LA,0.09968,300,1,3
LBXF05LA,0.07232,300,1,3
LBXF08LA,0.0792,300,1,3
LBX074LA,0.11456,301,2,4
LBX099LA,0.25744,301,2,4
LBX138LA,0.3096,301,2,4
LBX153LA,0.31472,301,2,4
LBX170LA,0.26512,301,2,4
LBX180LA,0.18656,301,2,4
LBX187LA,0.22544,301,2,4
LBX194LA,0.90832,301,2,4
LBXPCBLA,0.1888,301,2,4
LBXHXCLA,0.69024,301,2,4
LBX118LA,0.19632,301,2,4
LBXD03LA,0.21088,301,2,4
LBXD05LA,0.9568,301,2,4
LBXD07LA,0.28112,301,2,4
LBXF03LA,0.29072,301,2,4
LBXF04LA,0.61744,301,2,4
LBXF05LA,0.16336,301,2,4
LBXF08LA,0.10704,301,2,4
LBX074LA,0.0448,302,2,4
LBX099LA,0.04416,302,2,4
LBX138LA,0.02528,302,2,4
LBX153LA,0.04416,302,2,4
LBX170LA,0.07872,302,2,4
LBX180LA,0.06144,302,2,4
LBX187LA,0.09696,302,2,4
LBX194LA,0.72224,302,2,4
LBXPCBLA,0.24272,302,2,4
LBXHXCLA,0.14224,302,2,4
LBX118LA,0.05072,302,2,4
LBXD03LA,0.04208,302,2,4
LBXD05LA,0.34272,302,2,4
LBXD07LA,0.2904,302,2,4
LBXF03LA,0.01936,302,2,4
LBXF04LA,0.90192,302,2,4
LBXF05LA,0.03456,302,2,4
LBXF08LA,0.04,302,2,4
LBX074LA,0.1792,303,2,4
LBX099LA,0.51152,303,2,4
LBX138LA,0.15168,303,2,4
LBX153LA,0.14096,303,2,4
LBX170LA,0.24032,303,2,4
LBX180LA,0.20848,303,2,4
LBX187LA,0.11312,303,2,4
LBX194LA,0.14576,303,2,4
LBXPCBLA,0.31152,303,2,4
LBXHXCLA,0.09264,303,2,4
LBX118LA,0.56784,303,2,4
LBXD03LA,0.6096,303,2,4
LBXD05LA,0.12416,303,2,4
LBXD07LA,0.83712,303,2,4
LBXF03LA,0.05936,303,2,4
LBXF04LA,0.7296,303,2,4
LBXF05LA,0.11952,303,2,4
LBXF08LA,0.13968,303,2,4
LBX074LA,0.07312,304,2,4
LBX099LA,0.14272,304,2,4
LBX138LA,0.26384,304,2,4
LBX153LA,0.19728,304,2,4
LBX170LA,0.34656,304,2,4
LBX180LA,0.13328,304,2,4
LBX187LA,0.12496,304,2,4
LBX194LA,0.08896,304,2,4
LBXPCBLA,0.03056,304,2,4
LBXHXCLA,0.33648,304,2,4
LBX118LA,0.15472,304,2,4
LBXD03LA,0.08352,304,2,4
LBXD05LA,0.50384,304,2,4
LBXD07LA,0.73328,304,2,4
LBXF03LA,0.0592,304,2,4
LBXF04LA,0.336,304,2,4
LBXF05LA,0.04672,304,2,4
LBXF08LA,0.02784,304,2,4
LBX074LA,0.23664,305,1,4
LBX099LA,0.07168,305,1,4
LBX138LA,0.27664,305,1,4
LBX153LA,0.14944,305,1,4
LBX170LA,0.29952,305,1,4
LBX180LA,0.16096,305,1,4
LBX187LA,0.2992,305,1,4
LBX194LA,0.09504,305,1,4
LBXPCBLA,0.44224,305,1,4
LBXHXCLA,0.10656,305,1,4
LBX118LA,0.08848,305,1,4
LBXD03LA,0.07632,305,1,4
LBXD05LA,0.81872,305,1,4
LBXD07LA,0.11008,305,1,4
LBXF03LA,0.05248,305,1,4
LBXF04LA,0.06608,305,1,4
LBXF05LA,0.05104,305,1,4
LBXF08LA,0.05504,305,1,4
LBX074LA,0.14656,306,4,4
LBX099LA,0.1936,306,4,4
LBX138LA,0.23104,306,4,4
LBX153LA,0.24592,306,4,4
LBX170LA,0.23824,306,4,4
LBX180LA,0.13584,306,4,4
LBX187LA,0.39056,306,4,4
LBX194LA,0.58144,306,4,4
LBXPCBLA,0.83664,306,4,4
LBXHXCLA,0.11216,306,4,4
LBX118LA,0.15664,306,4,4
LBXD03LA,0.26432,306,4,4
LBXD05LA,0.19744,306,4,4
LBXD07LA,0.08448,306,4,4
LBXF03LA,0.08976,306,4,4
LBXF04LA,0.11056,306,4,4
LBXF05LA,0.18752,306,4,4
LBXF08LA,0.93216,306,4,4
LBX074LA,0.51984,307,4,4
LBX099LA,0.16496,307,4,4
LBX138LA,0.12944,307,4,4
LBX153LA,0.21696,307,4,4
LBX170LA,0.3664,307,4,4
LBX180LA,0.13456,307,4,4
LBX187LA,0.3408,307,4,4
LBX194LA,0.752,307,4,4
LBXPCBLA,0.21296,307,4,4
LBXHXCLA,0.33712,307,4,4
LBX118LA,0.33872,307,4,4
LBXD03LA,0.65872,307,4,4
LBXD05LA,0.1016,307,4,4
LBXD07LA,0.64192,307,4,4
LBXF03LA,0.49456,307,4,4
LBXF04LA,0.22144,307,4,4
LBXF05LA,0.18576,307,4,4
LBXF08LA,0.11072,307,4,4
LBX074LA,0.55808,308,3,4
LBX099LA,0.23632,308,3,4
LBX138LA,0.56096,308,3,4
LBX153LA,0.3512,308,3,4
LBX170LA,0.67904,308,3,4
LBX180LA,0.51328,308,3,4
LBX187LA,0.20912,308,3,4
LBX194LA,0.74192,308,3,4
LBXPCBLA,0.29232,308,3,4
LBXHXCLA,0.33264,308,3,4
LBX118LA,0.51968,308,3,4
LBXD03LA,0.41648,308,3,4
LBXD05LA,0.15312,308,3,4
LBXD07LA,0.168,308,3,4
LBXF03LA,0.15328,308,3,4
LBXF04LA,0.73008,308,3,4
LBXF05LA,0.7072,308,3,4
LBXF08LA,0.9168,308,3,4
LBX074LA,0.13856,309,1,4
LBX099LA,0.60048,309,1,4
LBX138LA,0.188,309,1,4
LBX153LA,0.14816,309,1,4
LBX170LA,0.70048,309,1,4
LBX180LA,0.18992,309,1,4
LBX187LA,0.31264,309,1,4
LBX194LA,0.4728,309,1,4
LBXPCBLA,0.1136,309,1,4
LBXHXCLA,0.14592,309,1,4
LBX118LA,0.16464,309,1,4
LBXD03LA,0.09792,309,1,4
LBXD05LA,0.83072,309,1,4
LBXD07LA,0.12656,309,1,4
LBXF03LA,0.072,309,1,4
LBXF04LA,0.18128,309,1,4
LBXF05LA,0.11472,309,1,4
LBXF08LA,0.11024,309,1,4
LBX074LA,0.9592,310,1,4
LBX099LA,0.10496,310,1,4
LBX138LA,0.1624,310,1,4
LBX153LA,0.2016,310,1,4
LBX170LA,0.17856,310,1,4
LBX180LA,0.33824,310,1,4
LBX187LA,0.29312,310,1,4
LBX194LA,0.1832,310,1,4
LBXPCBLA,0.11584,310,1,4
LBXHXCLA,0.09936,310,1,4
LBX118LA,0.12704,310,1,4
LBXD03LA,0.10592,310,1,4
LBXD05LA,0.98128,310,1,4
LBXD07LA,0.08864,310,1,4
LBXF03LA,0.0688,310,1,4
LBXF04LA,0.13328,310,1,4
LBXF05LA,0.12032,310,1,4
LBXF08LA,0.44832,310,1,4
LBX074LA,0.07456,311,4,4
LBX099LA,0.03328,311,4,4
LBX138LA,0.12544,311,4,4
LBX153LA,0.0696,311,4,4
LBX170LA,0.15856,311,4,4
LBX180LA,0.05616,311,4,4
LBX187LA,0.03344,311,4,4
LBX194LA,0.06528,311,4,4
LBXPCBLA,0.0232,311,4,4
LBXHXCLA,0.23488,311,4,4
LBX118LA,0.91296,311,4,4
LBXD03LA,0.68896,311,4,4
LBXD05LA,0.22848,311,4,4
LBXD07LA,0.1688,311,4,4
LBXF03LA,0.13552,311,4,4
LBXF04LA,0.212,311,4,4
LBXF05LA,0.17136,311,4,4
LBXF08LA,0.17952,311,4,4
LBX074LA,0.1408,312,2,4
LBX099LA,0.14752,312,2,4
LBX138LA,0.57264,312,2,4
LBX153LA,0.50512,312,2,4
LBX170LA,0.39984,312,2,4
LBX180LA,0.32608,312,2,4
LBX187LA,0.17264,312,2,4
LBX194LA,0.38016,312,2,4
LBXPCBLA,0.16048,312,2,4
LBXHXCLA,0.14656,312,2,4
LBX118LA,0.2528,312,2,4
LBXD03LA,0.16592,312,2,4
LBXD05LA,0.2576,312,2,4
LBXD07LA,0.14608,312,2,4
LBXF03LA,0.13984,312,2,4
LBXF04LA,0.6552,312,2,4
LBXF05LA,0.28912,312,2,4
LBXF08LA,0.12976,312,2,4
LBX074LA,0.70272,313,3,4
LBX099LA,0.152,313,3,4
LBX138LA,0.17872,313,3,4
LBX153LA,0.15328,313,3,4
LBX170LA,0.18208,313,3,4
LBX180LA,0.16464,313,3,4
LBX187LA,0.71872,313,3,4
LBX194LA,0.44176,313,3,4
LBXPCBLA,0.03104,313,3,4
LBXHXCLA,0.23984,313,3,4
LBX118LA,0.15744,313,3,4
LBXD03LA,0.1,313,3,4
LBXD05LA,0.19856,313,3,4
LBXD07LA,0.16896,313,3,4
LBXF03LA,0.04016,313,3,4
LBXF04LA,0.92368,313,3,4
LBXF05LA,0.05888,313,3,4
LBXF08LA,0.029760000000000002,313,3,4
LBX074LA,0.4104,314,2,4
LBX099LA,0.1264,314,2,4
LBX138LA,0.14864,314,2,4
LBX153LA,0.19856,314,2,4
LBX170LA,0.19392,314,2,4
LBX180LA,0.31472,314,2,4
LBX187LA,0.98064,314,2,4
LBX194LA,0.14864,314,2,4
LBXPCBLA,0.2152,314,2,4
LBXHXCLA,0.104,314,2,4
LBX118LA,0.57888,314,2,4
LBXD03LA,0.1848,314,2,4
LBXD05LA,0.748,314,2,4
LBXD07LA,0.09424,314,2,4
LBXF03LA,0.08544,314,2,4
LBXF04LA,0.81328,314,2,4
LBXF05LA,0.1304,314,2,4
LBXF08LA,0.5864,314,2,4
LBX074LA,0.21376,315,4,4
LBX099LA,0.15008,315,4,4
LBX138LA,0.43632,315,4,4
LBX153LA,0.29424,315,4,4
LBX170LA,0.43632,315,4,4
LBX180LA,0.27472,315,4,4
LBX187LA,0.13264,315,4,4
LBX194LA,0.41104,315,4,4
LBXPCBLA,0.9728,315,4,4
LBXHXCLA,0.1048,315,4,4
LBX118LA,0.1016,315,4,4
LBXD03LA,0.0616,315,4,4
LBXD05LA,0.07808,315,4,4
LBXD07LA,0.44624,315,4,4
LBXF03LA,0.06352,315,4,4
LBXF04LA,0.1504,315,4,4
LBXF05LA,0.08944,315,4,4
LBXF08LA,0.04224,315,4,4
LBX074LA,0.9328,316,2,4
LBX099LA,0.5128,316,2,4
LBX138LA,0.20496,316,2,4
LBX153LA,0.24784,316,2,4
LBX170LA,0.25872,316,2,4
LBX180LA,0.24784,316,2,4
LBX187LA,0.14544,316,2,4
LBX194LA,0.18768,316,2,4
LBXPCBLA,0.1184,316,2,4
LBXHXCLA,0.13088,316,2,4
LBX118LA,0.1608,316,2,4
LBXD03LA,0.2584,316,2,4
LBXD05LA,0.18432,316,2,4
LBXD07LA,0.26704,316,2,4
LBXF03LA,0.12512,316,2,4
LBXF04LA,0.88512,316,2,4
LBXF05LA,0.47472,316,2,4
LBXF08LA,0.31024,316,2,4
LBX074LA,0.17216,317,2,4
LBX099LA,0.22224,317,2,4
LBX138LA,0.17712,317,2,4
LBX153LA,0.2584,317,2,4
LBX170LA,0.28048,317,2,4
LBX180LA,0.95264,317,2,4
LBX187LA,0.23728,317,2,4
LBX194LA,0.59472,317,2,4
LBXPCBLA,0.2688,317,2,4
LBXHXCLA,0.23728,317,2,4
LBX118LA,0.78272,317,2,4
LBXD03LA,0.20688,317,2,4
LBXD05LA,0.69456,317,2,4
LBXD07LA,0.11376,317,2,4
LBXF03LA,0.20928,317,2,4
LBXF04LA,0.21328,317,2,4
LBXF05LA,0.89856,317,2,4
LBXF08LA,0.16816,317,2,4
LBX074LA,0.5808,318,3,4
LBX099LA,0.22272,318,3,4
LBX138LA,0.17328,318,3,4
LBX153LA,0.15456,318,3,4
LBX170LA,0.22064,318,3,4
LBX180LA,0.10128,318,3,4
LBX187LA,0.1272,318,3,4
LBX194LA,0.82464,318,3,4
LBXPCBLA,0.10976,318,3,4
LBXHXCLA,0.104,318,3,4
LBX118LA,0.20192,318,3,4
LBXD03LA,0.0864,318,3,4
LBXD05LA,0.72512,318,3,4
LBXD07LA,0.09728,318,3,4
LBXF03LA,0.13392,318,3,4
LBXF04LA,0.45904,318,3,4
LBXF05LA,0.05904,318,3,4
LBXF08LA,0.79984,318,3,4
LBX074LA,0.11024,319,1,4
LBX099LA,0.12336,319,1,4
LBX138LA,0.21168,319,1,4
LBX153LA,0.20784,319,1,4
LBX170LA,0.22304,319,1,4
LBX180LA,0.1256,319,1,4
LBX187LA,0.1664,319,1,4
LBX194LA,0.14256,319,1,4
LBXPCBLA,0.1072,319,1,4
LBXHXCLA,0.09872,319,1,4
LBX118LA,0.95344,319,1,4
LBXD03LA,0.388,319,1,4
LBXD05LA,0.36976,319,1,4
LBXD07LA,0.1768,319,1,4
LBXF03LA,0.1104,319,1,4
LBXF04LA,0.13648,319,1,4
LBXF05LA,0.172,319,1,4
LBXF08LA,0.13824,319,1,4
LBX074LA,0.12528,320,1,4
LBX099LA,0.0992,320,1,4
LBX138LA,0.10256,320,1,4
LBX153LA,0.10496,320,1,4
LBX170LA,0.12928,320,1,4
LBX180LA,0.21376,320,1,4
LBX187LA,0.0872,320,1,4
LBX194LA,0.17088,320,1,4
LBXPCBLA,0.14384,320,1,4
LBXHXCLA,0.17968,320,1,4
LBX118LA,0.52432,320,1,4
LBXD03LA,0.06656,320,1,4
LBXD05LA,0.88816,320,1,4
LBXD07LA,0.09312,320,1,4
LBXF03LA,0.1384,320,1,4
LBXF04LA,0.19936,320,1,4
LBXF05LA,0.13392,320,1,4
LBXF08LA,0.0664,320,1,4
LBX074LA,0.1328,321,3,4
LBX099LA,0.16048,321,3,4
LBX138LA,0.5456,321,3,4
LBX153LA,0.33216,321,3,4
LBX170LA,0.26224,321,3,4
LBX180LA,0.428,321,3,4
LBX187LA,0.2736,321,3,4
LBX194LA,0.27312,321,3,4
LBXPCBLA,0.84336,321,3,4
LBXHXCLA,0.14816,321,3,4
LBX118LA,0.14736,321,3,4
LBXD03LA,0.21296,321,3,4
LBXD05LA,0.23152,321,3,4
LBXD07LA,0.21088,321,3,4
LBXF03LA,0.05872,321,3,4
LBXF04LA,0.684,321,3,4
LBXF05LA,0.07616,321,3,4
LBXF08LA,0.1144,321,3,4
LBX074LA,0.19008,322,1,4
LBX099LA,0.11632,322,1,4
LBX138LA,0.27744,322,1,4
LBX153LA,0.3208,322,1,4
LBX170LA,0.244,322,1,4
LBX180LA,0.36192,322,1,4
LBX187LA,0.14624,322,1,4
LBX194LA,0.10496,322,1,4
LBXPCBLA,0.09392,322,1,4
LBXHXCLA,0.18608,322,1,4
LBX118LA,0.11712,322,1,4
LBXD03LA,0.30112,322,1,4
LBXD05LA,0.6192,322,1,4
LBXD07LA,0.45904,322,1,4
LBXF03LA,0.09872,322,1,4
LBXF04LA,0.17728,322,1,4
LBXF05LA,0.24272,322,1,4
LBXF08LA,0.08992,322,1,4
LBX074LA,0.35552,323,3,4
LBX099LA,0.0712,323,3,4
LBX138LA,0.10624,323,3,4
LBX153LA,0.07568,323,3,4
LBX170LA,0.22608,323,3,4
LBX180LA,0.06416,323,3,4
LBX187LA,0.15152,323,3,4
LBX194LA,0.26336,323,3,4
LBXPCBLA,0.01328,323,3,4
LBXHXCLA,0.016,323,3,4
LBX118LA,0.10464,323,3,4
LBXD03LA,0.03392,323,3,4
LBXD05LA,1,323,3,4
LBXD07LA,0.03056,323,3,4
LBXF03LA,0.10256,323,3,4
LBXF04LA,0.02464,323,3,4
LBXF05LA,0.02,323,3,4
LBXF08LA,0.01744,323,3,4
LBX074LA,0.28368,324,1,4
LBX099LA,0.11296,324,1,4
LBX138LA,0.21312,324,1,4
LBX153LA,0.23456,324,1,4
LBX170LA,0.212,324,1,4
LBX180LA,0.4064,324,1,4
LBX187LA,0.19024,324,1,4
LBX194LA,0.5904,324,1,4
LBXPCBLA,0.0768,324,1,4
LBXHXCLA,0.15328,324,1,4
LBX118LA,0.31344,324,1,4
LBXD03LA,0.1816,324,1,4
LBXD05LA,0.34496,324,1,4
LBXD07LA,0.13216,324,1,4
LBXF03LA,0.18384,324,1,4
LBXF04LA,0.10272,324,1,4
LBXF05LA,0.08544,324,1,4
LBXF08LA,0.08544,324,1,4
LBX074LA,0.8808,325,4,4
LBX099LA,0.03536,325,4,4
LBX138LA,0.02288,325,4,4
LBX153LA,0.02208,325,4,4
LBX170LA,0.02848,325,4,4
LBX180LA,0.02368,325,4,4
LBX187LA,0.03088,325,4,4
LBX194LA,0.14176,325,4,4
LBXPCBLA,0.09168,325,4,4
LBXHXCLA,0.06832,325,4,4
LBX118LA,0.172,325,4,4
LBXD03LA,0.01824,325,4,4
LBXD05LA,0.01536,325,4,4
LBXD07LA,0.06336,325,4,4
LBXF03LA,0.01472,325,4,4
LBXF04LA,0.34624,325,4,4
LBXF05LA,0.06192,325,4,4
LBXF08LA,0.01904,325,4,4
LBX074LA,0.85808,326,2,4
LBX099LA,0.11376,326,2,4
LBX138LA,0.21824,326,2,4
LBX153LA,0.20752,326,2,4
LBX170LA,0.38944,326,2,4
LBX180LA,0.42336,326,2,4
LBX187LA,0.2928,326,2,4
LBX194LA,0.27552,326,2,4
LBXPCBLA,0.47216,326,2,4
LBXHXCLA,0.49792,326,2,4
LBX118LA,0.27792,326,2,4
LBXD03LA,0.20128,326,2,4
LBXD05LA,0.32768,326,2,4
LBXD07LA,0.62384,326,2,4
LBXF03LA,0.10544,326,2,4
LBXF04LA,0.74784,326,2,4
LBXF05LA,0.23472,326,2,4
LBXF08LA,0.11312,326,2,4
LBX074LA,0.27952,327,4,4
LBX099LA,0.07008,327,4,4
LBX138LA,0.06592,327,4,4
LBX153LA,0.09264,327,4,4
LBX170LA,0.31168,327,4,4
LBX180LA,0.07872,327,4,4
LBX187LA,0.18816,327,4,4
LBX194LA,0.49888,327,4,4
LBXPCBLA,0.11808,327,4,4
LBXHXCLA,0.17792,327,4,4
LBX118LA,0.09648,327,4,4
LBXD03LA,0.58192,327,4,4
LBXD05LA,0.91312,327,4,4
LBXD07LA,0.2824,327,4,4
LBXF03LA,0.07536,327,4,4
LBXF04LA,0.12288,327,4,4
LBXF05LA,0.60576,327,4,4
LBXF08LA,0.15696,327,4,4
LBX074LA,0.16144,328,1,4
LBX099LA,0.0936,328,1,4
LBX138LA,0.26768,328,1,4
LBX153LA,0.23056,328,1,4
LBX170LA,0.1888,328,1,4
LBX180LA,0.28512,328,1,4
LBX187LA,0.14992,328,1,4
LBX194LA,0.22496,328,1,4
LBXPCBLA,0.13936,328,1,4
LBXHXCLA,0.26016,328,1,4
LBX118LA,0.16496,328,1,4
LBXD03LA,0.45104,328,1,4
LBXD05LA,0.72576,328,1,4
LBXD07LA,0.11136,328,1,4
LBXF03LA,0.07824,328,1,4
LBXF04LA,0.2352,328,1,4
LBXF05LA,0.08784,328,1,4
LBXF08LA,0.19168,328,1,4
LBX074LA,0.9504,329,2,4
LBX099LA,0.38544,329,2,4
LBX138LA,0.16976,329,2,4
LBX153LA,0.18672,329,2,4
LBX170LA,0.26768,329,2,4
LBX180LA,0.39888,329,2,4
LBX187LA,0.12864,329,2,4
LBX194LA,0.13792,329,2,4
LBXPCBLA,0.18016,329,2,4
LBXHXCLA,0.36656,329,2,4
LBX118LA,0.78896,329,2,4
LBXD03LA,0.13856,329,2,4
LBXD05LA,0.21328,329,2,4
LBXD07LA,0.38256,329,2,4
LBXF03LA,0.124,329,2,4
LBXF04LA,0.6912,329,2,4
LBXF05LA,0.44176,329,2,4
LBXF08LA,0.07808,329,2,4
LBX074LA,0.7024,330,3,4
LBX099LA,0.12448,330,3,4
LBX138LA,0.15408,330,3,4
LBX153LA,0.17408,330,3,4
LBX170LA,0.46512,330,3,4
LBX180LA,0.99344,330,3,4
LBX187LA,0.2088,330,3,4
LBX194LA,0.32256,330,3,4
LBXPCBLA,0.17216,330,3,4
LBXHXCLA,0.25104,330,3,4
LBX118LA,0.2792,330,3,4
LBXD03LA,0.13552,330,3,4
LBXD05LA,0.07552,330,3,4
LBXD07LA,0.0704,330,3,4
LBXF03LA,0.0664,330,3,4
LBXF04LA,0.31712,330,3,4
LBXF05LA,0.14992,330,3,4
LBXF08LA,0.31792,330,3,4
LBX074LA,0.08208,331,1,4
LBX099LA,0.0888,331,1,4
LBX138LA,0.12112,331,1,4
LBX153LA,0.19952,331,1,4
LBX170LA,0.27488,331,1,4
LBX180LA,0.1536,331,1,4
LBX187LA,0.42688,331,1,4
LBX194LA,0.2456,331,1,4
LBXPCBLA,0.37104,331,1,4
LBXHXCLA,0.14512,331,1,4
LBX118LA,0.09888,331,1,4
LBXD03LA,0.75296,331,1,4
LBXD05LA,0.2008,331,1,4
LBXD07LA,0.11664,331,1,4
LBXF03LA,0.07968,331,1,4
LBXF04LA,0.11024,331,1,4
LBXF05LA,0.0696,331,1,4
LBXF08LA,0.06688,331,1,4
LBX074LA,0.14864,332,1,4
LBX099LA,0.52144,332,1,4
LBX138LA,0.60352,332,1,4
LBX153LA,0.32896,332,1,4
LBX170LA,0.24496,332,1,4
LBX180LA,0.30016,332,1,4
LBX187LA,0.79216,332,1,4
LBX194LA,0.35808,332,1,4
LBXPCBLA,0.29664,332,1,4
LBXHXCLA,0.27104,332,1,4
LBX118LA,0.15376,332,1,4
LBXD03LA,0.90464,332,1,4
LBXD05LA,0.42736,332,1,4
LBXD07LA,0.22208,332,1,4
LBXF03LA,0.116,332,1,4
LBXF04LA,0.11856,332,1,4
LBXF05LA,0.10336,332,1,4
LBXF08LA,0.35584,332,1,4
LBX074LA,0.1192,333,3,4
LBX099LA,0.56208,333,3,4
LBX138LA,0.43392,333,3,4
LBX153LA,0.13728,333,3,4
LBX170LA,0.15136,333,3,4
LBX180LA,0.11616,333,3,4
LBX187LA,0.09872,333,3,4
LBX194LA,0.86144,333,3,4
LBXPCBLA,0.472,333,3,4
LBXHXCLA,0.19392,333,3,4
LBX118LA,0.17888,333,3,4
LBXD03LA,0.25856,333,3,4
LBXD05LA,0.6344,333,3,4
LBXD07LA,0.06192,333,3,4
LBXF03LA,0.3056,333,3,4
LBXF04LA,0.30272,333,3,4
LBXF05LA,0.23136,333,3,4
LBXF08LA,0.05376,333,3,4
LBX074LA,0.30672,334,2,4
LBX099LA,0.10528,334,2,4
LBX138LA,0.30864,334,2,4
LBX153LA,0.13008,334,2,4
LBX170LA,0.63936,334,2,4
LBX180LA,0.1408,334,2,4
LBX187LA,0.28432,334,2,4
LBX194LA,0.19312000000000001,334,2,4
LBXPCBLA,0.18064,334,2,4
LBXHXCLA,0.10048,334,2,4
LBX118LA,0.31424,334,2,4
LBXD03LA,0.12256,334,2,4
LBXD05LA,0.53232,334,2,4
LBXD07LA,0.08272,334,2,4
LBXF03LA,0.75536,334,2,4
LBXF04LA,0.97328,334,2,4
LBXF05LA,0.09216,334,2,4
LBXF08LA,0.06016,334,2,4
LBX074LA,0.7696,335,2,4
LBX099LA,0.132,335,2,4
LBX138LA,0.13312,335,2,4
LBX153LA,0.15712,335,2,4
LBX170LA,0.1824,335,2,4
LBX180LA,0.13664,335,2,4
LBX187LA,0.0952,335,2,4
LBX194LA,0.23632,335,2,4
LBXPCBLA,0.0848,335,2,4
LBXHXCLA,0.2312,335,2,4
LBX118LA,0.19712,335,2,4
LBXD03LA,0.08496,335,2,4
LBXD05LA,0.9944,335,2,4
LBXD07LA,0.13264,335,2,4
LBXF03LA,0.11264,335,2,4
LBXF04LA,0.06944,335,2,4
LBXF05LA,0.10096,335,2,4
LBXF08LA,0.11072,335,2,4
LBX074LA,0.10912,336,1,4
LBX099LA,0.08768,336,1,4
LBX138LA,0.156,336,1,4
LBX153LA,0.14432,336,1,4
LBX170LA,0.15136,336,1,4
LBX180LA,0.14016,336,1,4
LBX187LA,0.08688,336,1,4
LBX194LA,0.11872,336,1,4
LBXPCBLA,0.07488,336,1,4
LBXHXCLA,0.14144,336,1,4
LBX118LA,0.10336,336,1,4
LBXD03LA,0.75776,336,1,4
LBXD05LA,0.5608,336,1,4
LBXD07LA,0.12368,336,1,4
LBXF03LA,0.10928,336,1,4
LBXF04LA,0.09216,336,1,4
LBXF05LA,0.1824,336,1,4
LBXF08LA,0.05568,336,1,4
LBX074LA,0.18144,337,1,4
LBX099LA,0.34464,337,1,4
LBX138LA,0.20112,337,1,4
LBX153LA,0.21376,337,1,4
LBX170LA,0.30704,337,1,4
LBX180LA,0.40512,337,1,4
LBX187LA,0.25424,337,1,4
LBX194LA,0.16704,337,1,4
LBXPCBLA,0.1824,337,1,4
LBXHXCLA,0.13504,337,1,4
LBX118LA,0.16048,337,1,4
LBXD03LA,0.17776,337,1,4
LBXD05LA,0.36224,337,1,4
LBXD07LA,0.14176,337,1,4
LBXF03LA,0.1216,337,1,4
LBXF04LA,0.21536,337,1,4
LBXF05LA,0.25072,337,1,4
LBXF08LA,0.08656,337,1,4
LBX074LA,0.01376,338,4,4
LBX099LA,0.0048,338,4,4
LBX138LA,0.00208,338,4,4
LBX153LA,0.00224,338,4,4
LBX170LA,0.00112,338,4,4
LBX180LA,0.00128,338,4,4
LBX187LA,0.00384,338,4,4
LBX194LA,0.01312,338,4,4
LBXPCBLA,0.0024,338,4,4
LBXHXCLA,0.00336,338,4,4
LBX118LA,0.00352,338,4,4
LBXD03LA,0.02128,338,4,4
LBXD05LA,0.03328,338,4,4
LBXD07LA,0.00384,338,4,4
LBXF03LA,0.00544,338,4,4
LBXF04LA,0.91296,338,4,4
LBXF05LA,0.08208,338,4,4
LBXF08LA,3.2e-4,338,4,4
LBX074LA,0.13888,339,2,4
LBX099LA,0.11168,339,2,4
LBX138LA,0.10768,339,2,4
LBX153LA,0.124,339,2,4
LBX170LA,0.15152,339,2,4
LBX180LA,0.15344,339,2,4
LBX187LA,0.21136,339,2,4
LBX194LA,0.9056,339,2,4
LBXPCBLA,0.16592,339,2,4
LBXHXCLA,0.16832,339,2,4
LBX118LA,0.10448,339,2,4
LBXD03LA,0.1704,339,2,4
LBXD05LA,0.09984,339,2,4
LBXD07LA,0.05744,339,2,4
LBXF03LA,0.06576,339,2,4
LBXF04LA,0.99504,339,2,4
LBXF05LA,0.2016,339,2,4
LBXF08LA,0.0728,339,2,4
LBX074LA,0.09856,340,1,4
LBX099LA,0.0776,340,1,4
LBX138LA,0.12448,340,1,4
LBX153LA,0.14032,340,1,4
LBX170LA,0.18112,340,1,4
LBX180LA,0.23376,340,1,4
LBX187LA,0.15424,340,1,4
LBX194LA,0.78528,340,1,4
LBXPCBLA,0.6256,340,1,4
LBXHXCLA,0.23728,340,1,4
LBX118LA,0.14544,340,1,4
LBXD03LA,0.08256,340,1,4
LBXD05LA,0.93968,340,1,4
LBXD07LA,0.08496,340,1,4
LBXF03LA,0.07104,340,1,4
LBXF04LA,0.09632,340,1,4
LBXF05LA,0.1256,340,1,4
LBXF08LA,0.444,340,1,4
LBX074LA,0.39408,341,1,4
LBX099LA,0.1384,341,1,4
LBX138LA,0.20256,341,1,4
LBX153LA,0.18656,341,1,4
LBX170LA,0.19216,341,1,4
LBX180LA,0.27264,341,1,4
LBX187LA,0.20704,341,1,4
LBX194LA,0.32928,341,1,4
LBXPCBLA,0.29968,341,1,4
LBXHXCLA,0.28464,341,1,4
LBX118LA,0.17728,341,1,4
LBXD03LA,0.56576,341,1,4
LBXD05LA,0.16304,341,1,4
LBXD07LA,0.35024,341,1,4
LBXF03LA,0.11936,341,1,4
LBXF04LA,0.13808,341,1,4
LBXF05LA,0.18112,341,1,4
LBXF08LA,0.08144,341,1,4
LBX074LA,0.10304,342,3,4
LBX099LA,0.07856,342,3,4
LBX138LA,0.05136,342,3,4
LBX153LA,0.0448,342,3,4
LBX170LA,0.21216,342,3,4
LBX180LA,0.0504,342,3,4
LBX187LA,0.19376,342,3,4
LBX194LA,0.64704,342,3,4
LBXPCBLA,0.80528,342,3,4
LBXHXCLA,0.04272,342,3,4
LBX118LA,0.0848,342,3,4
LBXD03LA,0.07808,342,3,4
LBXD05LA,0.09936,342,3,4
LBXD07LA,0.05504,342,3,4
LBXF03LA,0.4352,342,3,4
LBXF04LA,0.33344,342,3,4
LBXF05LA,0.41248,342,3,4
LBXF08LA,0.029760000000000002,342,3,4
LBX074LA,0.22112,343,2,4
LBX099LA,0.44976,343,2,4
LBX138LA,0.16576,343,2,4
LBX153LA,0.2552,343,2,4
LBX170LA,0.18656,343,2,4
LBX180LA,0.22464,343,2,4
LBX187LA,0.29392,343,2,4
LBX194LA,0.1856,343,2,4
LBXPCBLA,0.09072,343,2,4
LBXHXCLA,0.14416,343,2,4
LBX118LA,0.21584,343,2,4
LBXD03LA,0.24304,343,2,4
LBXD05LA,0.27584,343,2,4
LBXD07LA,0.39456,343,2,4
LBXF03LA,0.41376,343,2,4
LBXF04LA,0.82272,343,2,4
LBXF05LA,0.47056,343,2,4
LBXF08LA,0.29008,343,2,4
LBX074LA,0.448,344,4,4
LBX099LA,0.03568,344,4,4
LBX138LA,0.06128,344,4,4
LBX153LA,0.092,344,4,4
LBX170LA,0.07616,344,4,4
LBX180LA,0.06448,344,4,4
LBX187LA,0.8984,344,4,4
LBX194LA,0.2392,344,4,4
LBXPCBLA,0.02432,344,4,4
LBXHXCLA,0.05856,344,4,4
LBX118LA,0.1312,344,4,4
LBXD03LA,0.04224,344,4,4
LBXD05LA,1,344,4,4
LBXD07LA,0.0968,344,4,4
LBXF03LA,0.02144,344,4,4
LBXF04LA,0.0816,344,4,4
LBXF05LA,0.04144,344,4,4
LBXF08LA,0.29792,344,4,4
LBX074LA,0.07648,345,4,4
LBX099LA,0.09808,345,4,4
LBX138LA,0.12192,345,4,4
LBX153LA,0.08848,345,4,4
LBX170LA,0.27808,345,4,4
LBX180LA,0.19552,345,4,4
LBX187LA,0.05712,345,4,4
LBX194LA,0.2584,345,4,4
LBXPCBLA,0.11344,345,4,4
LBXHXCLA,0.056,345,4,4
LBX118LA,0.11232,345,4,4
LBXD03LA,0.28304,345,4,4
LBXD05LA,1,345,4,4
LBXD07LA,0.07088,345,4,4
LBXF03LA,0.08592,345,4,4
LBXF04LA,0.9872,345,4,4
LBXF05LA,0.03728,345,4,4
LBXF08LA,0.04384,345,4,4
LBX074LA,0.14816,346,3,4
LBX099LA,0.11984,346,3,4
LBX138LA,0.07296,346,3,4
LBX153LA,0.08624,346,3,4
LBX170LA,0.19424,346,3,4
LBX180LA,0.09104,346,3,4
LBX187LA,0.22112,346,3,4
LBX194LA,0.83568,346,3,4
LBXPCBLA,0.13616,346,3,4
LBXHXCLA,0.14816,346,3,4
LBX118LA,0.10944,346,3,4
LBXD03LA,0.13984,346,3,4
LBXD05LA,0.50304,346,3,4
LBXD07LA,0.5512,346,3,4
LBXF03LA,0.0656,346,3,4
LBXF04LA,0.72736,346,3,4
LBXF05LA,0.08736,346,3,4
LBXF08LA,0.05728,346,3,4
LBX074LA,0.13984,347,1,4
LBX099LA,0.21584,347,1,4
LBX138LA,0.23536,347,1,4
LBX153LA,0.28032,347,1,4
LBX170LA,0.3984,347,1,4
LBX180LA,0.19168,347,1,4
LBX187LA,0.19728,347,1,4
LBX194LA,0.11424,347,1,4
LBXPCBLA,0.07664,347,1,4
LBXHXCLA,0.17728,347,1,4
LBX118LA,0.20736,347,1,4
LBXD03LA,0.16672,347,1,4
LBXD05LA,0.15232,347,1,4
LBXD07LA,0.94848,347,1,4
LBXF03LA,0.08688,347,1,4
LBXF04LA,0.08704,347,1,4
LBXF05LA,0.07552,347,1,4
LBXF08LA,0.12816,347,1,4
LBX074LA,0.1528,348,1,4
LBX099LA,0.0928,348,1,4
LBX138LA,0.24144,348,1,4
LBX153LA,0.18736,348,1,4
LBX170LA,0.1752,348,1,4
LBX180LA,0.26256,348,1,4
LBX187LA,0.12256,348,1,4
LBX194LA,0.20848,348,1,4
LBXPCBLA,0.34432,348,1,4
LBXHXCLA,0.10288,348,1,4
LBX118LA,0.792,348,1,4
LBXD03LA,0.19952,348,1,4
LBXD05LA,0.13728,348,1,4
LBXD07LA,0.22928,348,1,4
LBXF03LA,0.10144,348,1,4
LBXF04LA,0.0896,348,1,4
LBXF05LA,0.15952,348,1,4
LBXF08LA,0.06112,348,1,4
LBX074LA,0.60096,349,2,4
LBX099LA,0.11584,349,2,4
LBX138LA,0.10752,349,2,4
LBX153LA,0.17312,349,2,4
LBX170LA,0.1168,349,2,4
LBX180LA,0.18048,349,2,4
LBX187LA,0.25408,349,2,4
LBX194LA,0.20944,349,2,4
LBXPCBLA,0.82016,349,2,4
LBXHXCLA,0.2832,349,2,4
LBX118LA,0.12928,349,2,4
LBXD03LA,0.19168,349,2,4
LBXD05LA,0.97424,349,2,4
LBXD07LA,0.08144,349,2,4
LBXF03LA,0.0968,349,2,4
LBXF04LA,0.12208,349,2,4
LBXF05LA,0.08496,349,2,4
LBXF08LA,0.048,349,2,4
LBX074LA,0.25712,350,1,4
LBX099LA,0.3704,350,1,4
LBX138LA,0.23056,350,1,4
LBX153LA,0.26912,350,1,4
LBX170LA,0.47328,350,1,4
LBX180LA,0.39904,350,1,4
LBX187LA,0.38272,350,1,4
LBX194LA,0.1776,350,1,4
LBXPCBLA,0.09088,350,1,4
LBXHXCLA,0.67824,350,1,4
LBX118LA,0.76128,350,1,4
LBXD03LA,0.25904,350,1,4
LBXD05LA,0.70592,350,1,4
LBXD07LA,0.18496,350,1,4
LBXF03LA,0.14768,350,1,4
LBXF04LA,0.4616,350,1,4
LBXF05LA,0.26768,350,1,4
LBXF08LA,0.12704,350,1,4
LBX074LA,0.3,351,2,4
LBX099LA,0.09664,351,2,4
LBX138LA,0.42368,351,2,4
LBX153LA,0.32624,351,2,4
LBX170LA,0.23136,351,2,4
LBX180LA,0.17024,351,2,4
LBX187LA,0.26368,351,2,4
LBX194LA,0.82176,351,2,4
LBXPCBLA,0.91088,351,2,4
LBXHXCLA,0.13696,351,2,4
LBX118LA,0.11712,351,2,4
LBXD03LA,0.096,351,2,4
LBXD05LA,0.54176,351,2,4
LBXD07LA,0.24064,351,2,4
LBXF03LA,0.08208,351,2,4
LBXF04LA,0.57952,351,2,4
LBXF05LA,0.26432,351,2,4
LBXF08LA,0.72112,351,2,4
LBX074LA,0.12432,352,3,4
LBX099LA,0.14064,352,3,4
LBX138LA,0.2512,352,3,4
LBX153LA,0.21456,352,3,4
LBX170LA,0.57616,352,3,4
LBX180LA,0.22208,352,3,4
LBX187LA,0.36288,352,3,4
LBX194LA,0.1968,352,3,4
LBXPCBLA,0.25856,352,3,4
LBXHXCLA,0.08864,352,3,4
LBX118LA,0.236,352,3,4
LBXD03LA,0.26928,352,3,4
LBXD05LA,0.7872,352,3,4
LBXD07LA,0.468,352,3,4
LBXF03LA,0.17184,352,3,4
LBXF04LA,0.08208,352,3,4
LBXF05LA,0.10128,352,3,4
LBXF08LA,0.05344,352,3,4
LBX074LA,0.21504,353,1,4
LBX099LA,0.16736,353,1,4
LBX138LA,0.17536,353,1,4
LBX153LA,0.18976,353,1,4
LBX170LA,0.288,353,1,4
LBX180LA,0.32416,353,1,4
LBX187LA,0.27152,353,1,4
LBX194LA,0.73184,353,1,4
LBXPCBLA,0.08416,353,1,4
LBXHXCLA,0.10912,353,1,4
LBX118LA,0.37072,353,1,4
LBXD03LA,0.13568,353,1,4
LBXD05LA,0.33984,353,1,4
LBXD07LA,0.48176,353,1,4
LBXF03LA,0.12016,353,1,4
LBXF04LA,0.86384,353,1,4
LBXF05LA,0.12944,353,1,4
LBXF08LA,0.08992,353,1,4
LBX074LA,0.1496,354,1,4
LBX099LA,0.30384,354,1,4
LBX138LA,0.12832,354,1,4
LBX153LA,0.20736,354,1,4
LBX170LA,0.15056,354,1,4
LBX180LA,0.15584,354,1,4
LBX187LA,0.14944,354,1,4
LBX194LA,0.60928,354,1,4
LBXPCBLA,0.08224,354,1,4
LBXHXCLA,0.10112,354,1,4
LBX118LA,0.3632,354,1,4
LBXD03LA,0.26432,354,1,4
LBXD05LA,0.88256,354,1,4
LBXD07LA,0.10512,354,1,4
LBXF03LA,0.06544,354,1,4
LBXF04LA,0.19856,354,1,4
LBXF05LA,0.12064,354,1,4
LBXF08LA,0.06336,354,1,4
LBX074LA,0.13504,355,4,4
LBX099LA,0.14624,355,4,4
LBX138LA,0.16928,355,4,4
LBX153LA,0.22848,355,4,4
LBX170LA,0.25072,355,4,4
LBX180LA,0.18032,355,4,4
LBX187LA,0.1312,355,4,4
LBX194LA,0.31056,355,4,4
LBXPCBLA,0.37392,355,4,4
LBXHXCLA,0.07504,355,4,4
LBX118LA,0.12048,355,4,4
LBXD03LA,0.23648,355,4,4
LBXD05LA,0.05792,355,4,4
LBXD07LA,0.03568,355,4,4
LBXF03LA,0.196,355,4,4
LBXF04LA,0.95536,355,4,4
LBXF05LA,0.03968,355,4,4
LBXF08LA,0.23936,355,4,4
LBX074LA,0.64496,356,2,4
LBX099LA,0.21952,356,2,4
LBX138LA,0.19168,356,2,4
LBX153LA,0.16208,356,2,4
LBX170LA,0.17296,356,2,4
LBX180LA,0.25248,356,2,4
LBX187LA,0.15824,356,2,4
LBX194LA,0.19712,356,2,4
LBXPCBLA,0.3784,356,2,4
LBXHXCLA,0.1992,356,2,4
LBX118LA,0.53824,356,2,4
LBXD03LA,0.1192,356,2,4
LBXD05LA,0.85216,356,2,4
LBXD07LA,0.11184,356,2,4
LBXF03LA,0.1328,356,2,4
LBXF04LA,0.15792,356,2,4
LBXF05LA,0.13904,356,2,4
LBXF08LA,0.1656,356,2,4
LBX074LA,0.1456,357,1,4
LBX099LA,0.0872,357,1,4
LBX138LA,0.15472,357,1,4
LBX153LA,0.18272,357,1,4
LBX170LA,0.19312000000000001,357,1,4
LBX180LA,0.16288,357,1,4
LBX187LA,0.4872,357,1,4
LBX194LA,0.39264,357,1,4
LBXPCBLA,0.10464,357,1,4
LBXHXCLA,0.15216,357,1,4
LBX118LA,0.12416,357,1,4
LBXD03LA,0.14512,357,1,4
LBXD05LA,0.27376,357,1,4
LBXD07LA,0.32128,357,1,4
LBXF03LA,0.80192,357,1,4
LBXF04LA,0.30496,357,1,4
LBXF05LA,0.31504,357,1,4
LBXF08LA,0.08416,357,1,4
LBX074LA,0.31984,358,2,4
LBX099LA,0.39008,358,2,4
LBX138LA,0.16896,358,2,4
LBX153LA,0.46032,358,2,4
LBX170LA,0.17856,358,2,4
LBX180LA,0.45024,358,2,4
LBX187LA,0.1728,358,2,4
LBX194LA,0.12336,358,2,4
LBXPCBLA,0.10304,358,2,4
LBXHXCLA,0.08432,358,2,4
LBX118LA,0.17728,358,2,4
LBXD03LA,0.1544,358,2,4
LBXD05LA,0.87056,358,2,4
LBXD07LA,0.1,358,2,4
LBXF03LA,0.10096,358,2,4
LBXF04LA,0.4888,358,2,4
LBXF05LA,0.07952,358,2,4
LBXF08LA,0.05648,358,2,4
LBX074LA,0.104,359,2,4
LBX099LA,0.14048,359,2,4
LBX138LA,0.13088,359,2,4
LBX153LA,0.11888,359,2,4
LBX170LA,0.17696,359,2,4
LBX180LA,0.14816,359,2,4
LBX187LA,0.1368,359,2,4
LBX194LA,0.24768,359,2,4
LBXPCBLA,0.40048,359,2,4
LBXHXCLA,0.06784,359,2,4
LBX118LA,0.30064,359,2,4
LBXD03LA,0.09696,359,2,4
LBXD05LA,0.37072,359,2,4
LBXD07LA,0.10608,359,2,4
LBXF03LA,0.09152,359,2,4
LBXF04LA,0.84592,359,2,4
LBXF05LA,0.39824,359,2,4
LBXF08LA,0.04224,359,2,4
LBX074LA,0.11088,360,1,4
LBX099LA,0.08464,360,1,4
LBX138LA,0.11904000000000001,360,1,4
LBX153LA,0.16032,360,1,4
LBX170LA,0.15696,360,1,4
LBX180LA,0.21312,360,1,4
LBX187LA,0.22704,360,1,4
LBX194LA,0.85712,360,1,4
LBXPCBLA,0.56912,360,1,4
LBXHXCLA,0.23456,360,1,4
LBX118LA,0.11392,360,1,4
LBXD03LA,0.1064,360,1,4
LBXD05LA,0.92304,360,1,4
LBXD07LA,0.11664,360,1,4
LBXF03LA,0.08848,360,1,4
LBXF04LA,0.12928,360,1,4
LBXF05LA,0.0952,360,1,4
LBXF08LA,0.08656,360,1,4
LBX074LA,0.49472,361,2,4
LBX099LA,0.23264,361,2,4
LBX138LA,0.21728,361,2,4
LBX153LA,0.36096,361,2,4
LBX170LA,0.47056,361,2,4
LBX180LA,0.308,361,2,4
LBX187LA,0.5224,361,2,4
LBX194LA,0.30176,361,2,4
LBXPCBLA,0.13616,361,2,4
LBXHXCLA,0.35328,361,2,4
LBX118LA,0.20464,361,2,4
LBXD03LA,0.14672,361,2,4
LBXD05LA,0.15376,361,2,4
LBXD07LA,0.17936,361,2,4
LBXF03LA,0.56336,361,2,4
LBXF04LA,0.45216,361,2,4
LBXF05LA,0.168,361,2,4
LBXF08LA,0.09424,361,2,4
LBX074LA,0.24944,362,1,4
LBX099LA,0.16944,362,1,4
LBX138LA,0.33776,362,1,4
LBX153LA,0.35024,362,1,4
LBX170LA,0.36192,362,1,4
LBX180LA,0.29504,362,1,4
LBX187LA,0.34016,362,1,4
LBX194LA,0.55296,362,1,4
LBXPCBLA,0.12192,362,1,4
LBXHXCLA,0.13344,362,1,4
LBX118LA,0.67456,362,1,4
LBXD03LA,0.82416,362,1,4
LBXD05LA,0.22256,362,1,4
LBXD07LA,0.82496,362,1,4
LBXF03LA,0.10544,362,1,4
LBXF04LA,0.21104,362,1,4
LBXF05LA,0.18688,362,1,4
LBXF08LA,0.43024,362,1,4
LBX074LA,0.13392,363,2,4
LBX099LA,0.09664,363,2,4
LBX138LA,0.44752,363,2,4
LBX153LA,0.4776,363,2,4
LBX170LA,0.21296,363,2,4
LBX180LA,0.45824,363,2,4
LBX187LA,0.16688,363,2,4
LBX194LA,0.57632,363,2,4
LBXPCBLA,0.13008,363,2,4
LBXHXCLA,0.13072,363,2,4
LBX118LA,0.13584,363,2,4
LBXD03LA,0.1072,363,2,4
LBXD05LA,0.99968,363,2,4
LBXD07LA,0.23744,363,2,4
LBXF03LA,0.11184,363,2,4
LBXF04LA,0.09712,363,2,4
LBXF05LA,0.16448,363,2,4
LBXF08LA,0.08992,363,2,4
LBX074LA,0.11584,364,3,4
LBX099LA,0.12192,364,3,4
LBX138LA,0.25632,364,3,4
LBX153LA,0.23744,364,3,4
LBX170LA,0.14544,364,3,4
LBX180LA,0.2016,364,3,4
LBX187LA,0.08624,364,3,4
LBX194LA,0.10608,364,3,4
LBXPCBLA,0.11664,364,3,4
LBXHXCLA,0.16944,364,3,4
LBX118LA,0.08976,364,3,4
LBXD03LA,0.3184,364,3,4
LBXD05LA,0.99872,364,3,4
LBXD07LA,0.11632,364,3,4
LBXF03LA,0.64512,364,3,4
LBXF04LA,0.392,364,3,4
LBXF05LA,0.12768,364,3,4
LBXF08LA,0.0904,364,3,4
LBX074LA,0.17392,365,2,4
LBX099LA,0.112,365,2,4
LBX138LA,0.26944,365,2,4
LBX153LA,0.4936,365,2,4
LBX170LA,0.50512,365,2,4
LBX180LA,0.21456,365,2,4
LBX187LA,0.248,365,2,4
LBX194LA,0.8816,365,2,4
LBXPCBLA,0.92048,365,2,4
LBXHXCLA,0.15824,365,2,4
LBX118LA,0.32096,365,2,4
LBXD03LA,0.09632,365,2,4
LBXD05LA,0.96288,365,2,4
LBXD07LA,0.15456,365,2,4
LBXF03LA,0.23168,365,2,4
LBXF04LA,0.11904000000000001,365,2,4
LBXF05LA,0.09568,365,2,4
LBXF08LA,0.04096,365,2,4
LBX074LA,0.08112,366,2,4
LBX099LA,0.14256,366,2,4
LBX138LA,0.10368,366,2,4
LBX153LA,0.10672,366,2,4
LBX170LA,0.16448,366,2,4
LBX180LA,0.13568,366,2,4
LBX187LA,0.492,366,2,4
LBX194LA,0.86192,366,2,4
LBXPCBLA,0.04032,366,2,4
LBXHXCLA,0.05872,366,2,4
LBX118LA,0.13552,366,2,4
LBXD03LA,0.06016,366,2,4
LBXD05LA,0.88048,366,2,4
LBXD07LA,0.1576,366,2,4
LBXF03LA,0.0648,366,2,4
LBXF04LA,0.05168,366,2,4
LBXF05LA,0.04832,366,2,4
LBXF08LA,0.02768,366,2,4
LBX074LA,0.10752,367,2,4
LBX099LA,0.49088,367,2,4
LBX138LA,0.16416,367,2,4
LBX153LA,0.30528,367,2,4
LBX170LA,0.17024,367,2,4
LBX180LA,0.20528,367,2,4
LBX187LA,0.33824,367,2,4
LBX194LA,0.72544,367,2,4
LBXPCBLA,0.17744,367,2,4
LBXHXCLA,0.38176,367,2,4
LBX118LA,0.24032,367,2,4
LBXD03LA,0.07776,367,2,4
LBXD05LA,0.88928,367,2,4
LBXD07LA,0.09136,367,2,4
LBXF03LA,0.13168,367,2,4
LBXF04LA,0.25152,367,2,4
LBXF05LA,0.06064,367,2,4
LBXF08LA,0.04128,367,2,4
LBX074LA,0.13744,368,1,4
LBX099LA,0.10528,368,1,4
LBX138LA,0.18256,368,1,4
LBX153LA,0.22624,368,1,4
LBX170LA,0.33936,368,1,4
LBX180LA,0.21856,368,1,4
LBX187LA,0.21888,368,1,4
LBX194LA,0.77808,368,1,4
LBXPCBLA,0.4976,368,1,4
LBXHXCLA,0.1248,368,1,4
LBX118LA,0.16576,368,1,4
LBXD03LA,0.312,368,1,4
LBXD05LA,0.42896,368,1,4
LBXD07LA,0.94576,368,1,4
LBXF03LA,0.1632,368,1,4
LBXF04LA,0.22752,368,1,4
LBXF05LA,0.1128,368,1,4
LBXF08LA,0.14192,368,1,4
LBX074LA,0.82896,369,1,4
LBX099LA,0.14816,369,1,4
LBX138LA,0.21024,369,1,4
LBX153LA,0.46208,369,1,4
LBX170LA,0.22352,369,1,4
LBX180LA,0.30064,369,1,4
LBX187LA,0.17232,369,1,4
LBX194LA,0.31456,369,1,4
LBXPCBLA,0.10992,369,1,4
LBXHXCLA,0.19744,369,1,4
LBX118LA,0.16224,369,1,4
LBXD03LA,0.29584,369,1,4
LBXD05LA,0.60448,369,1,4
LBXD07LA,0.1312,369,1,4
LBXF03LA,0.11008,369,1,4
LBXF04LA,0.38976,369,1,4
LBXF05LA,0.17424,369,1,4
LBXF08LA,0.06144,369,1,4
LBX074LA,0.07184,370,2,4
LBX099LA,0.2288,370,2,4
LBX138LA,0.12144,370,2,4
LBX153LA,0.13824,370,2,4
LBX170LA,0.20368,370,2,4
LBX180LA,0.24704,370,2,4
LBX187LA,0.51472,370,2,4
LBX194LA,0.36448,370,2,4
LBXPCBLA,0.35856,370,2,4
LBXHXCLA,0.71712,370,2,4
LBX118LA,0.08768,370,2,4
LBXD03LA,0.08464,370,2,4
LBXD05LA,0.83584,370,2,4
LBXD07LA,0.08304,370,2,4
LBXF03LA,0.14368,370,2,4
LBXF04LA,0.82768,370,2,4
LBXF05LA,0.144,370,2,4
LBXF08LA,0.03776,370,2,4
LBX074LA,0.24,371,2,4
LBX099LA,0.1488,371,2,4
LBX138LA,0.17568,371,2,4
LBX153LA,0.40048,371,2,4
LBX170LA,0.2112,371,2,4
LBX180LA,0.172,371,2,4
LBX187LA,0.37968,371,2,4
LBX194LA,0.29856,371,2,4
LBXPCBLA,0.09296,371,2,4
LBXHXCLA,0.1208,371,2,4
LBX118LA,0.52304,371,2,4
LBXD03LA,0.62704,371,2,4
LBXD05LA,0.356,371,2,4
LBXD07LA,0.14464,371,2,4
LBXF03LA,0.13776,371,2,4
LBXF04LA,0.24976,371,2,4
LBXF05LA,0.4912,371,2,4
LBXF08LA,0.05024,371,2,4
LBX074LA,0.144,372,1,4
LBX099LA,0.13456,372,1,4
LBX138LA,0.31472,372,1,4
LBX153LA,0.30896,372,1,4
LBX170LA,0.2256,372,1,4
LBX180LA,0.24448,372,1,4
LBX187LA,0.51712,372,1,4
LBX194LA,0.27072,372,1,4
LBXPCBLA,0.46832,372,1,4
LBXHXCLA,0.20048,372,1,4
LBX118LA,0.19872,372,1,4
LBXD03LA,0.21728,372,1,4
LBXD05LA,0.56944,372,1,4
LBXD07LA,0.46576,372,1,4
LBXF03LA,0.08704,372,1,4
LBXF04LA,0.25856,372,1,4
LBXF05LA,0.09024,372,1,4
LBXF08LA,0.07456,372,1,4
LBX074LA,0.09216,373,4,4
LBX099LA,0.07872,373,4,4
LBX138LA,0.24,373,4,4
LBX153LA,0.11712,373,4,4
LBX170LA,0.13792,373,4,4
LBX180LA,0.09216,373,4,4
LBX187LA,0.09408,373,4,4
LBX194LA,0.10208,373,4,4
LBXPCBLA,0.99024,373,4,4
LBXHXCLA,0.16,373,4,4
LBX118LA,0.08736,373,4,4
LBXD03LA,0.11792,373,4,4
LBXD05LA,0.75392,373,4,4
LBXD07LA,0.168,373,4,4
LBXF03LA,0.17648,373,4,4
LBXF04LA,0.18272,373,4,4
LBXF05LA,0.1408,373,4,4
LBXF08LA,0.24976,373,4,4
LBX074LA,0.71616,374,4,4
LBX099LA,0.39136,374,4,4
LBX138LA,0.17952,374,4,4
LBX153LA,0.1712,374,4,4
LBX170LA,0.10656,374,4,4
LBX180LA,0.07824,374,4,4
LBX187LA,0.14816,374,4,4
LBX194LA,0.09568,374,4,4
LBXPCBLA,0.93072,374,4,4
LBXHXCLA,0.12464,374,4,4
LBX118LA,0.49152,374,4,4
LBXD03LA,0.20896,374,4,4
LBXD05LA,0.54352,374,4,4
LBXD07LA,0.23888,374,4,4
LBXF03LA,0.12544,374,4,4
LBXF04LA,0.23872,374,4,4
LBXF05LA,0.0912,374,4,4
LBXF08LA,0.67232,374,4,4
LBX074LA,0.62176,375,3,4
LBX099LA,0.08928,375,3,4
LBX138LA,0.12752,375,3,4
LBX153LA,0.13696,375,3,4
LBX170LA,0.30544,375,3,4
LBX180LA,0.25152,375,3,4
LBX187LA,0.21344,375,3,4
LBX194LA,0.1776,375,3,4
LBXPCBLA,0.63552,375,3,4
LBXHXCLA,0.2688,375,3,4
LBX118LA,0.14608,375,3,4
LBXD03LA,0.12176,375,3,4
LBXD05LA,0.12544,375,3,4
LBXD07LA,0.41232,375,3,4
LBXF03LA,0.13744,375,3,4
LBXF04LA,0.90592,375,3,4
LBXF05LA,0.14512,375,3,4
LBXF08LA,0.0896,375,3,4
LBX074LA,0.61008,376,2,4
LBX099LA,0.16704,376,2,4
LBX138LA,0.17312,376,2,4
LBX153LA,0.1352,376,2,4
LBX170LA,0.13936,376,2,4
LBX180LA,0.34352,376,2,4
LBX187LA,0.31344,376,2,4
LBX194LA,0.3152,376,2,4
LBXPCBLA,0.42464,376,2,4
LBXHXCLA,0.10832,376,2,4
LBX118LA,0.7584,376,2,4
LBXD03LA,0.18288,376,2,4
LBXD05LA,0.67856,376,2,4
LBXD07LA,0.16048,376,2,4
LBXF03LA,0.0968,376,2,4
LBXF04LA,0.45184,376,2,4
LBXF05LA,0.93104,376,2,4
LBXF08LA,0.64416,376,2,4
LBX074LA,0.1968,377,1,4
LBX099LA,0.19808,377,1,4
LBX138LA,0.13824,377,1,4
LBX153LA,0.17888,377,1,4
LBX170LA,0.17216,377,1,4
LBX180LA,0.17312,377,1,4
LBX187LA,0.15872,377,1,4
LBX194LA,0.43248,377,1,4
LBXPCBLA,0.27712,377,1,4
LBXHXCLA,0.17056,377,1,4
LBX118LA,0.32848,377,1,4
LBXD03LA,0.17856,377,1,4
LBXD05LA,0.81632,377,1,4
LBXD07LA,0.2656,377,1,4
LBXF03LA,0.14512,377,1,4
LBXF04LA,0.26688,377,1,4
LBXF05LA,0.1712,377,1,4
LBXF08LA,0.0776,377,1,4
LBX074LA,0.07696,378,1,4
LBX099LA,0.07232,378,1,4
LBX138LA,0.10928,378,1,4
LBX153LA,0.1176,378,1,4
LBX170LA,0.11392,378,1,4
LBX180LA,0.116,378,1,4
LBX187LA,0.12448,378,1,4
LBX194LA,0.14576,378,1,4
LBXPCBLA,0.07072,378,1,4
LBXHXCLA,0.15712,378,1,4
LBX118LA,0.10624,378,1,4
LBXD03LA,0.9808,378,1,4
LBXD05LA,0.148,378,1,4
LBXD07LA,0.1264,378,1,4
LBXF03LA,0.06464,378,1,4
LBXF04LA,0.10496,378,1,4
LBXF05LA,0.07664,378,1,4
LBXF08LA,0.07952,378,1,4
LBX074LA,0.14256,379,1,4
LBX099LA,0.10512,379,1,4
LBX138LA,0.18784,379,1,4
LBX153LA,0.16256,379,1,4
LBX170LA,0.21424,379,1,4
LBX180LA,0.26992,379,1,4
LBX187LA,0.29568,379,1,4
LBX194LA,0.73648,379,1,4
LBXPCBLA,0.08704,379,1,4
LBXHXCLA,0.16992,379,1,4
LBX118LA,0.164,379,1,4
LBXD03LA,0.6488,379,1,4
LBXD05LA,0.99872,379,1,4
LBXD07LA,0.1064,379,1,4
LBXF03LA,0.14208,379,1,4
LBXF04LA,0.22096,379,1,4
LBXF05LA,0.3984,379,1,4
LBXF08LA,0.084,379,1,4
LBX074LA,0.38064,380,4,4
LBX099LA,0.7152,380,4,4
LBX138LA,0.20912,380,4,4
LBX153LA,0.2816,380,4,4
LBX170LA,0.29056,380,4,4
LBX180LA,0.29136,380,4,4
LBX187LA,0.13248,380,4,4
LBX194LA,0.20352,380,4,4
LBXPCBLA,0.18048,380,4,4
LBXHXCLA,0.18544,380,4,4
LBX118LA,0.08768,380,4,4
LBXD03LA,0.08304,380,4,4
LBXD05LA,0.95184,380,4,4
LBXD07LA,0.10928,380,4,4
LBXF03LA,0.07232,380,4,4
LBXF04LA,0.05568,380,4,4
LBXF05LA,0.32192,380,4,4
LBXF08LA,0.26624,380,4,4
LBX074LA,0.65456,381,1,4
LBX099LA,0.11632,381,1,4
LBX138LA,0.19168,381,1,4
LBX153LA,0.2584,381,1,4
LBX170LA,0.14432,381,1,4
LBX180LA,0.112,381,1,4
LBX187LA,0.11936,381,1,4
LBX194LA,0.12992,381,1,4
LBXPCBLA,0.07504,381,1,4
LBXHXCLA,0.32192,381,1,4
LBX118LA,0.17152,381,1,4
LBXD03LA,0.11472,381,1,4
LBXD05LA,0.60512,381,1,4
LBXD07LA,0.57776,381,1,4
LBXF03LA,0.5168,381,1,4
LBXF04LA,0.10288,381,1,4
LBXF05LA,0.17824,381,1,4
LBXF08LA,0.06336,381,1,4
LBX074LA,0.16816,382,1,4
LBX099LA,0.11616,382,1,4
LBX138LA,0.16208,382,1,4
LBX153LA,0.14672,382,1,4
LBX170LA,0.24544,382,1,4
LBX180LA,0.19328,382,1,4
LBX187LA,0.29456,382,1,4
LBX194LA,0.87856,382,1,4
LBXPCBLA,0.92416,382,1,4
LBXHXCLA,0.22592,382,1,4
LBX118LA,0.1032,382,1,4
LBXD03LA,0.22384,382,1,4
LBXD05LA,0.22464,382,1,4
LBXD07LA,0.09824,382,1,4
LBXF03LA,0.09904,382,1,4
LBXF04LA,0.22928,382,1,4
LBXF05LA,0.23136,382,1,4
LBXF08LA,0.90016,382,1,4
LBX074LA,0.26576,383,2,4
LBX099LA,0.84864,383,2,4
LBX138LA,0.3136,383,2,4
LBX153LA,0.29392,383,2,4
LBX170LA,0.21952,383,2,4
LBX180LA,0.1736,383,2,4
LBX187LA,0.16064,383,2,4
LBX194LA,0.57232,383,2,4
LBXPCBLA,0.13488,383,2,4
LBXHXCLA,0.11712,383,2,4
LBX118LA,0.26064,383,2,4
LBXD03LA,0.08816,383,2,4
LBXD05LA,0.72288,383,2,4
LBXD07LA,0.19568,383,2,4
LBXF03LA,0.05008,383,2,4
LBXF04LA,0.41984,383,2,4
LBXF05LA,0.22448,383,2,4
LBXF08LA,0.8904,383,2,4
LBX074LA,0.20096,384,4,4
LBX099LA,0.07424,384,4,4
LBX138LA,0.06688,384,4,4
LBX153LA,0.08944,384,4,4
LBX170LA,0.15152,384,4,4
LBX180LA,0.0968,384,4,4
LBX187LA,0.21072,384,4,4
LBX194LA,0.88016,384,4,4
LBXPCBLA,0.476,384,4,4
LBXHXCLA,0.54064,384,4,4
LBX118LA,0.53872,384,4,4
LBXD03LA,0.13776,384,4,4
LBXD05LA,0.98336,384,4,4
LBXD07LA,0.0752,384,4,4
LBXF03LA,0.06528,384,4,4
LBXF04LA,0.76208,384,4,4
LBXF05LA,0.11408,384,4,4
LBXF08LA,0.2744,384,4,4
LBX074LA,0.10384,385,3,4
LBX099LA,0.23456,385,3,4
LBX138LA,0.14752,385,3,4
LBX153LA,0.5416,385,3,4
LBX170LA,0.1128,385,3,4
LBX180LA,0.21504,385,3,4
LBX187LA,0.94112,385,3,4
LBX194LA,0.24576,385,3,4
LBXPCBLA,0.79424,385,3,4
LBXHXCLA,0.06624,385,3,4
LBX118LA,0.23472,385,3,4
LBXD03LA,0.832,385,3,4
LBXD05LA,0.2176,385,3,4
LBXD07LA,0.11824,385,3,4
LBXF03LA,0.38592,385,3,4
LBXF04LA,0.77472,385,3,4
LBXF05LA,0.1264,385,3,4
LBXF08LA,0.12208,385,3,4
LBX074LA,0.14368,386,4,4
LBX099LA,0.112,386,4,4
LBX138LA,0.2848,386,4,4
LBX153LA,0.2888,386,4,4
LBX170LA,0.33968,386,4,4
LBX180LA,0.16576,386,4,4
LBX187LA,0.32608,386,4,4
LBX194LA,0.59568,386,4,4
LBXPCBLA,0.10192,386,4,4
LBXHXCLA,0.12336,386,4,4
LBX118LA,0.07536,386,4,4
LBXD03LA,0.19424,386,4,4
LBXD05LA,0.39168,386,4,4
LBXD07LA,0.64208,386,4,4
LBXF03LA,0.996,386,4,4
LBXF04LA,0.1056,386,4,4
LBXF05LA,0.9272,386,4,4
LBXF08LA,0.05824,386,4,4
LBX074LA,0.0792,387,3,4
LBX099LA,0.0584,387,3,4
LBX138LA,0.1112,387,3,4
LBX153LA,0.11008,387,3,4
LBX170LA,0.1344,387,3,4
LBX180LA,0.09568,387,3,4
LBX187LA,0.16336,387,3,4
LBX194LA,0.15744,387,3,4
LBXPCBLA,0.61536,387,3,4
LBXHXCLA,0.24176,387,3,4
LBX118LA,0.08256,387,3,4
LBXD03LA,0.10944,387,3,4
LBXD05LA,0.83632,387,3,4
LBXD07LA,0.09248,387,3,4
LBXF03LA,0.57904,387,3,4
LBXF04LA,0.92976,387,3,4
LBXF05LA,0.24944,387,3,4
LBXF08LA,0.18528,387,3,4
LBX074LA,0.13712,388,3,4
LBX099LA,0.604,388,3,4
LBX138LA,0.208,388,3,4
LBX153LA,0.32464,388,3,4
LBX170LA,0.22512,388,3,4
LBX180LA,0.172,388,3,4
LBX187LA,0.31376,388,3,4
LBX194LA,0.28912,388,3,4
LBXPCBLA,0.0656,388,3,4
LBXHXCLA,0.10848,388,3,4
LBX118LA,0.23264,388,3,4
LBXD03LA,0.93664,388,3,4
LBXD05LA,0.90128,388,3,4
LBXD07LA,0.13936,388,3,4
LBXF03LA,0.05216,388,3,4
LBXF04LA,0.2536,388,3,4
LBXF05LA,0.03264,388,3,4
LBXF08LA,0.02816,388,3,4
LBX074LA,0.33328,389,2,4
LBX099LA,0.21696,389,2,4
LBX138LA,0.28384,389,2,4
LBX153LA,0.38672,389,2,4
LBX170LA,0.22128,389,2,4
LBX180LA,0.50496,389,2,4
LBX187LA,0.21632,389,2,4
LBX194LA,0.87696,389,2,4
LBXPCBLA,0.21568,389,2,4
LBXHXCLA,0.15504,389,2,4
LBX118LA,0.29856,389,2,4
LBXD03LA,0.7344,389,2,4
LBXD05LA,0.71488,389,2,4
LBXD07LA,0.21216,389,2,4
LBXF03LA,0.18272,389,2,4
LBXF04LA,0.15456,389,2,4
LBXF05LA,0.18512,389,2,4
LBXF08LA,0.25264,389,2,4
LBX074LA,0.19936,390,1,4
LBX099LA,0.11824,390,1,4
LBX138LA,0.20032,390,1,4
LBX153LA,0.27968,390,1,4
LBX170LA,0.91936,390,1,4
LBX180LA,0.40128,390,1,4
LBX187LA,0.22064,390,1,4
LBX194LA,0.18992,390,1,4
LBXPCBLA,0.23344,390,1,4
LBXHXCLA,0.12224,390,1,4
LBX118LA,0.51488,390,1,4
LBXD03LA,0.25584,390,1,4
LBXD05LA,0.17184,390,1,4
LBXD07LA,0.10912,390,1,4
LBXF03LA,0.10128,390,1,4
LBXF04LA,0.76272,390,1,4
LBXF05LA,0.13248,390,1,4
LBXF08LA,0.06784,390,1,4
LBX074LA,0.11104,391,2,4
LBX099LA,0.17008,391,2,4
LBX138LA,0.14624,391,2,4
LBX153LA,0.18672,391,2,4
LBX170LA,0.24928,391,2,4
LBX180LA,0.172,391,2,4
LBX187LA,0.22128,391,2,4
LBX194LA,0.29744,391,2,4
LBXPCBLA,0.3984,391,2,4
LBXHXCLA,0.44144,391,2,4
LBX118LA,0.24272,391,2,4
LBXD03LA,0.23168,391,2,4
LBXD05LA,0.43808,391,2,4
LBXD07LA,0.17344,391,2,4
LBXF03LA,0.08784,391,2,4
LBXF04LA,0.16912,391,2,4
LBXF05LA,0.15328,391,2,4
LBXF08LA,0.07216,391,2,4
LBX074LA,0.13648,392,2,4
LBX099LA,0.4632,392,2,4
LBX138LA,0.18544,392,2,4
LBX153LA,0.20512,392,2,4
LBX170LA,0.19488,392,2,4
LBX180LA,0.45776,392,2,4
LBX187LA,0.236,392,2,4
LBX194LA,0.73872,392,2,4
LBXPCBLA,0.07328,392,2,4
LBXHXCLA,0.13968,392,2,4
LBX118LA,0.1336,392,2,4
LBXD03LA,0.1664,392,2,4
LBXD05LA,0.99392,392,2,4
LBXD07LA,0.10128,392,2,4
LBXF03LA,0.09152,392,2,4
LBXF04LA,0.316,392,2,4
LBXF05LA,0.8888,392,2,4
LBXF08LA,0.07104,392,2,4
LBX074LA,0.16384,393,1,4
LBX099LA,0.1344,393,1,4
LBX138LA,0.14544,393,1,4
LBX153LA,0.17456,393,1,4
LBX170LA,0.53968,393,1,4
LBX180LA,0.23632,393,1,4
LBX187LA,0.28224,393,1,4
LBX194LA,0.19936,393,1,4
LBXPCBLA,0.08352,393,1,4
LBXHXCLA,0.17248,393,1,4
LBX118LA,0.16816,393,1,4
LBXD03LA,0.38048,393,1,4
LBXD05LA,0.5584,393,1,4
LBXD07LA,0.18368,393,1,4
LBXF03LA,0.08016,393,1,4
LBXF04LA,0.12976,393,1,4
LBXF05LA,0.13088,393,1,4
LBXF08LA,0.09296,393,1,4
LBX074LA,0.39552,394,2,4
LBX099LA,0.19696,394,2,4
LBX138LA,0.18784,394,2,4
LBX153LA,0.21024,394,2,4
LBX170LA,0.41104,394,2,4
LBX180LA,0.43376,394,2,4
LBX187LA,0.2392,394,2,4
LBX194LA,0.85952,394,2,4
LBXPCBLA,0.10832,394,2,4
LBXHXCLA,0.268,394,2,4
LBX118LA,0.1736,394,2,4
LBXD03LA,0.27552,394,2,4
LBXD05LA,0.96544,394,2,4
LBXD07LA,0.23072,394,2,4
LBXF03LA,0.09136,394,2,4
LBXF04LA,0.98176,394,2,4
LBXF05LA,0.4928,394,2,4
LBXF08LA,0.088,394,2,4
LBX074LA,0.14128,395,1,4
LBX099LA,0.20512,395,1,4
LBX138LA,0.20608,395,1,4
LBX153LA,0.16928,395,1,4
LBX170LA,0.45104,395,1,4
LBX180LA,0.24528,395,1,4
LBX187LA,0.17952,395,1,4
LBX194LA,0.85568,395,1,4
LBXPCBLA,0.21376,395,1,4
LBXHXCLA,0.11968,395,1,4
LBX118LA,0.14928,395,1,4
LBXD03LA,0.1344,395,1,4
LBXD05LA,0.62496,395,1,4
LBXD07LA,0.58608,395,1,4
LBXF03LA,0.05904,395,1,4
LBXF04LA,0.12336,395,1,4
LBXF05LA,0.10208,395,1,4
LBXF08LA,0.07136,395,1,4
LBX074LA,0.15568,396,2,4
LBX099LA,0.04624,396,2,4
LBX138LA,0.09888,396,2,4
LBX153LA,0.12304,396,2,4
LBX170LA,0.35504,396,2,4
LBX180LA,0.29632,396,2,4
LBX187LA,0.19648,396,2,4
LBX194LA,0.49536,396,2,4
LBXPCBLA,0.13408,396,2,4
LBXHXCLA,0.10704,396,2,4
LBX118LA,0.08624,396,2,4
LBXD03LA,0.4264,396,2,4
LBXD05LA,0.38384,396,2,4
LBXD07LA,0.80016,396,2,4
LBXF03LA,0.08448,396,2,4
LBXF04LA,0.52464,396,2,4
LBXF05LA,0.06672,396,2,4
LBXF08LA,0.11312,396,2,4
LBX074LA,0.76096,397,2,4
LBX099LA,0.11984,397,2,4
LBX138LA,0.25104,397,2,4
LBX153LA,0.44272,397,2,4
LBX170LA,0.6232,397,2,4
LBX180LA,0.43296,397,2,4
LBX187LA,0.42528,397,2,4
LBX194LA,0.4992,397,2,4
LBXPCBLA,0.21696,397,2,4
LBXHXCLA,0.34768,397,2,4
LBX118LA,0.19696,397,2,4
LBXD03LA,0.22592,397,2,4
LBXD05LA,0.98752,397,2,4
LBXD07LA,0.1368,397,2,4
LBXF03LA,0.1224,397,2,4
LBXF04LA,0.18288,397,2,4
LBXF05LA,0.9952,397,2,4
LBXF08LA,0.0944,397,2,4
LBX074LA,0.04736,398,2,4
LBX099LA,0.04816,398,2,4
LBX138LA,0.15136,398,2,4
LBX153LA,0.1848,398,2,4
LBX170LA,0.2744,398,2,4
LBX180LA,0.27648,398,2,4
LBX187LA,0.15056,398,2,4
LBX194LA,0.10432,398,2,4
LBXPCBLA,0.49632,398,2,4
LBXHXCLA,0.23408,398,2,4
LBX118LA,0.1168,398,2,4
LBXD03LA,0.85296,398,2,4
LBXD05LA,0.14496,398,2,4
LBXD07LA,0.12832,398,2,4
LBXF03LA,0.0384,398,2,4
LBXF04LA,0.29264,398,2,4
LBXF05LA,0.06592,398,2,4
LBXF08LA,0.03232,398,2,4
LBX074LA,0.07248,399,2,4
LBX099LA,0.0344,399,2,4
LBX138LA,0.08256,399,2,4
LBX153LA,0.18864,399,2,4
LBX170LA,0.19712,399,2,4
LBX180LA,0.13216,399,2,4
LBX187LA,0.09376,399,2,4
LBX194LA,0.83456,399,2,4
LBXPCBLA,0.10768,399,2,4
LBXHXCLA,0.11392,399,2,4
LBX118LA,0.0552,399,2,4
LBXD03LA,0.07984,399,2,4
LBXD05LA,0.65568,399,2,4
LBXD07LA,0.09232,399,2,4
LBXF03LA,0.80496,399,2,4
LBXF04LA,0.07088,399,2,4
LBXF05LA,0.41568,399,2,4
LBXF08LA,0.15968,399,2,4
LBX074LA,0.17952,400,3,4
LBX099LA,0.3208,400,3,4
LBX138LA,0.19744,400,3,4
LBX153LA,0.19344,400,3,4
LBX170LA,0.25616,400,3,4
LBX180LA,0.3992,400,3,4
LBX187LA,0.26192,400,3,4
LBX194LA,0.86192,400,3,4
LBXPCBLA,0.21968,400,3,4
LBXHXCLA,0.21232,400,3,4
LBX118LA,0.34272,400,3,4
LBXD03LA,0.92656,400,3,4
LBXD05LA,0.18928,400,3,4
LBXD07LA,0.10304,400,3,4
LBXF03LA,0.55152,400,3,4
LBXF04LA,0.348,400,3,4
LBXF05LA,0.25072,400,3,4
LBXF08LA,0.08208,400,3,4
LBX074LA,0.45632,401,1,5
LBX099LA,0.12032,401,1,5
LBX138LA,0.19216,401,1,5
LBX153LA,0.20992,401,1,5
LBX170LA,0.17104,401,1,5
LBX180LA,0.224,401,1,5
LBX187LA,0.88384,401,1,5
LBX194LA,0.96416,401,1,5
LBXPCBLA,0.10768,401,1,5
LBXHXCLA,0.2792,401,1,5
LBX118LA,0.76576,401,1,5
LBXD03LA,0.41616,401,1,5
LBXD05LA,0.22016,401,1,5
LBXD07LA,0.35232,401,1,5
LBXF03LA,0.1176,401,1,5
LBXF04LA,0.4744,401,1,5
LBXF05LA,0.12368,401,1,5
LBXF08LA,0.91024,401,1,5
LBX074LA,0.5416,402,2,5
LBX099LA,0.16384,402,2,5
LBX138LA,0.76048,402,2,5
LBX153LA,0.20656,402,2,5
LBX170LA,0.16048,402,2,5
LBX180LA,0.23264,402,2,5
LBX187LA,0.15616,402,2,5
LBX194LA,0.53008,402,2,5
LBXPCBLA,0.07088,402,2,5
LBXHXCLA,0.0912,402,2,5
LBX118LA,0.09136,402,2,5
LBXD03LA,0.11808,402,2,5
LBXD05LA,0.168,402,2,5
LBXD07LA,0.28576,402,2,5
LBXF03LA,0.10416,402,2,5
LBXF04LA,0.54608,402,2,5
LBXF05LA,0.15216,402,2,5
LBXF08LA,0.81824,402,2,5
LBX074LA,0.58512,403,1,5
LBX099LA,0.14288,403,1,5
LBX138LA,0.388,403,1,5
LBX153LA,0.32768,403,1,5
LBX170LA,0.28976,403,1,5
LBX180LA,0.3536,403,1,5
LBX187LA,0.31712,403,1,5
LBX194LA,0.27488,403,1,5
LBXPCBLA,0.13088,403,1,5
LBXHXCLA,0.34272,403,1,5
LBX118LA,0.18064,403,1,5
LBXD03LA,0.13936,403,1,5
LBXD05LA,1,403,1,5
LBXD07LA,0.24976,403,1,5
LBXF03LA,0.18624,403,1,5
LBXF04LA,0.1424,403,1,5
LBXF05LA,0.40032,403,1,5
LBXF08LA,0.1064,403,1,5
LBX074LA,0.83936,404,1,5
LBX099LA,0.14272,404,1,5
LBX138LA,0.14752,404,1,5
LBX153LA,0.16864,404,1,5
LBX170LA,0.34336,404,1,5
LBX180LA,0.20768,404,1,5
LBX187LA,0.11808,404,1,5
LBX194LA,0.49232,404,1,5
LBXPCBLA,0.08304,404,1,5
LBXHXCLA,0.176,404,1,5
LBX118LA,0.12,404,1,5
LBXD03LA,0.09184,404,1,5
LBXD05LA,0.9952,404,1,5
LBXD07LA,0.08016,404,1,5
LBXF03LA,0.07776,404,1,5
LBXF04LA,0.07296,404,1,5
LBXF05LA,0.13104,404,1,5
LBXF08LA,0.06112,404,1,5
LBX074LA,0.1576,405,2,5
LBX099LA,0.12448,405,2,5
LBX138LA,0.19568,405,2,5
LBX153LA,0.15136,405,2,5
LBX170LA,0.10864,405,2,5
LBX180LA,0.12672,405,2,5
LBX187LA,0.10576,405,2,5
LBX194LA,0.08048,405,2,5
LBXPCBLA,0.12704,405,2,5
LBXHXCLA,0.12848,405,2,5
LBX118LA,0.74752,405,2,5
LBXD03LA,0.11712,405,2,5
LBXD05LA,0.95296,405,2,5
LBXD07LA,0.11824,405,2,5
LBXF03LA,0.65776,405,2,5
LBXF04LA,0.28752,405,2,5
LBXF05LA,0.21632,405,2,5
LBXF08LA,0.14816,405,2,5
LBX074LA,0.7432,406,3,5
LBX099LA,0.14656,406,3,5
LBX138LA,0.09984,406,3,5
LBX153LA,0.06864,406,3,5
LBX170LA,0.17024,406,3,5
LBX180LA,0.07392,406,3,5
LBX187LA,0.37776,406,3,5
LBX194LA,0.1624,406,3,5
LBXPCBLA,0.10144,406,3,5
LBXHXCLA,0.08128,406,3,5
LBX118LA,0.12016,406,3,5
LBXD03LA,0.22448,406,3,5
LBXD05LA,0.95072,406,3,5
LBXD07LA,0.83904,406,3,5
LBXF03LA,0.07824,406,3,5
LBXF04LA,0.08432,406,3,5
LBXF05LA,0.11104,406,3,5
LBXF08LA,0.048,406,3,5
LBX074LA,0.61952,407,4,5
LBX099LA,0.0544,407,4,5
LBX138LA,0.28784,407,4,5
LBX153LA,0.1704,407,4,5
LBX170LA,0.70608,407,4,5
LBX180LA,0.13488,407,4,5
LBX187LA,0.16864,407,4,5
LBX194LA,0.16192,407,4,5
LBXPCBLA,0.11424,407,4,5
LBXHXCLA,0.84816,407,4,5
LBX118LA,0.28336,407,4,5
LBXD03LA,0.21648,407,4,5
LBXD05LA,0.99936,407,4,5
LBXD07LA,0.71504,407,4,5
LBXF03LA,0.07824,407,4,5
LBXF04LA,0.76752,407,4,5
LBXF05LA,0.18544,407,4,5
LBXF08LA,0.12592,407,4,5
LBX074LA,0.4912,408,2,5
LBX099LA,0.21824,408,2,5
LBX138LA,0.21728,408,2,5
LBX153LA,0.78736,408,2,5
LBX170LA,0.13056,408,2,5
LBX180LA,0.1424,408,2,5
LBX187LA,0.13984,408,2,5
LBX194LA,0.18992,408,2,5
LBXPCBLA,0.11792,408,2,5
LBXHXCLA,0.08976,408,2,5
LBX118LA,0.24912,408,2,5
LBXD03LA,0.09712,408,2,5
LBXD05LA,0.62736,408,2,5
LBXD07LA,0.09136,408,2,5
LBXF03LA,0.06368,408,2,5
LBXF04LA,0.93136,408,2,5
LBXF05LA,0.08272,408,2,5
LBXF08LA,0.05648,408,2,5
LBX074LA,0.13344,409,1,5
LBX099LA,0.13808,409,1,5
LBX138LA,0.17888,409,1,5
LBX153LA,0.18144,409,1,5
LBX170LA,0.21072,409,1,5
LBX180LA,0.22016,409,1,5
LBX187LA,0.19392,409,1,5
LBX194LA,0.94048,409,1,5
LBXPCBLA,0.0656,409,1,5
LBXHXCLA,0.14128,409,1,5
LBX118LA,0.14224,409,1,5
LBXD03LA,0.3936,409,1,5
LBXD05LA,0.62272,409,1,5
LBXD07LA,0.35744,409,1,5
LBXF03LA,0.15216,409,1,5
LBXF04LA,0.12112,409,1,5
LBXF05LA,0.8,409,1,5
LBXF08LA,0.18944,409,1,5
LBX074LA,0.98,410,4,5
LBX099LA,0.15696,410,4,5
LBX138LA,0.03552,410,4,5
LBX153LA,0.12432,410,4,5
LBX170LA,0.1256,410,4,5
LBX180LA,0.23488,410,4,5
LBX187LA,0.0512,410,4,5
LBX194LA,0.08192,410,4,5
LBXPCBLA,0.08432,410,4,5
LBXHXCLA,0.0432,410,4,5
LBX118LA,0.08288,410,4,5
LBXD03LA,0.02576,410,4,5
LBXD05LA,0.928,410,4,5
LBXD07LA,0.0184,410,4,5
LBXF03LA,0.01472,410,4,5
LBXF04LA,0.48768,410,4,5
LBXF05LA,0.10896,410,4,5
LBXF08LA,0.05328,410,4,5
LBX074LA,0.15568,411,3,5
LBX099LA,0.13888,411,3,5
LBX138LA,0.18944,411,3,5
LBX153LA,0.10816,411,3,5
LBX170LA,0.40048,411,3,5
LBX180LA,0.20496,411,3,5
LBX187LA,0.18352,411,3,5
LBX194LA,0.19568,411,3,5
LBXPCBLA,0.10656,411,3,5
LBXHXCLA,0.05488,411,3,5
LBX118LA,0.1376,411,3,5
LBXD03LA,0.05536,411,3,5
LBXD05LA,0.26656,411,3,5
LBXD07LA,0.10912,411,3,5
LBXF03LA,0.1024,411,3,5
LBXF04LA,0.8288,411,3,5
LBXF05LA,0.11616,411,3,5
LBXF08LA,0.04896,411,3,5
LBX074LA,0.1408,412,3,5
LBX099LA,0.0528,412,3,5
LBX138LA,0.25936,412,3,5
LBX153LA,0.22784,412,3,5
LBX170LA,0.3168,412,3,5
LBX180LA,0.65984,412,3,5
LBX187LA,0.22592,412,3,5
LBX194LA,0.40144,412,3,5
LBXPCBLA,0.11056,412,3,5
LBXHXCLA,0.09776,412,3,5
LBX118LA,0.0648,412,3,5
LBXD03LA,0.32496,412,3,5
LBXD05LA,0.90432,412,3,5
LBXD07LA,0.31232,412,3,5
LBXF03LA,0.02448,412,3,5
LBXF04LA,0.42,412,3,5
LBXF05LA,0.07888,412,3,5
LBXF08LA,0.87856,412,3,5
LBX074LA,0.62048,413,2,5
LBX099LA,0.13072,413,2,5
LBX138LA,0.1368,413,2,5
LBX153LA,0.2144,413,2,5
LBX170LA,0.17616,413,2,5
LBX180LA,0.18112,413,2,5
LBX187LA,0.12896,413,2,5
LBX194LA,0.17808,413,2,5
LBXPCBLA,0.10384,413,2,5
LBXHXCLA,0.1432,413,2,5
LBX118LA,0.2312,413,2,5
LBXD03LA,0.29488,413,2,5
LBXD05LA,0.99872,413,2,5
LBXD07LA,0.83584,413,2,5
LBXF03LA,0.12048,413,2,5
LBXF04LA,0.27552,413,2,5
LBXF05LA,0.34976,413,2,5
LBXF08LA,0.07664,413,2,5
LBX074LA,0.14416,414,1,5
LBX099LA,0.13088,414,1,5
LBX138LA,0.30208,414,1,5
LBX153LA,0.35536,414,1,5
LBX170LA,0.72336,414,1,5
LBX180LA,0.45376,414,1,5
LBX187LA,0.26544,414,1,5
LBX194LA,0.74496,414,1,5
LBXPCBLA,0.09776,414,1,5
LBXHXCLA,0.24416,414,1,5
LBX118LA,0.14928,414,1,5
LBXD03LA,0.12528,414,1,5
LBXD05LA,0.9976,414,1,5
LBXD07LA,0.14992,414,1,5
LBXF03LA,0.10352,414,1,5
LBXF04LA,0.1968,414,1,5
LBXF05LA,0.272,414,1,5
LBXF08LA,0.49232,414,1,5
LBX074LA,0.14112,415,1,5
LBX099LA,0.38304,415,1,5
LBX138LA,0.38256,415,1,5
LBX153LA,0.36592,415,1,5
LBX170LA,0.16928,415,1,5
LBX180LA,0.188,415,1,5
LBX187LA,0.42624,415,1,5
LBX194LA,0.14304,415,1,5
LBXPCBLA,0.36,415,1,5
LBXHXCLA,0.14432,415,1,5
LBX118LA,0.1616,415,1,5
LBXD03LA,0.2528,415,1,5
LBXD05LA,0.96176,415,1,5
LBXD07LA,0.20608,415,1,5
LBXF03LA,0.4456,415,1,5
LBXF04LA,0.28544,415,1,5
LBXF05LA,0.11744,415,1,5
LBXF08LA,0.0592,415,1,5
LBX074LA,0.1464,416,1,5
LBX099LA,0.10448,416,1,5
LBX138LA,0.30752,416,1,5
LBX153LA,0.34816,416,1,5
LBX170LA,0.45568,416,1,5
LBX180LA,0.18656,416,1,5
LBX187LA,0.21808,416,1,5
LBX194LA,0.14064,416,1,5
LBXPCBLA,0.10656,416,1,5
LBXHXCLA,0.10992,416,1,5
LBX118LA,0.19616,416,1,5
LBXD03LA,0.19344,416,1,5
LBXD05LA,0.09984,416,1,5
LBXD07LA,0.07488,416,1,5
LBXF03LA,0.06144,416,1,5
LBXF04LA,0.99776,416,1,5
LBXF05LA,0.16096,416,1,5
LBXF08LA,0.076,416,1,5
LBX074LA,0.18656,417,1,5
LBX099LA,0.16016,417,1,5
LBX138LA,0.15424,417,1,5
LBX153LA,0.19088,417,1,5
LBX170LA,0.244,417,1,5
LBX180LA,0.4768,417,1,5
LBX187LA,0.12944,417,1,5
LBX194LA,0.396,417,1,5
LBXPCBLA,0.07968,417,1,5
LBXHXCLA,0.18272,417,1,5
LBX118LA,0.17008,417,1,5
LBXD03LA,0.36336,417,1,5
LBXD05LA,0.99968,417,1,5
LBXD07LA,0.10112,417,1,5
LBXF03LA,0.10928,417,1,5
LBXF04LA,0.19664,417,1,5
LBXF05LA,0.1128,417,1,5
LBXF08LA,0.07328,417,1,5
LBX074LA,0.22112,418,2,5
LBX099LA,0.1528,418,2,5
LBX138LA,0.1752,418,2,5
LBX153LA,0.19856,418,2,5
LBX170LA,0.5264,418,2,5
LBX180LA,0.21072,418,2,5
LBX187LA,0.24352,418,2,5
LBX194LA,0.86096,418,2,5
LBXPCBLA,0.36688,418,2,5
LBXHXCLA,0.63872,418,2,5
LBX118LA,0.54864,418,2,5
LBXD03LA,0.12912,418,2,5
LBXD05LA,0.988,418,2,5
LBXD07LA,0.11968,418,2,5
LBXF03LA,0.18,418,2,5
LBXF04LA,0.46336,418,2,5
LBXF05LA,0.17488,418,2,5
LBXF08LA,0.059520000000000003,418,2,5
LBX074LA,0.94016,419,4,5
LBX099LA,0.11664,419,4,5
LBX138LA,0.268,419,4,5
LBX153LA,0.20208,419,4,5
LBX170LA,0.38512,419,4,5
LBX180LA,0.14816,419,4,5
LBX187LA,0.16912,419,4,5
LBX194LA,0.1392,419,4,5
LBXPCBLA,0.31984,419,4,5
LBXHXCLA,0.1984,419,4,5
LBX118LA,0.20256,419,4,5
LBXD03LA,0.51248,419,4,5
LBXD05LA,0.53488,419,4,5
LBXD07LA,0.37952,419,4,5
LBXF03LA,0.3968,419,4,5
LBXF04LA,0.9632,419,4,5
LBXF05LA,0.0776,419,4,5
LBXF08LA,0.1224,419,4,5
LBX074LA,0.12096,420,2,5
LBX099LA,0.1056,420,2,5
LBX138LA,0.20304,420,2,5
LBX153LA,0.3096,420,2,5
LBX170LA,0.34384,420,2,5
LBX180LA,0.2304,420,2,5
LBX187LA,0.12624,420,2,5
LBX194LA,0.2984,420,2,5
LBXPCBLA,0.37648,420,2,5
LBXHXCLA,0.42496,420,2,5
LBX118LA,0.12784,420,2,5
LBXD03LA,0.14208,420,2,5
LBXD05LA,0.74048,420,2,5
LBXD07LA,0.75936,420,2,5
LBXF03LA,0.95056,420,2,5
LBXF04LA,0.9376,420,2,5
LBXF05LA,0.1576,420,2,5
LBXF08LA,0.10496,420,2,5
LBX074LA,0.40512,421,1,5
LBX099LA,0.14208,421,1,5
LBX138LA,0.3448,421,1,5
LBX153LA,0.77952,421,1,5
LBX170LA,0.492,421,1,5
LBX180LA,0.27456,421,1,5
LBX187LA,0.62064,421,1,5
LBX194LA,0.25488,421,1,5
LBXPCBLA,0.42304,421,1,5
LBXHXCLA,0.1368,421,1,5
LBX118LA,0.82272,421,1,5
LBXD03LA,0.27008,421,1,5
LBXD05LA,0.74464,421,1,5
LBXD07LA,0.2256,421,1,5
LBXF03LA,0.61568,421,1,5
LBXF04LA,0.12912,421,1,5
LBXF05LA,0.5856,421,1,5
LBXF08LA,0.0672,421,1,5
LBX074LA,0.12464,422,1,5
LBX099LA,0.09536,422,1,5
LBX138LA,0.16352,422,1,5
LBX153LA,0.14976,422,1,5
LBX170LA,0.24368,422,1,5
LBX180LA,0.42176,422,1,5
LBX187LA,0.19168,422,1,5
LBX194LA,0.41648,422,1,5
LBXPCBLA,0.13536,422,1,5
LBXHXCLA,0.19024,422,1,5
LBX118LA,0.10736,422,1,5
LBXD03LA,0.09152,422,1,5
LBXD05LA,0.99168,422,1,5
LBXD07LA,0.13168,422,1,5
LBXF03LA,0.06576,422,1,5
LBXF04LA,0.11504,422,1,5
LBXF05LA,0.09056,422,1,5
LBXF08LA,0.06736,422,1,5
LBX074LA,0.36304,423,3,5
LBX099LA,0.26448,423,3,5
LBX138LA,0.59584,423,3,5
LBX153LA,0.3392,423,3,5
LBX170LA,0.46144,423,3,5
LBX180LA,0.35616,423,3,5
LBX187LA,0.59568,423,3,5
LBX194LA,0.87408,423,3,5
LBXPCBLA,0.48176,423,3,5
LBXHXCLA,0.18608,423,3,5
LBX118LA,0.67616,423,3,5
LBXD03LA,0.93824,423,3,5
LBXD05LA,0.596,423,3,5
LBXD07LA,0.9424,423,3,5
LBXF03LA,0.26512,423,3,5
LBXF04LA,0.26928,423,3,5
LBXF05LA,0.25008,423,3,5
LBXF08LA,0.80432,423,3,5
LBX074LA,0.32912,424,4,5
LBX099LA,0.28816,424,4,5
LBX138LA,0.10288,424,4,5
LBX153LA,0.17664,424,4,5
LBX170LA,0.1848,424,4,5
LBX180LA,0.89904,424,4,5
LBX187LA,0.13104,424,4,5
LBX194LA,0.17648,424,4,5
LBXPCBLA,0.02784,424,4,5
LBXHXCLA,0.05808,424,4,5
LBX118LA,0.11008,424,4,5
LBXD03LA,0.07872,424,4,5
LBXD05LA,0.86704,424,4,5
LBXD07LA,0.38688,424,4,5
LBXF03LA,0.06064,424,4,5
LBXF04LA,0.81808,424,4,5
LBXF05LA,0.21424,424,4,5
LBXF08LA,0.08608,424,4,5
LBX074LA,0.4672,425,1,5
LBX099LA,0.13872,425,1,5
LBX138LA,0.17168,425,1,5
LBX153LA,0.16944,425,1,5
LBX170LA,0.15504,425,1,5
LBX180LA,0.14304,425,1,5
LBX187LA,0.38224,425,1,5
LBX194LA,0.64352,425,1,5
LBXPCBLA,0.12544,425,1,5
LBXHXCLA,0.108,425,1,5
LBX118LA,0.13216,425,1,5
LBXD03LA,0.10672,425,1,5
LBXD05LA,0.99952,425,1,5
LBXD07LA,0.66,425,1,5
LBXF03LA,0.0688,425,1,5
LBXF04LA,0.07376,425,1,5
LBXF05LA,0.06576,425,1,5
LBXF08LA,0.07168,425,1,5
LBX074LA,0.27488,426,4,5
LBX099LA,0.15728,426,4,5
LBX138LA,0.11552,426,4,5
LBX153LA,0.19696,426,4,5
LBX170LA,0.19968,426,4,5
LBX180LA,0.23168,426,4,5
LBX187LA,0.16864,426,4,5
LBX194LA,0.17568,426,4,5
LBXPCBLA,0.188,426,4,5
LBXHXCLA,0.30144,426,4,5
LBX118LA,0.2664,426,4,5
LBXD03LA,0.29392,426,4,5
LBXD05LA,0.25968,426,4,5
LBXD07LA,0.85744,426,4,5
LBXF03LA,0.27904,426,4,5
LBXF04LA,0.44624,426,4,5
LBXF05LA,0.64736,426,4,5
LBXF08LA,0.92096,426,4,5
LBX074LA,0.23792,427,1,5
LBX099LA,0.21664,427,1,5
LBX138LA,0.18512,427,1,5
LBX153LA,0.26272,427,1,5
LBX170LA,0.50768,427,1,5
LBX180LA,0.14032,427,1,5
LBX187LA,0.42272,427,1,5
LBX194LA,0.21904,427,1,5
LBXPCBLA,0.09376,427,1,5
LBXHXCLA,0.104,427,1,5
LBX118LA,0.48192,427,1,5
LBXD03LA,0.10656,427,1,5
LBXD05LA,0.77056,427,1,5
LBXD07LA,0.22992,427,1,5
LBXF03LA,0.06784,427,1,5
LBXF04LA,0.12592,427,1,5
LBXF05LA,0.10384,427,1,5
LBXF08LA,0.0664,427,1,5
LBX074LA,0.46752,428,4,5
LBX099LA,0.12944,428,4,5
LBX138LA,0.18512,428,4,5
LBX153LA,0.5504,428,4,5
LBX170LA,0.61536,428,4,5
LBX180LA,0.22592,428,4,5
LBX187LA,0.69664,428,4,5
LBX194LA,0.34912,428,4,5
LBXPCBLA,0.73248,428,4,5
LBXHXCLA,0.08,428,4,5
LBX118LA,0.26224,428,4,5
LBXD03LA,0.16608,428,4,5
LBXD05LA,0.97936,428,4,5
LBXD07LA,0.76432,428,4,5
LBXF03LA,0.18784,428,4,5
LBXF04LA,0.60464,428,4,5
LBXF05LA,0.34192,428,4,5
LBXF08LA,0.03248,428,4,5
LBX074LA,0.26512,429,3,5
LBX099LA,0.10336,429,3,5
LBX138LA,0.13184,429,3,5
LBX153LA,0.24112,429,3,5
LBX170LA,0.24496,429,3,5
LBX180LA,0.21968,429,3,5
LBX187LA,0.10032,429,3,5
LBX194LA,0.256,429,3,5
LBXPCBLA,0.96656,429,3,5
LBXHXCLA,0.11088,429,3,5
LBX118LA,0.26352,429,3,5
LBXD03LA,0.0832,429,3,5
LBXD05LA,0.86832,429,3,5
LBXD07LA,0.05344,429,3,5
LBXF03LA,0.11424,429,3,5
LBXF04LA,0.37696,429,3,5
LBXF05LA,0.1472,429,3,5
LBXF08LA,0.068,429,3,5
LBX074LA,0.084,430,1,5
LBX099LA,0.10032,430,1,5
LBX138LA,0.13568,430,1,5
LBX153LA,0.15632,430,1,5
LBX170LA,0.18528,430,1,5
LBX180LA,0.12256,430,1,5
LBX187LA,0.16864,430,1,5
LBX194LA,0.83536,430,1,5
LBXPCBLA,0.084,430,1,5
LBXHXCLA,0.21872,430,1,5
LBX118LA,0.11328,430,1,5
LBXD03LA,0.0704,430,1,5
LBXD05LA,0.96512,430,1,5
LBXD07LA,0.14064,430,1,5
LBXF03LA,0.08048,430,1,5
LBXF04LA,0.08176,430,1,5
LBXF05LA,0.06048,430,1,5
LBXF08LA,0.0736,430,1,5
LBX074LA,0.27296,431,2,5
LBX099LA,0.07072,431,2,5
LBX138LA,0.13472,431,2,5
LBX153LA,0.17232,431,2,5
LBX170LA,0.1864,431,2,5
LBX180LA,0.2176,431,2,5
LBX187LA,0.77408,431,2,5
LBX194LA,0.23392,431,2,5
LBXPCBLA,0.41584,431,2,5
LBXHXCLA,0.1168,431,2,5
LBX118LA,0.19488,431,2,5
LBXD03LA,0.14944,431,2,5
LBXD05LA,0.53712,431,2,5
LBXD07LA,0.33296,431,2,5
LBXF03LA,0.06512,431,2,5
LBXF04LA,0.23712,431,2,5
LBXF05LA,0.87376,431,2,5
LBXF08LA,0.0824,431,2,5
LBX074LA,0.08272,432,4,5
LBX099LA,0.18944,432,4,5
LBX138LA,0.15392,432,4,5
LBX153LA,0.09248,432,4,5
LBX170LA,0.08896,432,4,5
LBX180LA,0.19936,432,4,5
LBX187LA,0.07808,432,4,5
LBX194LA,0.15984,432,4,5
LBXPCBLA,0.32816,432,4,5
LBXHXCLA,0.032,432,4,5
LBX118LA,0.58992,432,4,5
LBXD03LA,0.13184,432,4,5
LBXD05LA,0.99776,432,4,5
LBXD07LA,0.03744,432,4,5
LBXF03LA,0.02704,432,4,5
LBXF04LA,0.56432,432,4,5
LBXF05LA,0.1312,432,4,5
LBXF08LA,0.09792,432,4,5
LBX074LA,0.04928,433,2,5
LBX099LA,0.0896,433,2,5
LBX138LA,0.35392,433,2,5
LBX153LA,0.60448,433,2,5
LBX170LA,0.1672,433,2,5
LBX180LA,0.20688,433,2,5
LBX187LA,0.13136,433,2,5
LBX194LA,0.09408,433,2,5
LBXPCBLA,0.4344,433,2,5
LBXHXCLA,0.16112,433,2,5
LBX118LA,0.0952,433,2,5
LBXD03LA,0.10688,433,2,5
LBXD05LA,0.12848,433,2,5
LBXD07LA,0.05312,433,2,5
LBXF03LA,0.0792,433,2,5
LBXF04LA,0.66208,433,2,5
LBXF05LA,0.52848,433,2,5
LBXF08LA,0.06864,433,2,5
LBX074LA,0.2104,434,2,5
LBX099LA,0.18992,434,2,5
LBX138LA,0.12608,434,2,5
LBX153LA,0.156,434,2,5
LBX170LA,0.20736,434,2,5
LBX180LA,0.1872,434,2,5
LBX187LA,0.66064,434,2,5
LBX194LA,0.94976,434,2,5
LBXPCBLA,0.06544,434,2,5
LBXHXCLA,0.0864,434,2,5
LBX118LA,0.07312,434,2,5
LBXD03LA,0.13872,434,2,5
LBXD05LA,0.99824,434,2,5
LBXD07LA,0.07888,434,2,5
LBXF03LA,0.26928,434,2,5
LBXF04LA,0.4752,434,2,5
LBXF05LA,0.1272,434,2,5
LBXF08LA,0.03232,434,2,5
LBX074LA,0.56704,435,3,5
LBX099LA,0.1176,435,3,5
LBX138LA,0.09328,435,3,5
LBX153LA,0.14608,435,3,5
LBX170LA,0.13648,435,3,5
LBX180LA,0.12832,435,3,5
LBX187LA,0.08784,435,3,5
LBX194LA,0.18416,435,3,5
LBXPCBLA,0.13872,435,3,5
LBXHXCLA,0.10096,435,3,5
LBX118LA,0.15088,435,3,5
LBXD03LA,0.17104,435,3,5
LBXD05LA,0.51456,435,3,5
LBXD07LA,0.76496,435,3,5
LBXF03LA,0.14064,435,3,5
LBXF04LA,0.69008,435,3,5
LBXF05LA,0.40224,435,3,5
LBXF08LA,0.35392,435,3,5
LBX074LA,0.268,436,2,5
LBX099LA,0.33408,436,2,5
LBX138LA,0.11248,436,2,5
LBX153LA,0.12368,436,2,5
LBX170LA,0.208,436,2,5
LBX180LA,0.24496,436,2,5
LBX187LA,0.0928,436,2,5
LBX194LA,0.14768,436,2,5
LBXPCBLA,0.2512,436,2,5
LBXHXCLA,0.15056,436,2,5
LBX118LA,0.55728,436,2,5
LBXD03LA,0.07824,436,2,5
LBXD05LA,0.87296,436,2,5
LBXD07LA,0.22288,436,2,5
LBXF03LA,0.13312,436,2,5
LBXF04LA,0.07232,436,2,5
LBXF05LA,0.94992,436,2,5
LBXF08LA,0.04928,436,2,5
LBX074LA,0.1248,437,2,5
LBX099LA,0.06416,437,2,5
LBX138LA,0.65056,437,2,5
LBX153LA,0.23712,437,2,5
LBX170LA,0.14032,437,2,5
LBX180LA,0.15344,437,2,5
LBX187LA,0.9088,437,2,5
LBX194LA,0.23312,437,2,5
LBXPCBLA,0.324,437,2,5
LBXHXCLA,0.92912,437,2,5
LBX118LA,0.12864,437,2,5
LBXD03LA,0.0696,437,2,5
LBXD05LA,0.96192,437,2,5
LBXD07LA,0.36,437,2,5
LBXF03LA,0.05216,437,2,5
LBXF04LA,0.0632,437,2,5
LBXF05LA,0.05344,437,2,5
LBXF08LA,0.06192,437,2,5
LBX074LA,0.09712,438,3,5
LBX099LA,0.2488,438,3,5
LBX138LA,0.14304,438,3,5
LBX153LA,0.25536,438,3,5
LBX170LA,0.35808,438,3,5
LBX180LA,0.30736,438,3,5
LBX187LA,0.93584,438,3,5
LBX194LA,0.6648,438,3,5
LBXPCBLA,0.68512,438,3,5
LBXHXCLA,0.37584,438,3,5
LBX118LA,0.12656,438,3,5
LBXD03LA,0.17856,438,3,5
LBXD05LA,0.13888,438,3,5
LBXD07LA,0.308,438,3,5
LBXF03LA,0.48288,438,3,5
LBXF04LA,0.16608,438,3,5
LBXF05LA,0.46192,438,3,5
LBXF08LA,0.12704,438,3,5
LBX074LA,0.57488,439,1,5
LBX099LA,0.19968,439,1,5
LBX138LA,0.42688,439,1,5
LBX153LA,0.33952,439,1,5
LBX170LA,0.2688,439,1,5
LBX180LA,0.51872,439,1,5
LBX187LA,0.26672,439,1,5
LBX194LA,0.41936,439,1,5
LBXPCBLA,0.85424,439,1,5
LBXHXCLA,0.32688,439,1,5
LBX118LA,0.2848,439,1,5
LBXD03LA,0.14384,439,1,5
LBXD05LA,0.34832,439,1,5
LBXD07LA,0.83792,439,1,5
LBXF03LA,0.14592,439,1,5
LBXF04LA,0.18416,439,1,5
LBXF05LA,0.10784,439,1,5
LBXF08LA,0.0736,439,1,5
LBX074LA,0.25728,440,2,5
LBX099LA,0.10528,440,2,5
LBX138LA,0.1744,440,2,5
LBX153LA,0.14752,440,2,5
LBX170LA,0.13696,440,2,5
LBX180LA,0.23184,440,2,5
LBX187LA,0.13168,440,2,5
LBX194LA,0.85552,440,2,5
LBXPCBLA,0.9376,440,2,5
LBXHXCLA,0.15552,440,2,5
LBX118LA,0.26432,440,2,5
LBXD03LA,0.13568,440,2,5
LBXD05LA,0.70272,440,2,5
LBXD07LA,0.30464,440,2,5
LBXF03LA,0.13168,440,2,5
LBXF04LA,0.39184,440,2,5
LBXF05LA,0.12192,440,2,5
LBXF08LA,0.12608,440,2,5
LBX074LA,0.07984,441,1,5
LBX099LA,0.084,441,1,5
LBX138LA,0.0792,441,1,5
LBX153LA,0.10064,441,1,5
LBX170LA,0.10048,441,1,5
LBX180LA,0.09088,441,1,5
LBX187LA,0.14496,441,1,5
LBX194LA,0.09104,441,1,5
LBXPCBLA,0.19216,441,1,5
LBXHXCLA,0.07104,441,1,5
LBX118LA,0.0728,441,1,5
LBXD03LA,0.09376,441,1,5
LBXD05LA,0.4488,441,1,5
LBXD07LA,0.0768,441,1,5
LBXF03LA,0.06752,441,1,5
LBXF04LA,0.9272,441,1,5
LBXF05LA,0.07536,441,1,5
LBXF08LA,0.91216,441,1,5
LBX074LA,0.99104,442,2,5
LBX099LA,0.0968,442,2,5
LBX138LA,0.23808000000000001,442,2,5
LBX153LA,0.22752,442,2,5
LBX170LA,0.20496,442,2,5
LBX180LA,0.12608,442,2,5
LBX187LA,0.17552,442,2,5
LBX194LA,0.19504,442,2,5
LBXPCBLA,0.5176,442,2,5
LBXHXCLA,0.392,442,2,5
LBX118LA,0.14304,442,2,5
LBXD03LA,0.15616,442,2,5
LBXD05LA,0.62864,442,2,5
LBXD07LA,0.07264,442,2,5
LBXF03LA,0.05568,442,2,5
LBXF04LA,0.56112,442,2,5
LBXF05LA,0.47328,442,2,5
LBXF08LA,0.11248,442,2,5
LBX074LA,0.3024,443,1,5
LBX099LA,0.18192,443,1,5
LBX138LA,0.19312000000000001,443,1,5
LBX153LA,0.20544,443,1,5
LBX170LA,0.59264,443,1,5
LBX180LA,0.204,443,1,5
LBX187LA,0.18912,443,1,5
LBX194LA,0.38048,443,1,5
LBXPCBLA,0.56768,443,1,5
LBXHXCLA,0.22448,443,1,5
LBX118LA,0.19216,443,1,5
LBXD03LA,0.1216,443,1,5
LBXD05LA,0.44208,443,1,5
LBXD07LA,0.47168,443,1,5
LBXF03LA,0.088,443,1,5
LBXF04LA,0.2232,443,1,5
LBXF05LA,0.14592,443,1,5
LBXF08LA,0.1304,443,1,5
LBX074LA,0.08512,444,3,5
LBX099LA,0.0672,444,3,5
LBX138LA,0.73424,444,3,5
LBX153LA,0.28896,444,3,5
LBX170LA,0.11664,444,3,5
LBX180LA,0.17952,444,3,5
LBX187LA,0.132,444,3,5
LBX194LA,0.41136,444,3,5
LBXPCBLA,0.87056,444,3,5
LBXHXCLA,0.15328,444,3,5
LBX118LA,0.07008,444,3,5
LBXD03LA,0.5472,444,3,5
LBXD05LA,0.80304,444,3,5
LBXD07LA,0.24928,444,3,5
LBXF03LA,0.10768,444,3,5
LBXF04LA,0.6712,444,3,5
LBXF05LA,0.10544,444,3,5
LBXF08LA,0.02576,444,3,5
LBX074LA,0.048,445,3,5
LBX099LA,0.12112,445,3,5
LBX138LA,0.08656,445,3,5
LBX153LA,0.0944,445,3,5
LBX170LA,0.1792,445,3,5
LBX180LA,0.91312,445,3,5
LBX187LA,0.13584,445,3,5
LBX194LA,0.17568,445,3,5
LBXPCBLA,0.94784,445,3,5
LBXHXCLA,0.06704,445,3,5
LBX118LA,0.13024,445,3,5
LBXD03LA,0.12592,445,3,5
LBXD05LA,0.24496,445,3,5
LBXD07LA,0.50384,445,3,5
LBXF03LA,0.41216,445,3,5
LBXF04LA,0.20304,445,3,5
LBXF05LA,0.08544,445,3,5
LBXF08LA,0.1008,445,3,5
LBX074LA,0.2184,446,1,5
LBX099LA,0.39008,446,1,5
LBX138LA,0.36032,446,1,5
LBX153LA,0.60544,446,1,5
LBX170LA,0.29888,446,1,5
LBX180LA,0.76768,446,1,5
LBX187LA,0.36768,446,1,5
LBX194LA,0.24304,446,1,5
LBXPCBLA,0.22864,446,1,5
LBXHXCLA,0.2216,446,1,5
LBX118LA,0.84416,446,1,5
LBXD03LA,0.32528,446,1,5
LBXD05LA,0.83776,446,1,5
LBXD07LA,0.1288,446,1,5
LBXF03LA,0.20368,446,1,5
LBXF04LA,0.56816,446,1,5
LBXF05LA,0.44064,446,1,5
LBXF08LA,0.07104,446,1,5
LBX074LA,0.24768,447,1,5
LBX099LA,0.22496,447,1,5
LBX138LA,0.2888,447,1,5
LBX153LA,0.31408,447,1,5
LBX170LA,0.20528,447,1,5
LBX180LA,0.31376,447,1,5
LBX187LA,0.14848,447,1,5
LBX194LA,0.12496,447,1,5
LBXPCBLA,0.0912,447,1,5
LBXHXCLA,0.2192,447,1,5
LBX118LA,0.14144,447,1,5
LBXD03LA,0.23552,447,1,5
LBXD05LA,0.98704,447,1,5
LBXD07LA,0.09936,447,1,5
LBXF03LA,0.05904,447,1,5
LBXF04LA,0.09072,447,1,5
LBXF05LA,0.45712,447,1,5
LBXF08LA,0.0728,447,1,5
LBX074LA,0.09824,448,2,5
LBX099LA,0.10032,448,2,5
LBX138LA,0.172,448,2,5
LBX153LA,0.24944,448,2,5
LBX170LA,0.13968,448,2,5
LBX180LA,0.41488,448,2,5
LBX187LA,0.12864,448,2,5
LBX194LA,0.11216,448,2,5
LBXPCBLA,0.17408,448,2,5
LBXHXCLA,0.12224,448,2,5
LBX118LA,0.11424,448,2,5
LBXD03LA,0.17936,448,2,5
LBXD05LA,0.13232,448,2,5
LBXD07LA,0.74112,448,2,5
LBXF03LA,0.06672,448,2,5
LBXF04LA,0.99888,448,2,5
LBXF05LA,0.14096,448,2,5
LBXF08LA,0.07584,448,2,5
LBX074LA,0.29488,449,2,5
LBX099LA,0.2352,449,2,5
LBX138LA,0.17392,449,2,5
LBX153LA,0.208,449,2,5
LBX170LA,0.18608,449,2,5
LBX180LA,0.3872,449,2,5
LBX187LA,0.1296,449,2,5
LBX194LA,0.4016,449,2,5
LBXPCBLA,0.08896,449,2,5
LBXHXCLA,0.19216,449,2,5
LBX118LA,0.26352,449,2,5
LBXD03LA,0.18016,449,2,5
LBXD05LA,0.7624,449,2,5
LBXD07LA,0.2928,449,2,5
LBXF03LA,0.4584,449,2,5
LBXF04LA,0.95072,449,2,5
LBXF05LA,0.12096,449,2,5
LBXF08LA,0.67312,449,2,5
LBX074LA,0.46816,450,1,5
LBX099LA,0.19792,450,1,5
LBX138LA,0.20512,450,1,5
LBX153LA,0.25648,450,1,5
LBX170LA,0.27408,450,1,5
LBX180LA,0.4256,450,1,5
LBX187LA,0.20288,450,1,5
LBX194LA,0.48496,450,1,5
LBXPCBLA,0.1144,450,1,5
LBXHXCLA,0.1704,450,1,5
LBX118LA,0.17184,450,1,5
LBXD03LA,0.40032,450,1,5
LBXD05LA,0.9824,450,1,5
LBXD07LA,0.1368,450,1,5
LBXF03LA,0.152,450,1,5
LBXF04LA,0.21696,450,1,5
LBXF05LA,0.18,450,1,5
LBXF08LA,0.1488,450,1,5
LBX074LA,0.11136,451,3,5
LBX099LA,0.81328,451,3,5
LBX138LA,0.344,451,3,5
LBX153LA,0.74704,451,3,5
LBX170LA,0.14128,451,3,5
LBX180LA,0.83136,451,3,5
LBX187LA,0.19296,451,3,5
LBX194LA,0.28208,451,3,5
LBXPCBLA,0.716,451,3,5
LBXHXCLA,0.07264,451,3,5
LBX118LA,0.55904,451,3,5
LBXD03LA,0.1264,451,3,5
LBXD05LA,0.56208,451,3,5
LBXD07LA,0.77488,451,3,5
LBXF03LA,0.0544,451,3,5
LBXF04LA,0.6344,451,3,5
LBXF05LA,0.19744,451,3,5
LBXF08LA,0.0272,451,3,5
LBX074LA,0.4912,452,1,5
LBX099LA,0.21664,452,1,5
LBX138LA,0.13216,452,1,5
LBX153LA,0.13088,452,1,5
LBX170LA,0.21744,452,1,5
LBX180LA,0.136,452,1,5
LBX187LA,0.16512,452,1,5
LBX194LA,0.18384,452,1,5
LBXPCBLA,0.07776,452,1,5
LBXHXCLA,0.10944,452,1,5
LBX118LA,0.41392,452,1,5
LBXD03LA,0.15776,452,1,5
LBXD05LA,0.75616,452,1,5
LBXD07LA,0.17472,452,1,5
LBXF03LA,0.0656,452,1,5
LBXF04LA,0.09424,452,1,5
LBXF05LA,0.09424,452,1,5
LBXF08LA,0.06304,452,1,5
LBX074LA,0.37744,453,1,5
LBX099LA,0.09968,453,1,5
LBX138LA,0.18992,453,1,5
LBX153LA,0.41584,453,1,5
LBX170LA,0.21856,453,1,5
LBX180LA,0.33952,453,1,5
LBX187LA,0.13776,453,1,5
LBX194LA,0.85632,453,1,5
LBXPCBLA,0.14096,453,1,5
LBXHXCLA,0.16304,453,1,5
LBX118LA,0.14784,453,1,5
LBXD03LA,0.28448,453,1,5
LBXD05LA,0.94896,453,1,5
LBXD07LA,0.22016,453,1,5
LBXF03LA,0.4792,453,1,5
LBXF04LA,0.1024,453,1,5
LBXF05LA,0.36368,453,1,5
LBXF08LA,0.09904,453,1,5
LBX074LA,0.14976,454,3,5
LBX099LA,0.09904,454,3,5
LBX138LA,0.15152,454,3,5
LBX153LA,0.16528,454,3,5
LBX170LA,0.36096,454,3,5
LBX180LA,0.2728,454,3,5
LBX187LA,0.26768,454,3,5
LBX194LA,0.42416,454,3,5
LBXPCBLA,0.1336,454,3,5
LBXHXCLA,0.05856,454,3,5
LBX118LA,0.14608,454,3,5
LBXD03LA,0.10096,454,3,5
LBXD05LA,0.84288,454,3,5
LBXD07LA,0.06096,454,3,5
LBXF03LA,0.05088,454,3,5
LBXF04LA,0.752,454,3,5
LBXF05LA,0.096,454,3,5
LBXF08LA,0.032,454,3,5
LBX074LA,0.51056,455,1,5
LBX099LA,0.10336,455,1,5
LBX138LA,0.12448,455,1,5
LBX153LA,0.13392,455,1,5
LBX170LA,0.24368,455,1,5
LBX180LA,0.34992,455,1,5
LBX187LA,0.30848,455,1,5
LBX194LA,0.59472,455,1,5
LBXPCBLA,0.076,455,1,5
LBXHXCLA,0.23088,455,1,5
LBX118LA,0.1048,455,1,5
LBXD03LA,0.10656,455,1,5
LBXD05LA,0.92336,455,1,5
LBXD07LA,0.20576,455,1,5
LBXF03LA,0.06112,455,1,5
LBXF04LA,0.08832,455,1,5
LBXF05LA,0.05312,455,1,5
LBXF08LA,0.0512,455,1,5
LBX074LA,0.34416,456,1,5
LBX099LA,0.60544,456,1,5
LBX138LA,0.26944,456,1,5
LBX153LA,0.25888,456,1,5
LBX170LA,0.21728,456,1,5
LBX180LA,0.47824,456,1,5
LBX187LA,0.27136,456,1,5
LBX194LA,0.6224,456,1,5
LBXPCBLA,0.1376,456,1,5
LBXHXCLA,0.3872,456,1,5
LBX118LA,0.5608,456,1,5
LBXD03LA,0.284,456,1,5
LBXD05LA,0.988,456,1,5
LBXD07LA,0.13136,456,1,5
LBXF03LA,0.14384,456,1,5
LBXF04LA,0.1544,456,1,5
LBXF05LA,0.11232,456,1,5
LBXF08LA,0.07728,456,1,5
LBX074LA,0.37664,457,1,5
LBX099LA,0.16928,457,1,5
LBX138LA,0.22,457,1,5
LBX153LA,0.22096,457,1,5
LBX170LA,0.3632,457,1,5
LBX180LA,0.26,457,1,5
LBX187LA,0.27792,457,1,5
LBX194LA,0.62624,457,1,5
LBXPCBLA,0.21648,457,1,5
LBXHXCLA,0.52736,457,1,5
LBX118LA,0.15152,457,1,5
LBXD03LA,0.43856,457,1,5
LBXD05LA,0.9904,457,1,5
LBXD07LA,0.1288,457,1,5
LBXF03LA,0.32768,457,1,5
LBXF04LA,0.19488,457,1,5
LBXF05LA,0.28,457,1,5
LBXF08LA,0.09888,457,1,5
LBX074LA,0.97392,458,1,5
LBX099LA,0.0992,458,1,5
LBX138LA,0.17808,458,1,5
LBX153LA,0.18912,458,1,5
LBX170LA,0.25072,458,1,5
LBX180LA,0.14576,458,1,5
LBX187LA,0.4328,458,1,5
LBX194LA,0.29888,458,1,5
LBXPCBLA,0.088,458,1,5
LBXHXCLA,0.1184,458,1,5
LBX118LA,0.16784,458,1,5
LBXD03LA,0.10192,458,1,5
LBXD05LA,0.97904,458,1,5
LBXD07LA,0.11376,458,1,5
LBXF03LA,0.07824,458,1,5
LBXF04LA,0.1104,458,1,5
LBXF05LA,0.11728,458,1,5
LBXF08LA,0.10496,458,1,5
LBX074LA,0.16768,459,1,5
LBX099LA,0.38496,459,1,5
LBX138LA,0.46992,459,1,5
LBX153LA,0.35504,459,1,5
LBX170LA,0.53888,459,1,5
LBX180LA,0.33584,459,1,5
LBX187LA,0.23536,459,1,5
LBX194LA,0.69984,459,1,5
LBXPCBLA,0.1136,459,1,5
LBXHXCLA,0.59552,459,1,5
LBX118LA,0.27328,459,1,5
LBXD03LA,0.13392,459,1,5
LBXD05LA,0.9168,459,1,5
LBXD07LA,0.13648,459,1,5
LBXF03LA,0.1264,459,1,5
LBXF04LA,0.11632,459,1,5
LBXF05LA,0.16912,459,1,5
LBXF08LA,0.08368,459,1,5
LBX074LA,0.1384,460,2,5
LBX099LA,0.06624,460,2,5
LBX138LA,0.11168,460,2,5
LBX153LA,0.08144,460,2,5
LBX170LA,0.1352,460,2,5
LBX180LA,0.11296,460,2,5
LBX187LA,0.14896,460,2,5
LBX194LA,0.54688,460,2,5
LBXPCBLA,0.132,460,2,5
LBXHXCLA,0.04784,460,2,5
LBX118LA,0.09232,460,2,5
LBXD03LA,0.0768,460,2,5
LBXD05LA,0.96304,460,2,5
LBXD07LA,0.32288,460,2,5
LBXF03LA,0.03632,460,2,5
LBXF04LA,0.94176,460,2,5
LBXF05LA,0.06064,460,2,5
LBXF08LA,0.05584,460,2,5
LBX074LA,0.0912,461,1,5
LBX099LA,0.91296,461,1,5
LBX138LA,0.19504,461,1,5
LBX153LA,0.20128,461,1,5
LBX170LA,0.19856,461,1,5
LBX180LA,0.18832,461,1,5
LBX187LA,0.1912,461,1,5
LBX194LA,0.79152,461,1,5
LBXPCBLA,0.08784,461,1,5
LBXHXCLA,0.10896,461,1,5
LBX118LA,0.10128,461,1,5
LBXD03LA,0.08352,461,1,5
LBXD05LA,0.97104,461,1,5
LBXD07LA,0.0856,461,1,5
LBXF03LA,0.11024,461,1,5
LBXF04LA,0.2808,461,1,5
LBXF05LA,0.08208,461,1,5
LBXF08LA,0.0544,461,1,5
LBX074LA,0.22656,462,1,5
LBX099LA,0.10432,462,1,5
LBX138LA,0.17424,462,1,5
LBX153LA,0.24704,462,1,5
LBX170LA,0.1904,462,1,5
LBX180LA,0.90752,462,1,5
LBX187LA,0.1248,462,1,5
LBX194LA,0.17056,462,1,5
LBXPCBLA,0.15968,462,1,5
LBXHXCLA,0.10992,462,1,5
LBX118LA,0.204,462,1,5
LBXD03LA,0.09776,462,1,5
LBXD05LA,0.94896,462,1,5
LBXD07LA,0.13296,462,1,5
LBXF03LA,0.07616,462,1,5
LBXF04LA,0.16368,462,1,5
LBXF05LA,0.27776,462,1,5
LBXF08LA,0.13184,462,1,5
LBX074LA,0.18272,463,2,5
LBX099LA,0.12144,463,2,5
LBX138LA,0.29088,463,2,5
LBX153LA,0.2952,463,2,5
LBX170LA,0.41344,463,2,5
LBX180LA,0.23504,463,2,5
LBX187LA,0.30848,463,2,5
LBX194LA,0.20144,463,2,5
LBXPCBLA,0.08512,463,2,5
LBXHXCLA,0.464,463,2,5
LBX118LA,0.39312,463,2,5
LBXD03LA,0.33056,463,2,5
LBXD05LA,0.85392,463,2,5
LBXD07LA,0.23632,463,2,5
LBXF03LA,0.39984,463,2,5
LBXF04LA,0.90288,463,2,5
LBXF05LA,0.12336,463,2,5
LBXF08LA,0.15936,463,2,5
LBX074LA,0.09344,464,2,5
LBX099LA,0.80416,464,2,5
LBX138LA,0.1304,464,2,5
LBX153LA,0.13456,464,2,5
LBX170LA,0.24032,464,2,5
LBX180LA,0.14688,464,2,5
LBX187LA,0.17632,464,2,5
LBX194LA,0.55744,464,2,5
LBXPCBLA,0.29808,464,2,5
LBXHXCLA,0.10528,464,2,5
LBX118LA,0.64384,464,2,5
LBXD03LA,0.43536,464,2,5
LBXD05LA,0.91504,464,2,5
LBXD07LA,0.78592,464,2,5
LBXF03LA,0.07376,464,2,5
LBXF04LA,0.0704,464,2,5
LBXF05LA,0.07904,464,2,5
LBXF08LA,0.06432,464,2,5
LBX074LA,0.37616,465,2,5
LBX099LA,0.09792,465,2,5
LBX138LA,0.10448,465,2,5
LBX153LA,0.11712,465,2,5
LBX170LA,0.22144,465,2,5
LBX180LA,0.09712,465,2,5
LBX187LA,0.12288,465,2,5
LBX194LA,0.23808000000000001,465,2,5
LBXPCBLA,0.09296,465,2,5
LBXHXCLA,0.0656,465,2,5
LBX118LA,0.15744,465,2,5
LBXD03LA,0.148,465,2,5
LBXD05LA,0.73952,465,2,5
LBXD07LA,0.38672,465,2,5
LBXF03LA,0.16912,465,2,5
LBXF04LA,0.98544,465,2,5
LBXF05LA,0.16848,465,2,5
LBXF08LA,0.06256,465,2,5
LBX074LA,0.33264,466,4,5
LBX099LA,0.10976,466,4,5
LBX138LA,0.11744,466,4,5
LBX153LA,0.20944,466,4,5
LBX170LA,0.8392,466,4,5
LBX180LA,0.2232,466,4,5
LBX187LA,0.12048,466,4,5
LBX194LA,0.60256,466,4,5
LBXPCBLA,0.39312,466,4,5
LBXHXCLA,0.07392,466,4,5
LBX118LA,0.77264,466,4,5
LBXD03LA,0.09952,466,4,5
LBXD05LA,0.99856,466,4,5
LBXD07LA,0.74592,466,4,5
LBXF03LA,0.47936,466,4,5
LBXF04LA,0.2096,466,4,5
LBXF05LA,0.53424,466,4,5
LBXF08LA,0.14832,466,4,5
LBX074LA,0.07472,467,2,5
LBX099LA,0.10352,467,2,5
LBX138LA,0.08,467,2,5
LBX153LA,0.07888,467,2,5
LBX170LA,0.08608,467,2,5
LBX180LA,0.12048,467,2,5
LBX187LA,0.10768,467,2,5
LBX194LA,0.11904000000000001,467,2,5
LBXPCBLA,0.88688,467,2,5
LBXHXCLA,0.068,467,2,5
LBX118LA,0.08672,467,2,5
LBXD03LA,0.08976,467,2,5
LBXD05LA,0.57904,467,2,5
LBXD07LA,0.18672,467,2,5
LBXF03LA,0.07504,467,2,5
LBXF04LA,0.84032,467,2,5
LBXF05LA,0.1624,467,2,5
LBXF08LA,0.0664,467,2,5
LBX074LA,0.20592,468,1,5
LBX099LA,0.12784,468,1,5
LBX138LA,0.38832,468,1,5
LBX153LA,0.47696,468,1,5
LBX170LA,0.22912,468,1,5
LBX180LA,0.20624,468,1,5
LBX187LA,0.18048,468,1,5
LBX194LA,0.18784,468,1,5
LBXPCBLA,0.4728,468,1,5
LBXHXCLA,0.10752,468,1,5
LBX118LA,0.15616,468,1,5
LBXD03LA,0.14224,468,1,5
LBXD05LA,0.92848,468,1,5
LBXD07LA,0.24944,468,1,5
LBXF03LA,0.07568,468,1,5
LBXF04LA,0.12496,468,1,5
LBXF05LA,0.0856,468,1,5
LBXF08LA,0.04528,468,1,5
LBX074LA,0.84672,469,1,5
LBX099LA,0.17776,469,1,5
LBX138LA,0.12896,469,1,5
LBX153LA,0.136,469,1,5
LBX170LA,0.23312,469,1,5
LBX180LA,0.17296,469,1,5
LBX187LA,0.18352,469,1,5
LBX194LA,0.596,469,1,5
LBXPCBLA,0.0712,469,1,5
LBXHXCLA,0.08912,469,1,5
LBX118LA,0.17568,469,1,5
LBXD03LA,0.17696,469,1,5
LBXD05LA,0.97472,469,1,5
LBXD07LA,0.11936,469,1,5
LBXF03LA,0.10864,469,1,5
LBXF04LA,0.16208,469,1,5
LBXF05LA,0.19536,469,1,5
LBXF08LA,0.18176,469,1,5
LBX074LA,0.07984,470,2,5
LBX099LA,0.09808,470,2,5
LBX138LA,0.09904,470,2,5
LBX153LA,0.09152,470,2,5
LBX170LA,0.17232,470,2,5
LBX180LA,0.10688,470,2,5
LBX187LA,0.10544,470,2,5
LBX194LA,0.08928,470,2,5
LBXPCBLA,0.30352,470,2,5
LBXHXCLA,0.112,470,2,5
LBX118LA,0.32432,470,2,5
LBXD03LA,0.39104,470,2,5
LBXD05LA,0.62688,470,2,5
LBXD07LA,0.13504,470,2,5
LBXF03LA,0.07552,470,2,5
LBXF04LA,0.96016,470,2,5
LBXF05LA,0.08528,470,2,5
LBXF08LA,0.04016,470,2,5
LBX074LA,0.83936,471,4,5
LBX099LA,0.40768,471,4,5
LBX138LA,0.09072,471,4,5
LBX153LA,0.08144,471,4,5
LBX170LA,0.08896,471,4,5
LBX180LA,0.26352,471,4,5
LBX187LA,0.13904,471,4,5
LBX194LA,0.20352,471,4,5
LBXPCBLA,0.05552,471,4,5
LBXHXCLA,0.15312,471,4,5
LBX118LA,0.19056,471,4,5
LBXD03LA,0.17696,471,4,5
LBXD05LA,0.90448,471,4,5
LBXD07LA,0.55616,471,4,5
LBXF03LA,0.3232,471,4,5
LBXF04LA,0.11456,471,4,5
LBXF05LA,0.0672,471,4,5
LBXF08LA,0.05984,471,4,5
LBX074LA,0.3416,472,1,5
LBX099LA,0.09472,472,1,5
LBX138LA,0.16384,472,1,5
LBX153LA,0.14992,472,1,5
LBX170LA,0.17136,472,1,5
LBX180LA,0.14688,472,1,5
LBX187LA,0.14032,472,1,5
LBX194LA,0.6432,472,1,5
LBXPCBLA,0.04432,472,1,5
LBXHXCLA,0.13904,472,1,5
LBX118LA,0.12752,472,1,5
LBXD03LA,0.10736,472,1,5
LBXD05LA,0.63984,472,1,5
LBXD07LA,0.53296,472,1,5
LBXF03LA,0.05536,472,1,5
LBXF04LA,0.1536,472,1,5
LBXF05LA,0.10816,472,1,5
LBXF08LA,0.05328,472,1,5
LBX074LA,0.41616,473,1,5
LBX099LA,0.1872,473,1,5
LBX138LA,0.2792,473,1,5
LBX153LA,0.3456,473,1,5
LBX170LA,0.24528,473,1,5
LBX180LA,0.19696,473,1,5
LBX187LA,0.39472,473,1,5
LBX194LA,0.60752,473,1,5
LBXPCBLA,0.1048,473,1,5
LBXHXCLA,0.10016,473,1,5
LBX118LA,0.15968,473,1,5
LBXD03LA,0.12144,473,1,5
LBXD05LA,0.99712,473,1,5
LBXD07LA,0.1688,473,1,5
LBXF03LA,0.0848,473,1,5
LBXF04LA,0.12128,473,1,5
LBXF05LA,0.1432,473,1,5
LBXF08LA,0.07856,473,1,5
LBX074LA,0.10832,474,2,5
LBX099LA,0.0944,474,2,5
LBX138LA,0.13616,474,2,5
LBX153LA,0.11376,474,2,5
LBX170LA,0.18208,474,2,5
LBX180LA,0.10656,474,2,5
LBX187LA,0.24304,474,2,5
LBX194LA,0.22096,474,2,5
LBXPCBLA,0.1128,474,2,5
LBXHXCLA,0.0688,474,2,5
LBX118LA,0.11568,474,2,5
LBXD03LA,0.0872,474,2,5
LBXD05LA,0.09792,474,2,5
LBXD07LA,0.28368,474,2,5
LBXF03LA,0.05408,474,2,5
LBXF04LA,0.8808,474,2,5
LBXF05LA,0.08912,474,2,5
LBXF08LA,0.10768,474,2,5
LBX074LA,0.1576,475,1,5
LBX099LA,0.11344,475,1,5
LBX138LA,0.1776,475,1,5
LBX153LA,0.21696,475,1,5
LBX170LA,0.2056,475,1,5
LBX180LA,0.27744,475,1,5
LBX187LA,0.2032,475,1,5
LBX194LA,0.46624,475,1,5
LBXPCBLA,0.3104,475,1,5
LBXHXCLA,0.1576,475,1,5
LBX118LA,0.12224,475,1,5
LBXD03LA,0.12496,475,1,5
LBXD05LA,0.93632,475,1,5
LBXD07LA,0.16192,475,1,5
LBXF03LA,0.12448,475,1,5
LBXF04LA,0.08848,475,1,5
LBXF05LA,0.16592,475,1,5
LBXF08LA,0.05968,475,1,5
LBX074LA,0.23056,476,1,5
LBX099LA,0.20752,476,1,5
LBX138LA,0.36736,476,1,5
LBX153LA,0.38992,476,1,5
LBX170LA,0.21072,476,1,5
LBX180LA,0.30624,476,1,5
LBX187LA,0.45456,476,1,5
LBX194LA,0.22976,476,1,5
LBXPCBLA,0.09184,476,1,5
LBXHXCLA,0.73936,476,1,5
LBX118LA,0.1816,476,1,5
LBXD03LA,0.268,476,1,5
LBXD05LA,0.97216,476,1,5
LBXD07LA,0.4824,476,1,5
LBXF03LA,0.11776,476,1,5
LBXF04LA,0.21184,476,1,5
LBXF05LA,0.20768,476,1,5
LBXF08LA,0.10544,476,1,5
LBX074LA,0.48144,477,1,5
LBX099LA,0.32512,477,1,5
LBX138LA,0.18208,477,1,5
LBX153LA,0.16768,477,1,5
LBX170LA,0.13168,477,1,5
LBX180LA,0.14272,477,1,5
LBX187LA,0.14016,477,1,5
LBX194LA,0.13808,477,1,5
LBXPCBLA,0.1176,477,1,5
LBXHXCLA,0.13328,477,1,5
LBX118LA,0.23024,477,1,5
LBXD03LA,0.3544,477,1,5
LBXD05LA,0.74976,477,1,5
LBXD07LA,0.1408,477,1,5
LBXF03LA,0.14512,477,1,5
LBXF04LA,0.23968,477,1,5
LBXF05LA,0.10608,477,1,5
LBXF08LA,0.11248,477,1,5
LBX074LA,0.26048,478,4,5
LBX099LA,0.77632,478,4,5
LBX138LA,0.16016,478,4,5
LBX153LA,0.17936,478,4,5
LBX170LA,0.24464,478,4,5
LBX180LA,0.16368,478,4,5
LBX187LA,0.96352,478,4,5
LBX194LA,0.28352,478,4,5
LBXPCBLA,0.4424,478,4,5
LBXHXCLA,0.1224,478,4,5
LBX118LA,0.22272,478,4,5
LBXD03LA,0.14384,478,4,5
LBXD05LA,0.97072,478,4,5
LBXD07LA,0.24256,478,4,5
LBXF03LA,0.27504,478,4,5
LBXF04LA,0.67776,478,4,5
LBXF05LA,0.22208,478,4,5
LBXF08LA,0.06224,478,4,5
LBX074LA,0.70288,479,1,5
LBX099LA,0.1336,479,1,5
LBX138LA,0.1408,479,1,5
LBX153LA,0.2928,479,1,5
LBX170LA,0.22656,479,1,5
LBX180LA,0.15584,479,1,5
LBX187LA,0.16112,479,1,5
LBX194LA,0.67728,479,1,5
LBXPCBLA,0.07104,479,1,5
LBXHXCLA,0.29952,479,1,5
LBX118LA,0.17104,479,1,5
LBXD03LA,0.33408,479,1,5
LBXD05LA,0.86688,479,1,5
LBXD07LA,0.09408,479,1,5
LBXF03LA,0.07152,479,1,5
LBXF04LA,0.20432,479,1,5
LBXF05LA,0.18976,479,1,5
LBXF08LA,0.05248,479,1,5
LBX074LA,0.13152,480,1,5
LBX099LA,0.2208,480,1,5
LBX138LA,0.18624,480,1,5
LBX153LA,0.18064,480,1,5
LBX170LA,0.3504,480,1,5
LBX180LA,0.28736,480,1,5
LBX187LA,0.18224,480,1,5
LBX194LA,0.25856,480,1,5
LBXPCBLA,0.22384,480,1,5
LBXHXCLA,0.8352,480,1,5
LBX118LA,0.1168,480,1,5
LBXD03LA,0.136,480,1,5
LBXD05LA,0.68448,480,1,5
LBXD07LA,0.352,480,1,5
LBXF03LA,0.10064,480,1,5
LBXF04LA,0.10304,480,1,5
LBXF05LA,0.12608,480,1,5
LBXF08LA,0.08064,480,1,5
LBX074LA,0.11984,481,1,5
LBX099LA,0.14736,481,1,5
LBX138LA,0.23824,481,1,5
LBX153LA,0.2776,481,1,5
LBX170LA,0.22768,481,1,5
LBX180LA,0.60368,481,1,5
LBX187LA,0.15504,481,1,5
LBX194LA,0.21936,481,1,5
LBXPCBLA,0.7696,481,1,5
LBXHXCLA,0.11136,481,1,5
LBX118LA,0.11808,481,1,5
LBXD03LA,0.16624,481,1,5
LBXD05LA,0.56832,481,1,5
LBXD07LA,0.2072,481,1,5
LBXF03LA,0.09568,481,1,5
LBXF04LA,0.41696,481,1,5
LBXF05LA,0.24416,481,1,5
LBXF08LA,0.08864,481,1,5
LBX074LA,0.62016,482,2,5
LBX099LA,0.4136,482,2,5
LBX138LA,0.13952,482,2,5
LBX153LA,0.14624,482,2,5
LBX170LA,0.24848,482,2,5
LBX180LA,0.19952,482,2,5
LBX187LA,0.19632,482,2,5
LBX194LA,0.20672,482,2,5
LBXPCBLA,0.08896,482,2,5
LBXHXCLA,0.06832,482,2,5
LBX118LA,0.15472,482,2,5
LBXD03LA,0.20352,482,2,5
LBXD05LA,0.95984,482,2,5
LBXD07LA,0.14784,482,2,5
LBXF03LA,0.11584,482,2,5
LBXF04LA,0.14592,482,2,5
LBXF05LA,0.10736,482,2,5
LBXF08LA,0.04176,482,2,5
LBX074LA,0.74432,483,1,5
LBX099LA,0.11984,483,1,5
LBX138LA,0.21488,483,1,5
LBX153LA,0.20624,483,1,5
LBX170LA,0.52672,483,1,5
LBX180LA,0.22192,483,1,5
LBX187LA,0.18256,483,1,5
LBX194LA,0.21344,483,1,5
LBXPCBLA,0.13712,483,1,5
LBXHXCLA,0.16688,483,1,5
LBX118LA,0.38976,483,1,5
LBXD03LA,0.25424,483,1,5
LBXD05LA,0.95808,483,1,5
LBXD07LA,0.15344,483,1,5
LBXF03LA,0.392,483,1,5
LBXF04LA,0.5176,483,1,5
LBXF05LA,0.16576,483,1,5
LBXF08LA,0.15904,483,1,5
LBX074LA,0.14384,484,3,5
LBX099LA,0.15568,484,3,5
LBX138LA,0.42768,484,3,5
LBX153LA,0.40896,484,3,5
LBX170LA,0.19392,484,3,5
LBX180LA,0.14768,484,3,5
LBX187LA,0.23744,484,3,5
LBX194LA,0.21664,484,3,5
LBXPCBLA,0.5112,484,3,5
LBXHXCLA,0.16048,484,3,5
LBX118LA,0.35024,484,3,5
LBXD03LA,0.21632,484,3,5
LBXD05LA,0.95904,484,3,5
LBXD07LA,0.7472,484,3,5
LBXF03LA,0.11312,484,3,5
LBXF04LA,0.40416,484,3,5
LBXF05LA,0.29728,484,3,5
LBXF08LA,0.6504,484,3,5
LBX074LA,0.4064,485,2,5
LBX099LA,0.29824,485,2,5
LBX138LA,0.23552,485,2,5
LBX153LA,0.38288,485,2,5
LBX170LA,0.5272,485,2,5
LBX180LA,0.21744,485,2,5
LBX187LA,0.61952,485,2,5
LBX194LA,0.22304,485,2,5
LBXPCBLA,0.1112,485,2,5
LBXHXCLA,0.8048,485,2,5
LBX118LA,0.14528,485,2,5
LBXD03LA,0.99456,485,2,5
LBXD05LA,0.78208,485,2,5
LBXD07LA,0.31184,485,2,5
LBXF03LA,0.1584,485,2,5
LBXF04LA,0.64992,485,2,5
LBXF05LA,0.1992,485,2,5
LBXF08LA,0.1136,485,2,5
LBX074LA,0.08608,486,2,5
LBX099LA,0.06752,486,2,5
LBX138LA,0.108,486,2,5
LBX153LA,0.1496,486,2,5
LBX170LA,0.21216,486,2,5
LBX180LA,0.16896,486,2,5
LBX187LA,0.57792,486,2,5
LBX194LA,0.19472,486,2,5
LBXPCBLA,0.18608,486,2,5
LBXHXCLA,0.22768,486,2,5
LBX118LA,0.324,486,2,5
LBXD03LA,0.08096,486,2,5
LBXD05LA,0.9072,486,2,5
LBXD07LA,0.0656,486,2,5
LBXF03LA,0.14752,486,2,5
LBXF04LA,0.57792,486,2,5
LBXF05LA,0.55056,486,2,5
LBXF08LA,0.06176,486,2,5
LBX074LA,0.15168,487,3,5
LBX099LA,0.20832,487,3,5
LBX138LA,0.18928,487,3,5
LBX153LA,0.17248,487,3,5
LBX170LA,0.81296,487,3,5
LBX180LA,0.25104,487,3,5
LBX187LA,0.27264,487,3,5
LBX194LA,0.36464,487,3,5
LBXPCBLA,0.91024,487,3,5
LBXHXCLA,0.09392,487,3,5
LBX118LA,0.11056,487,3,5
LBXD03LA,0.11024,487,3,5
LBXD05LA,0.9936,487,3,5
LBXD07LA,0.1048,487,3,5
LBXF03LA,0.16048,487,3,5
LBXF04LA,0.5504,487,3,5
LBXF05LA,0.69472,487,3,5
LBXF08LA,0.21088,487,3,5
LBX074LA,0.6904,488,2,5
LBX099LA,0.11648,488,2,5
LBX138LA,0.18704,488,2,5
LBX153LA,0.19648,488,2,5
LBX170LA,0.124,488,2,5
LBX180LA,0.15056,488,2,5
LBX187LA,0.30704,488,2,5
LBX194LA,0.61488,488,2,5
LBXPCBLA,0.09552,488,2,5
LBXHXCLA,0.092,488,2,5
LBX118LA,0.10976,488,2,5
LBXD03LA,0.08528,488,2,5
LBXD05LA,0.98112,488,2,5
LBXD07LA,0.08224,488,2,5
LBXF03LA,0.06336,488,2,5
LBXF04LA,0.40912,488,2,5
LBXF05LA,0.08064,488,2,5
LBXF08LA,0.04224,488,2,5
LBX074LA,0.30864,489,3,5
LBX099LA,0.34256,489,3,5
LBX138LA,0.11408,489,3,5
LBX153LA,0.16752,489,3,5
LBX170LA,0.22848,489,3,5
LBX180LA,0.19936,489,3,5
LBX187LA,0.1448,489,3,5
LBX194LA,0.37088,489,3,5
LBXPCBLA,0.57696,489,3,5
LBXHXCLA,0.23072,489,3,5
LBX118LA,0.6312,489,3,5
LBXD03LA,0.42064,489,3,5
LBXD05LA,0.22896,489,3,5
LBXD07LA,0.12928,489,3,5
LBXF03LA,0.06256,489,3,5
LBXF04LA,0.58,489,3,5
LBXF05LA,0.068,489,3,5
LBXF08LA,0.16192,489,3,5
LBX074LA,0.08784,490,1,5
LBX099LA,0.08416,490,1,5
LBX138LA,0.17456,490,1,5
LBX153LA,0.29152,490,1,5
LBX170LA,0.19312000000000001,490,1,5
LBX180LA,0.1504,490,1,5
LBX187LA,0.12752,490,1,5
LBX194LA,0.22432,490,1,5
LBXPCBLA,0.11664,490,1,5
LBXHXCLA,0.72096,490,1,5
LBX118LA,0.11632,490,1,5
LBXD03LA,0.1016,490,1,5
LBXD05LA,0.97984,490,1,5
LBXD07LA,0.16208,490,1,5
LBXF03LA,0.11408,490,1,5
LBXF04LA,0.10416,490,1,5
LBXF05LA,0.09136,490,1,5
LBXF08LA,0.26336,490,1,5
LBX074LA,0.11376,491,3,5
LBX099LA,0.17136,491,3,5
LBX138LA,0.11568,491,3,5
LBX153LA,0.1088,491,3,5
LBX170LA,0.13712,491,3,5
LBX180LA,0.44528,491,3,5
LBX187LA,0.7104,491,3,5
LBX194LA,0.42624,491,3,5
LBXPCBLA,0.63344,491,3,5
LBXHXCLA,0.18304,491,3,5
LBX118LA,0.09072,491,3,5
LBXD03LA,0.54352,491,3,5
LBXD05LA,0.28704,491,3,5
LBXD07LA,0.27296,491,3,5
LBXF03LA,0.55184,491,3,5
LBXF04LA,0.85904,491,3,5
LBXF05LA,0.24896,491,3,5
LBXF08LA,0.4264,491,3,5
LBX074LA,0.15792,492,1,5
LBX099LA,0.3808,492,1,5
LBX138LA,0.18672,492,1,5
LBX153LA,0.17616,492,1,5
LBX170LA,0.34368,492,1,5
LBX180LA,0.28448,492,1,5
LBX187LA,0.18672,492,1,5
LBX194LA,0.14848,492,1,5
LBXPCBLA,0.21616,492,1,5
LBXHXCLA,0.72512,492,1,5
LBX118LA,0.2896,492,1,5
LBXD03LA,0.28736,492,1,5
LBXD05LA,0.9064,492,1,5
LBXD07LA,0.22448,492,1,5
LBXF03LA,0.16384,492,1,5
LBXF04LA,0.1736,492,1,5
LBXF05LA,0.81472,492,1,5
LBXF08LA,0.16752,492,1,5
LBX074LA,0.17824,493,1,5
LBX099LA,0.13152,493,1,5
LBX138LA,0.19216,493,1,5
LBX153LA,0.21264,493,1,5
LBX170LA,0.288,493,1,5
LBX180LA,0.55056,493,1,5
LBX187LA,0.32272,493,1,5
LBX194LA,0.27056,493,1,5
LBXPCBLA,0.11632,493,1,5
LBXHXCLA,0.31872,493,1,5
LBX118LA,0.13312,493,1,5
LBXD03LA,0.11136,493,1,5
LBXD05LA,0.856,493,1,5
LBXD07LA,0.1824,493,1,5
LBXF03LA,0.17088,493,1,5
LBXF04LA,0.14,493,1,5
LBXF05LA,0.09584,493,1,5
LBXF08LA,0.1184,493,1,5
LBX074LA,0.43968,494,1,5
LBX099LA,0.09152,494,1,5
LBX138LA,0.20448,494,1,5
LBX153LA,0.28112,494,1,5
LBX170LA,0.1832,494,1,5
LBX180LA,0.42032,494,1,5
LBX187LA,0.11952,494,1,5
LBX194LA,0.18448,494,1,5
LBXPCBLA,0.07232,494,1,5
LBXHXCLA,0.22656,494,1,5
LBX118LA,0.15728,494,1,5
LBXD03LA,0.33728,494,1,5
LBXD05LA,0.98192,494,1,5
LBXD07LA,0.09776,494,1,5
LBXF03LA,0.63712,494,1,5
LBXF04LA,0.3304,494,1,5
LBXF05LA,0.09712,494,1,5
LBXF08LA,0.05648,494,1,5
LBX074LA,0.15568,495,2,5
LBX099LA,0.33184,495,2,5
LBX138LA,0.39616,495,2,5
LBX153LA,0.3928,495,2,5
LBX170LA,0.17584,495,2,5
LBX180LA,0.24624,495,2,5
LBX187LA,0.33536,495,2,5
LBX194LA,0.18752,495,2,5
LBXPCBLA,0.09088,495,2,5
LBXHXCLA,0.14896,495,2,5
LBX118LA,0.11328,495,2,5
LBXD03LA,0.97408,495,2,5
LBXD05LA,0.98048,495,2,5
LBXD07LA,0.09808,495,2,5
LBXF03LA,0.64384,495,2,5
LBXF04LA,0.70176,495,2,5
LBXF05LA,0.4168,495,2,5
LBXF08LA,0.14512,495,2,5
LBX074LA,0.49216,496,2,5
LBX099LA,0.11568,496,2,5
LBX138LA,0.17824,496,2,5
LBX153LA,0.24592,496,2,5
LBX170LA,0.1512,496,2,5
LBX180LA,0.2088,496,2,5
LBX187LA,0.144,496,2,5
LBX194LA,0.1144,496,2,5
LBXPCBLA,0.48624,496,2,5
LBXHXCLA,0.2712,496,2,5
LBX118LA,0.5944,496,2,5
LBXD03LA,0.33328,496,2,5
LBXD05LA,0.83696,496,2,5
LBXD07LA,0.41904,496,2,5
LBXF03LA,0.1024,496,2,5
LBXF04LA,0.14272,496,2,5
LBXF05LA,0.14496,496,2,5
LBXF08LA,0.14976,496,2,5
LBX074LA,0.95056,497,1,5
LBX099LA,0.13168,497,1,5
LBX138LA,0.4624,497,1,5
LBX153LA,0.38496,497,1,5
LBX170LA,0.564,497,1,5
LBX180LA,0.228,497,1,5
LBX187LA,0.20992,497,1,5
LBX194LA,0.25952,497,1,5
LBXPCBLA,0.08656,497,1,5
LBXHXCLA,0.1448,497,1,5
LBX118LA,0.18512,497,1,5
LBXD03LA,0.21024,497,1,5
LBXD05LA,0.78864,497,1,5
LBXD07LA,0.29952,497,1,5
LBXF03LA,0.64432,497,1,5
LBXF04LA,0.19168,497,1,5
LBXF05LA,0.13904,497,1,5
LBXF08LA,0.0616,497,1,5
LBX074LA,0.16192,498,3,5
LBX099LA,0.84912,498,3,5
LBX138LA,0.13488,498,3,5
LBX153LA,0.19392,498,3,5
LBX170LA,0.35904,498,3,5
LBX180LA,0.208,498,3,5
LBX187LA,0.21536,498,3,5
LBX194LA,0.9704,498,3,5
LBXPCBLA,0.35232,498,3,5
LBXHXCLA,0.1256,498,3,5
LBX118LA,0.15568,498,3,5
LBXD03LA,0.68992,498,3,5
LBXD05LA,0.9736,498,3,5
LBXD07LA,0.38416,498,3,5
LBXF03LA,0.2048,498,3,5
LBXF04LA,0.15072,498,3,5
LBXF05LA,0.71344,498,3,5
LBXF08LA,0.25984,498,3,5
LBX074LA,0.7944,499,2,5
LBX099LA,0.1224,499,2,5
LBX138LA,0.16256,499,2,5
LBX153LA,0.28752,499,2,5
LBX170LA,0.20464,499,2,5
LBX180LA,0.25664,499,2,5
LBX187LA,0.18544,499,2,5
LBX194LA,0.13776,499,2,5
LBXPCBLA,0.22464,499,2,5
LBXHXCLA,0.17072,499,2,5
LBX118LA,0.16496,499,2,5
LBXD03LA,0.17248,499,2,5
LBXD05LA,0.95888,499,2,5
LBXD07LA,0.17824,499,2,5
LBXF03LA,0.09424,499,2,5
LBXF04LA,0.88592,499,2,5
LBXF05LA,0.11824,499,2,5
LBXF08LA,0.5416,499,2,5
LBX074LA,0.56192,500,3,5
LBX099LA,0.08992,500,3,5
LBX138LA,0.05008,500,3,5
LBX153LA,0.108,500,3,5
LBX170LA,0.1392,500,3,5
LBX180LA,0.14704,500,3,5
LBX187LA,0.08464,500,3,5
LBX194LA,0.0472,500,3,5
LBXPCBLA,0.44016,500,3,5
LBXHXCLA,0.02176,500,3,5
LBX118LA,0.19216,500,3,5
LBXD03LA,0.12544,500,3,5
LBXD05LA,0.9784,500,3,5
LBXD07LA,0.02416,500,3,5
LBXF03LA,0.02464,500,3,5
LBXF04LA,0.0704,500,3,5
LBXF05LA,0.07776,500,3,5
LBXF08LA,0.03856,500,3,5
LBX074LA,0.11024,501,1,6
LBX099LA,0.0792,501,1,6
LBX138LA,0.25072,501,1,6
LBX153LA,0.1512,501,1,6
LBX170LA,0.11216,501,1,6
LBX180LA,0.076,501,1,6
LBX187LA,0.12384,501,1,6
LBX194LA,0.07392,501,1,6
LBXPCBLA,0.07168,501,1,6
LBXHXCLA,0.07456,501,1,6
LBX118LA,0.49424,501,1,6
LBXD03LA,0.09504,501,1,6
LBXD05LA,0.0968,501,1,6
LBXD07LA,0.07584,501,1,6
LBXF03LA,0.24128,501,1,6
LBXF04LA,0.05776,501,1,6
LBXF05LA,0.13072,501,1,6
LBXF08LA,0.06448,501,1,6
LBX074LA,0.10368,502,1,6
LBX099LA,0.088,502,1,6
LBX138LA,0.14864,502,1,6
LBX153LA,0.18944,502,1,6
LBX170LA,0.18816,502,1,6
LBX180LA,0.17152,502,1,6
LBX187LA,0.22496,502,1,6
LBX194LA,0.60368,502,1,6
LBXPCBLA,0.48288,502,1,6
LBXHXCLA,0.12448,502,1,6
LBX118LA,0.13296,502,1,6
LBXD03LA,0.11232,502,1,6
LBXD05LA,0.60592,502,1,6
LBXD07LA,0.11664,502,1,6
LBXF03LA,0.10096,502,1,6
LBXF04LA,0.26688,502,1,6
LBXF05LA,0.08416,502,1,6
LBXF08LA,0.0752,502,1,6
LBX074LA,0.44992,503,2,6
LBX099LA,0.54032,503,2,6
LBX138LA,0.14752,503,2,6
LBX153LA,0.14304,503,2,6
LBX170LA,0.3608,503,2,6
LBX180LA,0.16256,503,2,6
LBX187LA,0.15952,503,2,6
LBX194LA,0.30144,503,2,6
LBXPCBLA,0.11168,503,2,6
LBXHXCLA,0.09552,503,2,6
LBX118LA,0.10688,503,2,6
LBXD03LA,0.10736,503,2,6
LBXD05LA,0.09888,503,2,6
LBXD07LA,0.0904,503,2,6
LBXF03LA,0.11408,503,2,6
LBXF04LA,0.27792,503,2,6
LBXF05LA,0.08544,503,2,6
LBXF08LA,0.09312,503,2,6
LBX074LA,0.42368,504,1,6
LBX099LA,0.28528,504,1,6
LBX138LA,0.13328,504,1,6
LBX153LA,0.16448,504,1,6
LBX170LA,0.23168,504,1,6
LBX180LA,0.18608,504,1,6
LBX187LA,0.18496,504,1,6
LBX194LA,0.6904,504,1,6
LBXPCBLA,0.20064,504,1,6
LBXHXCLA,0.24736,504,1,6
LBX118LA,0.11776,504,1,6
LBXD03LA,0.16416,504,1,6
LBXD05LA,0.24768,504,1,6
LBXD07LA,0.69392,504,1,6
LBXF03LA,0.08928,504,1,6
LBXF04LA,0.09584,504,1,6
LBXF05LA,0.09424,504,1,6
LBXF08LA,0.07312,504,1,6
LBX074LA,0.25504,505,1,6
LBX099LA,0.40928,505,1,6
LBX138LA,0.1216,505,1,6
LBX153LA,0.13776,505,1,6
LBX170LA,0.15984,505,1,6
LBX180LA,0.10096,505,1,6
LBX187LA,0.16272,505,1,6
LBX194LA,0.27776,505,1,6
LBXPCBLA,0.1144,505,1,6
LBXHXCLA,0.0888,505,1,6
LBX118LA,0.82864,505,1,6
LBXD03LA,0.12144,505,1,6
LBXD05LA,0.0888,505,1,6
LBXD07LA,0.36992,505,1,6
LBXF03LA,0.10064,505,1,6
LBXF04LA,0.11264,505,1,6
LBXF05LA,0.11712,505,1,6
LBXF08LA,0.06448,505,1,6
LBX074LA,0.44944,506,2,6
LBX099LA,0.21536,506,2,6
LBX138LA,0.16976,506,2,6
LBX153LA,0.18064,506,2,6
LBX170LA,0.13936,506,2,6
LBX180LA,0.11664,506,2,6
LBX187LA,0.11456,506,2,6
LBX194LA,0.15728,506,2,6
LBXPCBLA,0.0472,506,2,6
LBXHXCLA,0.05808,506,2,6
LBX118LA,0.1576,506,2,6
LBXD03LA,0.40912,506,2,6
LBXD05LA,0.1184,506,2,6
LBXD07LA,0.27728,506,2,6
LBXF03LA,0.06464,506,2,6
LBXF04LA,0.26528,506,2,6
LBXF05LA,0.156,506,2,6
LBXF08LA,0.25728,506,2,6
LBX074LA,0.17488,507,1,6
LBX099LA,0.07744,507,1,6
LBX138LA,0.188,507,1,6
LBX153LA,0.21184,507,1,6
LBX170LA,0.16832,507,1,6
LBX180LA,0.10752,507,1,6
LBX187LA,0.13136,507,1,6
LBX194LA,0.0936,507,1,6
LBXPCBLA,0.09136,507,1,6
LBXHXCLA,0.072,507,1,6
LBX118LA,0.22864,507,1,6
LBXD03LA,0.1768,507,1,6
LBXD05LA,0.28464,507,1,6
LBXD07LA,0.06672,507,1,6
LBXF03LA,0.09024,507,1,6
LBXF04LA,0.0936,507,1,6
LBXF05LA,0.06624,507,1,6
LBXF08LA,0.06048,507,1,6
LBX074LA,0.83936,508,3,6
LBX099LA,0.11312,508,3,6
LBX138LA,0.28976,508,3,6
LBX153LA,0.144,508,3,6
LBX170LA,0.21456,508,3,6
LBX180LA,0.27728,508,3,6
LBX187LA,0.27088,508,3,6
LBX194LA,0.30224,508,3,6
LBXPCBLA,0.53088,508,3,6
LBXHXCLA,0.1128,508,3,6
LBX118LA,0.24272,508,3,6
LBXD03LA,0.1328,508,3,6
LBXD05LA,0.45184,508,3,6
LBXD07LA,0.78176,508,3,6
LBXF03LA,0.04784,508,3,6
LBXF04LA,0.1984,508,3,6
LBXF05LA,0.11152,508,3,6
LBXF08LA,0.22848,508,3,6
LBX074LA,0.09408,509,4,6
LBX099LA,0.25968,509,4,6
LBX138LA,0.16064,509,4,6
LBX153LA,0.49344,509,4,6
LBX170LA,0.10576,509,4,6
LBX180LA,0.31984,509,4,6
LBX187LA,0.09744,509,4,6
LBX194LA,0.61136,509,4,6
LBXPCBLA,0.30288,509,4,6
LBXHXCLA,0.04832,509,4,6
LBX118LA,0.04672,509,4,6
LBXD03LA,0.05216,509,4,6
LBXD05LA,0.05856,509,4,6
LBXD07LA,0.02688,509,4,6
LBXF03LA,0.05776,509,4,6
LBXF04LA,0.0464,509,4,6
LBXF05LA,0.14112,509,4,6
LBXF08LA,0.04528,509,4,6
LBX074LA,0.0752,510,3,6
LBX099LA,0.11472,510,3,6
LBX138LA,0.11952,510,3,6
LBX153LA,0.17808,510,3,6
LBX170LA,0.38592,510,3,6
LBX180LA,0.1016,510,3,6
LBX187LA,0.42496,510,3,6
LBX194LA,0.99584,510,3,6
LBXPCBLA,0.73552,510,3,6
LBXHXCLA,0.16176,510,3,6
LBX118LA,0.07264,510,3,6
LBXD03LA,0.18768,510,3,6
LBXD05LA,0.96896,510,3,6
LBXD07LA,0.07168,510,3,6
LBXF03LA,0.0696,510,3,6
LBXF04LA,0.74256,510,3,6
LBXF05LA,0.10672,510,3,6
LBXF08LA,0.03648,510,3,6
LBX074LA,0.2104,511,4,6
LBX099LA,0.46336,511,4,6
LBX138LA,0.2064,511,4,6
LBX153LA,0.11296,511,4,6
LBX170LA,0.04752,511,4,6
LBX180LA,0.0904,511,4,6
LBX187LA,0.07072,511,4,6
LBX194LA,0.33824,511,4,6
LBXPCBLA,0.0328,511,4,6
LBXHXCLA,0.05248,511,4,6
LBX118LA,0.07808,511,4,6
LBXD03LA,0.05616,511,4,6
LBXD05LA,0.0408,511,4,6
LBXD07LA,0.05216,511,4,6
LBXF03LA,0.88272,511,4,6
LBXF04LA,0.62816,511,4,6
LBXF05LA,0.08144,511,4,6
LBXF08LA,0.03152,511,4,6
LBX074LA,0.11664,512,2,6
LBX099LA,0.06624,512,2,6
LBX138LA,0.0768,512,2,6
LBX153LA,0.16416,512,2,6
LBX170LA,0.15552,512,2,6
LBX180LA,0.09792,512,2,6
LBX187LA,0.06736,512,2,6
LBX194LA,0.9992,512,2,6
LBXPCBLA,0.06464,512,2,6
LBXHXCLA,0.07152,512,2,6
LBX118LA,0.18576,512,2,6
LBXD03LA,0.0568,512,2,6
LBXD05LA,0.984,512,2,6
LBXD07LA,0.04256,512,2,6
LBXF03LA,0.08896,512,2,6
LBXF04LA,0.07808,512,2,6
LBXF05LA,0.0296,512,2,6
LBXF08LA,0.02944,512,2,6
LBX074LA,0.49584,513,2,6
LBX099LA,0.1608,513,2,6
LBX138LA,0.17616,513,2,6
LBX153LA,0.1896,513,2,6
LBX170LA,0.24768,513,2,6
LBX180LA,0.13168,513,2,6
LBX187LA,0.13728,513,2,6
LBX194LA,0.91088,513,2,6
LBXPCBLA,0.25104,513,2,6
LBXHXCLA,0.07344,513,2,6
LBX118LA,0.1192,513,2,6
LBXD03LA,0.1672,513,2,6
LBXD05LA,0.41424,513,2,6
LBXD07LA,0.55584,513,2,6
LBXF03LA,0.08432,513,2,6
LBXF04LA,0.24592,513,2,6
LBXF05LA,0.23872,513,2,6
LBXF08LA,0.044,513,2,6
LBX074LA,0.46608,514,3,6
LBX099LA,0.21136,514,3,6
LBX138LA,0.14816,514,3,6
LBX153LA,0.28864,514,3,6
LBX170LA,0.15296,514,3,6
LBX180LA,0.22784,514,3,6
LBX187LA,0.18288,514,3,6
LBX194LA,0.98768,514,3,6
LBXPCBLA,0.96096,514,3,6
LBXHXCLA,0.0904,514,3,6
LBX118LA,0.12096,514,3,6
LBXD03LA,0.20384,514,3,6
LBXD05LA,0.81392,514,3,6
LBXD07LA,0.2552,514,3,6
LBXF03LA,0.0504,514,3,6
LBXF04LA,0.09376,514,3,6
LBXF05LA,0.06976,514,3,6
LBXF08LA,0.1048,514,3,6
LBX074LA,0.08496,515,1,6
LBX099LA,0.1072,515,1,6
LBX138LA,0.1424,515,1,6
LBX153LA,0.26688,515,1,6
LBX170LA,0.3184,515,1,6
LBX180LA,0.19808,515,1,6
LBX187LA,0.1568,515,1,6
LBX194LA,0.51328,515,1,6
LBXPCBLA,0.18848,515,1,6
LBXHXCLA,0.11872,515,1,6
LBX118LA,0.12912,515,1,6
LBXD03LA,0.11824,515,1,6
LBXD05LA,0.99472,515,1,6
LBXD07LA,0.20832,515,1,6
LBXF03LA,0.17408,515,1,6
LBXF04LA,0.14976,515,1,6
LBXF05LA,0.14416,515,1,6
LBXF08LA,0.16368,515,1,6
LBX074LA,0.09312,516,1,6
LBX099LA,0.11344,516,1,6
LBX138LA,0.22288,516,1,6
LBX153LA,0.83264,516,1,6
LBX170LA,0.17312,516,1,6
LBX180LA,0.2408,516,1,6
LBX187LA,0.11552,516,1,6
LBX194LA,0.09904,516,1,6
LBXPCBLA,0.33312,516,1,6
LBXHXCLA,0.12432,516,1,6
LBX118LA,0.11392,516,1,6
LBXD03LA,0.13088,516,1,6
LBXD05LA,0.07216,516,1,6
LBXD07LA,0.072,516,1,6
LBXF03LA,0.08288,516,1,6
LBXF04LA,0.12144,516,1,6
LBXF05LA,0.2816,516,1,6
LBXF08LA,0.092,516,1,6
LBX074LA,0.20592,517,3,6
LBX099LA,0.60416,517,3,6
LBX138LA,0.17296,517,3,6
LBX153LA,0.57392,517,3,6
LBX170LA,0.28112,517,3,6
LBX180LA,0.24608,517,3,6
LBX187LA,0.24576,517,3,6
LBX194LA,0.70496,517,3,6
LBXPCBLA,0.35728,517,3,6
LBXHXCLA,0.10608,517,3,6
LBX118LA,0.24448,517,3,6
LBXD03LA,0.93312,517,3,6
LBXD05LA,0.23616,517,3,6
LBXD07LA,0.07808,517,3,6
LBXF03LA,0.11024,517,3,6
LBXF04LA,0.1736,517,3,6
LBXF05LA,0.08528,517,3,6
LBXF08LA,0.04432,517,3,6
LBX074LA,0.50992,518,1,6
LBX099LA,0.0952,518,1,6
LBX138LA,0.11728,518,1,6
LBX153LA,0.13328,518,1,6
LBX170LA,0.24144,518,1,6
LBX180LA,0.16992,518,1,6
LBX187LA,0.16944,518,1,6
LBX194LA,0.45152,518,1,6
LBXPCBLA,0.5432,518,1,6
LBXHXCLA,0.11552,518,1,6
LBX118LA,0.15824,518,1,6
LBXD03LA,0.1408,518,1,6
LBXD05LA,0.77008,518,1,6
LBXD07LA,0.11888,518,1,6
LBXF03LA,0.13264,518,1,6
LBXF04LA,0.06896,518,1,6
LBXF05LA,0.09152,518,1,6
LBXF08LA,0.06288,518,1,6
LBX074LA,0.1736,519,2,6
LBX099LA,0.74256,519,2,6
LBX138LA,0.59472,519,2,6
LBX153LA,0.37152,519,2,6
LBX170LA,0.41616,519,2,6
LBX180LA,0.252,519,2,6
LBX187LA,0.41456,519,2,6
LBX194LA,0.73504,519,2,6
LBXPCBLA,0.09808,519,2,6
LBXHXCLA,0.29296,519,2,6
LBX118LA,0.76928,519,2,6
LBXD03LA,0.25696,519,2,6
LBXD05LA,0.78544,519,2,6
LBXD07LA,0.224,519,2,6
LBXF03LA,0.19328,519,2,6
LBXF04LA,0.17472,519,2,6
LBXF05LA,0.0864,519,2,6
LBXF08LA,0.10256,519,2,6
LBX074LA,0.7064,520,2,6
LBX099LA,0.19024,520,2,6
LBX138LA,0.45968,520,2,6
LBX153LA,0.3728,520,2,6
LBX170LA,0.34848,520,2,6
LBX180LA,0.23264,520,2,6
LBX187LA,0.79568,520,2,6
LBX194LA,0.33648,520,2,6
LBXPCBLA,0.05072,520,2,6
LBXHXCLA,0.08624,520,2,6
LBX118LA,0.33776,520,2,6
LBXD03LA,0.11872,520,2,6
LBXD05LA,0.22352,520,2,6
LBXD07LA,0.66304,520,2,6
LBXF03LA,0.06208,520,2,6
LBXF04LA,0.2096,520,2,6
LBXF05LA,0.11552,520,2,6
LBXF08LA,0.03888,520,2,6
LBX074LA,0.08928,521,3,6
LBX099LA,0.06112,521,3,6
LBX138LA,0.06336,521,3,6
LBX153LA,0.12912,521,3,6
LBX170LA,0.24736,521,3,6
LBX180LA,0.38368,521,3,6
LBX187LA,0.26736,521,3,6
LBX194LA,0.72672,521,3,6
LBXPCBLA,0.34208,521,3,6
LBXHXCLA,0.94496,521,3,6
LBX118LA,0.07104,521,3,6
LBXD03LA,0.51296,521,3,6
LBXD05LA,0.93696,521,3,6
LBXD07LA,0.22,521,3,6
LBXF03LA,0.64304,521,3,6
LBXF04LA,0.8176,521,3,6
LBXF05LA,0.09632,521,3,6
LBXF08LA,0.15552,521,3,6
LBX074LA,0.24368,522,2,6
LBX099LA,0.27776,522,2,6
LBX138LA,0.41168,522,2,6
LBX153LA,0.29344,522,2,6
LBX170LA,0.70576,522,2,6
LBX180LA,0.3792,522,2,6
LBX187LA,0.32928,522,2,6
LBX194LA,0.66192,522,2,6
LBXPCBLA,0.1688,522,2,6
LBXHXCLA,0.15984,522,2,6
LBX118LA,0.43488,522,2,6
LBXD03LA,0.59856,522,2,6
LBXD05LA,0.34656,522,2,6
LBXD07LA,0.17312,522,2,6
LBXF03LA,0.60512,522,2,6
LBXF04LA,0.18256,522,2,6
LBXF05LA,0.68288,522,2,6
LBXF08LA,0.07616,522,2,6
LBX074LA,0.14336,523,1,6
LBX099LA,0.1368,523,1,6
LBX138LA,0.15936,523,1,6
LBX153LA,0.15616,523,1,6
LBX170LA,0.27536,523,1,6
LBX180LA,0.23344,523,1,6
LBX187LA,0.54624,523,1,6
LBX194LA,0.14496,523,1,6
LBXPCBLA,0.31936,523,1,6
LBXHXCLA,0.11904000000000001,523,1,6
LBX118LA,0.33792,523,1,6
LBXD03LA,0.14048,523,1,6
LBXD05LA,0.248,523,1,6
LBXD07LA,0.1824,523,1,6
LBXF03LA,0.23792,523,1,6
LBXF04LA,0.64528,523,1,6
LBXF05LA,0.16352,523,1,6
LBXF08LA,0.3832,523,1,6
LBX074LA,0.70688,524,3,6
LBX099LA,0.1976,524,3,6
LBX138LA,0.25504,524,3,6
LBX153LA,0.8632,524,3,6
LBX170LA,0.16128,524,3,6
LBX180LA,0.68432,524,3,6
LBX187LA,0.1656,524,3,6
LBX194LA,0.47456,524,3,6
LBXPCBLA,0.31072,524,3,6
LBXHXCLA,0.07376,524,3,6
LBX118LA,0.2112,524,3,6
LBXD03LA,0.07472,524,3,6
LBXD05LA,0.804,524,3,6
LBXD07LA,0.09568,524,3,6
LBXF03LA,0.05488,524,3,6
LBXF04LA,0.04624,524,3,6
LBXF05LA,0.04576,524,3,6
LBXF08LA,0.03088,524,3,6
LBX074LA,0.17072,525,3,6
LBX099LA,0.1048,525,3,6
LBX138LA,0.11744,525,3,6
LBX153LA,0.19856,525,3,6
LBX170LA,0.58768,525,3,6
LBX180LA,0.19552,525,3,6
LBX187LA,0.2624,525,3,6
LBX194LA,0.36,525,3,6
LBXPCBLA,0.07552,525,3,6
LBXHXCLA,0.14384,525,3,6
LBX118LA,0.11792,525,3,6
LBXD03LA,0.10208,525,3,6
LBXD05LA,0.91984,525,3,6
LBXD07LA,0.15264,525,3,6
LBXF03LA,0.46704,525,3,6
LBXF04LA,0.148,525,3,6
LBXF05LA,0.17008,525,3,6
LBXF08LA,0.06464,525,3,6
LBX074LA,0.76976,526,3,6
LBX099LA,0.1176,526,3,6
LBX138LA,0.0872,526,3,6
LBX153LA,0.08224,526,3,6
LBX170LA,0.4072,526,3,6
LBX180LA,0.46432,526,3,6
LBX187LA,0.17664,526,3,6
LBX194LA,0.06112,526,3,6
LBXPCBLA,0.0912,526,3,6
LBXHXCLA,0.03504,526,3,6
LBX118LA,0.06544,526,3,6
LBXD03LA,0.13168,526,3,6
LBXD05LA,0.6432,526,3,6
LBXD07LA,0.06928,526,3,6
LBXF03LA,0.0256,526,3,6
LBXF04LA,0.05424,526,3,6
LBXF05LA,0.04816,526,3,6
LBXF08LA,0.02592,526,3,6
LBX074LA,0.15152,527,1,6
LBX099LA,0.08464,527,1,6
LBX138LA,0.12352,527,1,6
LBX153LA,0.1736,527,1,6
LBX170LA,0.33072,527,1,6
LBX180LA,0.31856,527,1,6
LBX187LA,0.2936,527,1,6
LBX194LA,0.14624,527,1,6
LBXPCBLA,0.09248,527,1,6
LBXHXCLA,0.08768,527,1,6
LBX118LA,0.08288,527,1,6
LBXD03LA,0.08768,527,1,6
LBXD05LA,0.07616,527,1,6
LBXD07LA,0.10288,527,1,6
LBXF03LA,0.1944,527,1,6
LBXF04LA,0.07216,527,1,6
LBXF05LA,0.0736,527,1,6
LBXF08LA,0.09408,527,1,6
LBX074LA,0.07664,528,1,6
LBX099LA,0.09936,528,1,6
LBX138LA,0.14608,528,1,6
LBX153LA,0.128,528,1,6
LBX170LA,0.45376,528,1,6
LBX180LA,0.16768,528,1,6
LBX187LA,0.55344,528,1,6
LBX194LA,0.12304,528,1,6
LBXPCBLA,0.16064,528,1,6
LBXHXCLA,0.09872,528,1,6
LBX118LA,0.10704,528,1,6
LBXD03LA,0.1232,528,1,6
LBXD05LA,0.35184,528,1,6
LBXD07LA,0.23296,528,1,6
LBXF03LA,0.07408,528,1,6
LBXF04LA,0.22416,528,1,6
LBXF05LA,0.08448,528,1,6
LBXF08LA,0.25216,528,1,6
LBX074LA,0.23296,529,2,6
LBX099LA,0.12688,529,2,6
LBX138LA,0.46016,529,2,6
LBX153LA,0.35696,529,2,6
LBX170LA,0.22208,529,2,6
LBX180LA,0.21216,529,2,6
LBX187LA,0.3856,529,2,6
LBX194LA,0.91088,529,2,6
LBXPCBLA,0.09376,529,2,6
LBXHXCLA,0.15888,529,2,6
LBX118LA,0.14416,529,2,6
LBXD03LA,0.80432,529,2,6
LBXD05LA,0.14528,529,2,6
LBXD07LA,0.1448,529,2,6
LBXF03LA,0.088,529,2,6
LBXF04LA,0.12272,529,2,6
LBXF05LA,0.13184,529,2,6
LBXF08LA,0.06752,529,2,6
LBX074LA,0.1456,530,2,6
LBX099LA,0.2456,530,2,6
LBX138LA,0.38352,530,2,6
LBX153LA,0.35104,530,2,6
LBX170LA,0.31552,530,2,6
LBX180LA,0.28496,530,2,6
LBX187LA,0.25328,530,2,6
LBX194LA,0.2816,530,2,6
LBXPCBLA,0.1048,530,2,6
LBXHXCLA,0.30256,530,2,6
LBX118LA,0.29312,530,2,6
LBXD03LA,0.17536,530,2,6
LBXD05LA,0.66912,530,2,6
LBXD07LA,0.14896,530,2,6
LBXF03LA,0.09728,530,2,6
LBXF04LA,0.18464,530,2,6
LBXF05LA,0.10544,530,2,6
LBXF08LA,0.756,530,2,6
LBX074LA,0.2048,531,1,6
LBX099LA,0.13136,531,1,6
LBX138LA,0.34256,531,1,6
LBX153LA,0.63648,531,1,6
LBX170LA,0.41184,531,1,6
LBX180LA,0.54448,531,1,6
LBX187LA,0.25824,531,1,6
LBX194LA,0.15584,531,1,6
LBXPCBLA,0.07024,531,1,6
LBXHXCLA,0.17872,531,1,6
LBX118LA,0.74768,531,1,6
LBXD03LA,0.11904000000000001,531,1,6
LBXD05LA,0.69424,531,1,6
LBXD07LA,0.2056,531,1,6
LBXF03LA,0.12032,531,1,6
LBXF04LA,0.1496,531,1,6
LBXF05LA,0.08224,531,1,6
LBXF08LA,0.06608,531,1,6
LBX074LA,0.18048,532,3,6
LBX099LA,0.12352,532,3,6
LBX138LA,0.172,532,3,6
LBX153LA,0.2368,532,3,6
LBX170LA,0.4792,532,3,6
LBX180LA,0.11568,532,3,6
LBX187LA,0.35808,532,3,6
LBX194LA,0.60384,532,3,6
LBXPCBLA,0.04816,532,3,6
LBXHXCLA,0.06288,532,3,6
LBX118LA,0.05824,532,3,6
LBXD03LA,0.136,532,3,6
LBXD05LA,0.26704,532,3,6
LBXD07LA,0.79712,532,3,6
LBXF03LA,0.05152,532,3,6
LBXF04LA,0.96176,532,3,6
LBXF05LA,0.10496,532,3,6
LBXF08LA,0.06224,532,3,6
LBX074LA,0.12816,533,2,6
LBX099LA,0.15968,533,2,6
LBX138LA,0.18448,533,2,6
LBX153LA,0.21088,533,2,6
LBX170LA,0.27616,533,2,6
LBX180LA,0.36144,533,2,6
LBX187LA,0.144,533,2,6
LBX194LA,0.12736,533,2,6
LBXPCBLA,0.19584,533,2,6
LBXHXCLA,0.4256,533,2,6
LBX118LA,0.32224,533,2,6
LBXD03LA,0.61664,533,2,6
LBXD05LA,0.07232,533,2,6
LBXD07LA,0.07888,533,2,6
LBXF03LA,0.08144,533,2,6
LBXF04LA,0.93328,533,2,6
LBXF05LA,0.10848,533,2,6
LBXF08LA,0.06144,533,2,6
LBX074LA,0.21152,534,2,6
LBX099LA,0.76768,534,2,6
LBX138LA,0.16624,534,2,6
LBX153LA,0.22768,534,2,6
LBX170LA,0.48784,534,2,6
LBX180LA,0.2544,534,2,6
LBX187LA,0.25344,534,2,6
LBX194LA,0.12352,534,2,6
LBXPCBLA,0.06112,534,2,6
LBXHXCLA,0.11488,534,2,6
LBX118LA,0.15088,534,2,6
LBXD03LA,0.15376,534,2,6
LBXD05LA,0.25456,534,2,6
LBXD07LA,0.8256,534,2,6
LBXF03LA,0.10944,534,2,6
LBXF04LA,0.97424,534,2,6
LBXF05LA,0.11632,534,2,6
LBXF08LA,0.04384,534,2,6
LBX074LA,0.38176,535,2,6
LBX099LA,0.12704,535,2,6
LBX138LA,0.24224,535,2,6
LBX153LA,0.19616,535,2,6
LBX170LA,0.31552,535,2,6
LBX180LA,0.14896,535,2,6
LBX187LA,0.15888,535,2,6
LBX194LA,0.21408,535,2,6
LBXPCBLA,0.30832,535,2,6
LBXHXCLA,0.14208,535,2,6
LBX118LA,0.1968,535,2,6
LBXD03LA,0.08512,535,2,6
LBXD05LA,0.15264,535,2,6
LBXD07LA,0.10848,535,2,6
LBXF03LA,0.22736,535,2,6
LBXF04LA,0.08512,535,2,6
LBXF05LA,0.09584,535,2,6
LBXF08LA,0.0352,535,2,6
LBX074LA,0.0688,536,4,6
LBX099LA,0.07136,536,4,6
LBX138LA,0.1456,536,4,6
LBX153LA,0.31968,536,4,6
LBX170LA,0.08784,536,4,6
LBX180LA,0.11168,536,4,6
LBX187LA,0.1792,536,4,6
LBX194LA,0.05584,536,4,6
LBXPCBLA,0.03264,536,4,6
LBXHXCLA,0.05568,536,4,6
LBX118LA,0.08688,536,4,6
LBXD03LA,0.13056,536,4,6
LBXD05LA,0.91552,536,4,6
LBXD07LA,0.03648,536,4,6
LBXF03LA,0.09952,536,4,6
LBXF04LA,0.97632,536,4,6
LBXF05LA,0.05984,536,4,6
LBXF08LA,0.07136,536,4,6
LBX074LA,0.94848,537,1,6
LBX099LA,0.30368,537,1,6
LBX138LA,0.44048,537,1,6
LBX153LA,0.29568,537,1,6
LBX170LA,0.23536,537,1,6
LBX180LA,0.26208,537,1,6
LBX187LA,0.22416,537,1,6
LBX194LA,0.74752,537,1,6
LBXPCBLA,0.11904000000000001,537,1,6
LBXHXCLA,0.1696,537,1,6
LBX118LA,0.47568,537,1,6
LBXD03LA,0.24144,537,1,6
LBXD05LA,0.13792,537,1,6
LBXD07LA,0.51952,537,1,6
LBXF03LA,0.12768,537,1,6
LBXF04LA,0.7792,537,1,6
LBXF05LA,0.11376,537,1,6
LBXF08LA,0.08848,537,1,6
LBX074LA,0.12816,538,4,6
LBX099LA,0.268,538,4,6
LBX138LA,0.25152,538,4,6
LBX153LA,0.47648,538,4,6
LBX170LA,0.28592,538,4,6
LBX180LA,0.28624,538,4,6
LBX187LA,0.73824,538,4,6
LBX194LA,0.26304,538,4,6
LBXPCBLA,0.03936,538,4,6
LBXHXCLA,0.1208,538,4,6
LBX118LA,0.19792,538,4,6
LBXD03LA,0.13232,538,4,6
LBXD05LA,0.7088,538,4,6
LBXD07LA,0.2248,538,4,6
LBXF03LA,0.08096,538,4,6
LBXF04LA,0.07136,538,4,6
LBXF05LA,0.04016,538,4,6
LBXF08LA,0.05616,538,4,6
LBX074LA,0.0664,539,4,6
LBX099LA,0.08752,539,4,6
LBX138LA,0.49376,539,4,6
LBX153LA,0.2328,539,4,6
LBX170LA,0.09904,539,4,6
LBX180LA,0.07152,539,4,6
LBX187LA,0.16624,539,4,6
LBX194LA,0.93472,539,4,6
LBXPCBLA,0.15776,539,4,6
LBXHXCLA,0.8656,539,4,6
LBX118LA,0.19904,539,4,6
LBXD03LA,0.73008,539,4,6
LBXD05LA,0.3256,539,4,6
LBXD07LA,0.39568,539,4,6
LBXF03LA,0.04384,539,4,6
LBXF04LA,0.3336,539,4,6
LBXF05LA,0.1168,539,4,6
LBXF08LA,0.03616,539,4,6
LBX074LA,0.09888,540,3,6
LBX099LA,0.6296,540,3,6
LBX138LA,0.32016,540,3,6
LBX153LA,0.33264,540,3,6
LBX170LA,0.17696,540,3,6
LBX180LA,0.12384,540,3,6
LBX187LA,0.18544,540,3,6
LBX194LA,0.94128,540,3,6
LBXPCBLA,0.6312,540,3,6
LBXHXCLA,0.25984,540,3,6
LBX118LA,0.17424,540,3,6
LBXD03LA,0.09328,540,3,6
LBXD05LA,0.74544,540,3,6
LBXD07LA,0.13248,540,3,6
LBXF03LA,0.26112,540,3,6
LBXF04LA,0.10416,540,3,6
LBXF05LA,0.8104,540,3,6
LBXF08LA,0.1272,540,3,6
LBX074LA,0.88192,541,4,6
LBX099LA,0.2232,541,4,6
LBX138LA,0.20944,541,4,6
LBX153LA,0.7672,541,4,6
LBX170LA,0.188,541,4,6
LBX180LA,0.14464,541,4,6
LBX187LA,0.86688,541,4,6
LBX194LA,0.13104,541,4,6
LBXPCBLA,0.056,541,4,6
LBXHXCLA,0.66448,541,4,6
LBX118LA,0.81456,541,4,6
LBXD03LA,0.18016,541,4,6
LBXD05LA,0.21248,541,4,6
LBXD07LA,0.07744,541,4,6
LBXF03LA,0.11216,541,4,6
LBXF04LA,0.17744,541,4,6
LBXF05LA,0.06896,541,4,6
LBXF08LA,0.0384,541,4,6
LBX074LA,0.9784,542,1,6
LBX099LA,0.09488,542,1,6
LBX138LA,0.14128,542,1,6
LBX153LA,0.12256,542,1,6
LBX170LA,0.09312,542,1,6
LBX180LA,0.11696,542,1,6
LBX187LA,0.09568,542,1,6
LBX194LA,0.16496,542,1,6
LBXPCBLA,0.08032,542,1,6
LBXHXCLA,0.08512,542,1,6
LBX118LA,0.29648,542,1,6
LBXD03LA,0.07552,542,1,6
LBXD05LA,0.99376,542,1,6
LBXD07LA,0.0864,542,1,6
LBXF03LA,0.06912,542,1,6
LBXF04LA,0.07744,542,1,6
LBXF05LA,0.08128,542,1,6
LBXF08LA,0.08352,542,1,6
LBX074LA,0.7728,543,3,6
LBX099LA,0.15632,543,3,6
LBX138LA,0.23072,543,3,6
LBX153LA,0.10688,543,3,6
LBX170LA,0.14272,543,3,6
LBX180LA,0.1472,543,3,6
LBX187LA,0.1352,543,3,6
LBX194LA,0.25056,543,3,6
LBXPCBLA,0.57888,543,3,6
LBXHXCLA,0.1208,543,3,6
LBX118LA,0.51536,543,3,6
LBXD03LA,0.24304,543,3,6
LBXD05LA,0.13504,543,3,6
LBXD07LA,0.10816,543,3,6
LBXF03LA,0.06672,543,3,6
LBXF04LA,0.75264,543,3,6
LBXF05LA,0.12672,543,3,6
LBXF08LA,0.80576,543,3,6
LBX074LA,0.4888,544,2,6
LBX099LA,0.26368,544,2,6
LBX138LA,0.21664,544,2,6
LBX153LA,0.21152,544,2,6
LBX170LA,0.19552,544,2,6
LBX180LA,0.1424,544,2,6
LBX187LA,0.14384,544,2,6
LBX194LA,0.08656,544,2,6
LBXPCBLA,0.36592,544,2,6
LBXHXCLA,0.2848,544,2,6
LBX118LA,0.268,544,2,6
LBXD03LA,0.09472,544,2,6
LBXD05LA,0.92496,544,2,6
LBXD07LA,0.09216,544,2,6
LBXF03LA,0.07488,544,2,6
LBXF04LA,0.23392,544,2,6
LBXF05LA,0.08624,544,2,6
LBXF08LA,0.0424,544,2,6
LBX074LA,0.90096,545,2,6
LBX099LA,0.14912,545,2,6
LBX138LA,0.22176,545,2,6
LBX153LA,0.25472,545,2,6
LBX170LA,0.48384,545,2,6
LBX180LA,0.32832,545,2,6
LBX187LA,0.50256,545,2,6
LBX194LA,0.74304,545,2,6
LBXPCBLA,0.16,545,2,6
LBXHXCLA,0.13968,545,2,6
LBX118LA,0.1904,545,2,6
LBXD03LA,0.18096,545,2,6
LBXD05LA,0.26368,545,2,6
LBXD07LA,0.18976,545,2,6
LBXF03LA,0.32944,545,2,6
LBXF04LA,0.59824,545,2,6
LBXF05LA,0.39392,545,2,6
LBXF08LA,0.06544,545,2,6
LBX074LA,0.99792,546,1,6
LBX099LA,0.1144,546,1,6
LBX138LA,0.51872,546,1,6
LBX153LA,0.24976,546,1,6
LBX170LA,0.14592,546,1,6
LBX180LA,0.15232,546,1,6
LBX187LA,0.18704,546,1,6
LBX194LA,0.11376,546,1,6
LBXPCBLA,0.11504,546,1,6
LBXHXCLA,0.1824,546,1,6
LBX118LA,0.12544,546,1,6
LBXD03LA,0.09248,546,1,6
LBXD05LA,0.07856,546,1,6
LBXD07LA,0.08128,546,1,6
LBXF03LA,0.1448,546,1,6
LBXF04LA,0.73744,546,1,6
LBXF05LA,0.1168,546,1,6
LBXF08LA,0.16464,546,1,6
LBX074LA,0.22496,547,3,6
LBX099LA,0.06736,547,3,6
LBX138LA,0.11136,547,3,6
LBX153LA,0.15728,547,3,6
LBX170LA,0.15136,547,3,6
LBX180LA,0.0888,547,3,6
LBX187LA,0.78112,547,3,6
LBX194LA,0.63264,547,3,6
LBXPCBLA,0.18368,547,3,6
LBXHXCLA,0.16752,547,3,6
LBX118LA,0.07952,547,3,6
LBXD03LA,0.04848,547,3,6
LBXD05LA,0.148,547,3,6
LBXD07LA,0.029760000000000002,547,3,6
LBXF03LA,0.23136,547,3,6
LBXF04LA,0.20128,547,3,6
LBXF05LA,0.60912,547,3,6
LBXF08LA,0.12384,547,3,6
LBX074LA,0.54944,548,1,6
LBX099LA,0.13712,548,1,6
LBX138LA,0.10816,548,1,6
LBX153LA,0.1136,548,1,6
LBX170LA,0.2328,548,1,6
LBX180LA,0.2472,548,1,6
LBX187LA,0.47808,548,1,6
LBX194LA,0.11584,548,1,6
LBXPCBLA,0.05552,548,1,6
LBXHXCLA,0.0936,548,1,6
LBX118LA,0.12128,548,1,6
LBXD03LA,0.19056,548,1,6
LBXD05LA,0.55008,548,1,6
LBXD07LA,0.11184,548,1,6
LBXF03LA,0.0552,548,1,6
LBXF04LA,0.1336,548,1,6
LBXF05LA,0.05296,548,1,6
LBXF08LA,0.0488,548,1,6
LBX074LA,0.81696,549,1,6
LBX099LA,0.14176,549,1,6
LBX138LA,0.19248,549,1,6
LBX153LA,0.3344,549,1,6
LBX170LA,0.20656,549,1,6
LBX180LA,0.20928,549,1,6
LBX187LA,0.4048,549,1,6
LBX194LA,0.8064,549,1,6
LBXPCBLA,0.09648,549,1,6
LBXHXCLA,0.15056,549,1,6
LBX118LA,0.15232,549,1,6
LBXD03LA,0.15712,549,1,6
LBXD05LA,0.11264,549,1,6
LBXD07LA,0.07616,549,1,6
LBXF03LA,0.0736,549,1,6
LBXF04LA,0.82944,549,1,6
LBXF05LA,0.19728,549,1,6
LBXF08LA,0.10752,549,1,6
LBX074LA,0.30592,550,1,6
LBX099LA,0.14224,550,1,6
LBX138LA,0.22448,550,1,6
LBX153LA,0.19056,550,1,6
LBX170LA,0.19264,550,1,6
LBX180LA,0.12176,550,1,6
LBX187LA,0.336,550,1,6
LBX194LA,0.24656,550,1,6
LBXPCBLA,0.2176,550,1,6
LBXHXCLA,0.07024,550,1,6
LBX118LA,0.20672,550,1,6
LBXD03LA,0.1096,550,1,6
LBXD05LA,0.4432,550,1,6
LBXD07LA,0.78256,550,1,6
LBXF03LA,0.076,550,1,6
LBXF04LA,0.10256,550,1,6
LBXF05LA,0.10896,550,1,6
LBXF08LA,0.0616,550,1,6
LBX074LA,0.0968,551,2,6
LBX099LA,0.10336,551,2,6
LBX138LA,0.12912,551,2,6
LBX153LA,0.18112,551,2,6
LBX170LA,0.33136,551,2,6
LBX180LA,0.2744,551,2,6
LBX187LA,0.22688,551,2,6
LBX194LA,0.16256,551,2,6
LBXPCBLA,0.48992,551,2,6
LBXHXCLA,0.10208,551,2,6
LBX118LA,0.2352,551,2,6
LBXD03LA,0.19536,551,2,6
LBXD05LA,0.22112,551,2,6
LBXD07LA,0.71552,551,2,6
LBXF03LA,0.0928,551,2,6
LBXF04LA,0.6312,551,2,6
LBXF05LA,0.20784,551,2,6
LBXF08LA,0.12096,551,2,6
LBX074LA,0.4632,552,3,6
LBX099LA,0.03808,552,3,6
LBX138LA,0.09632,552,3,6
LBX153LA,0.19232,552,3,6
LBX170LA,0.13856,552,3,6
LBX180LA,0.0664,552,3,6
LBX187LA,0.14624,552,3,6
LBX194LA,0.38208,552,3,6
LBXPCBLA,0.3872,552,3,6
LBXHXCLA,0.08144,552,3,6
LBX118LA,0.04976,552,3,6
LBXD03LA,0.56784,552,3,6
LBXD05LA,0.42272,552,3,6
LBXD07LA,0.0688,552,3,6
LBXF03LA,0.016,552,3,6
LBXF04LA,0.06112,552,3,6
LBXF05LA,0.01856,552,3,6
LBXF08LA,0.01904,552,3,6
LBX074LA,0.37744,553,2,6
LBX099LA,0.35744,553,2,6
LBX138LA,0.13424,553,2,6
LBX153LA,0.15536,553,2,6
LBX170LA,0.24064,553,2,6
LBX180LA,0.78928,553,2,6
LBX187LA,0.1448,553,2,6
LBX194LA,0.2168,553,2,6
LBXPCBLA,0.30816,553,2,6
LBXHXCLA,0.16816,553,2,6
LBX118LA,0.12496,553,2,6
LBXD03LA,0.15984,553,2,6
LBXD05LA,0.09264,553,2,6
LBXD07LA,0.068,553,2,6
LBXF03LA,0.24256,553,2,6
LBXF04LA,0.15024,553,2,6
LBXF05LA,0.22688,553,2,6
LBXF08LA,0.23632,553,2,6
LBX074LA,0.18,554,3,6
LBX099LA,0.22064,554,3,6
LBX138LA,0.15984,554,3,6
LBX153LA,0.236,554,3,6
LBX170LA,0.32272,554,3,6
LBX180LA,0.70592,554,3,6
LBX187LA,0.44848,554,3,6
LBX194LA,0.90256,554,3,6
LBXPCBLA,0.13632,554,3,6
LBXHXCLA,0.1032,554,3,6
LBX118LA,0.42208,554,3,6
LBXD03LA,0.11232,554,3,6
LBXD05LA,0.1032,554,3,6
LBXD07LA,0.06096,554,3,6
LBXF03LA,0.264,554,3,6
LBXF04LA,0.95664,554,3,6
LBXF05LA,0.16016,554,3,6
LBXF08LA,0.07504,554,3,6
LBX074LA,0.10256,555,3,6
LBX099LA,0.0664,555,3,6
LBX138LA,0.13632,555,3,6
LBX153LA,0.12768,555,3,6
LBX170LA,0.26048,555,3,6
LBX180LA,0.40464,555,3,6
LBX187LA,0.33184,555,3,6
LBX194LA,0.16768,555,3,6
LBXPCBLA,0.15936,555,3,6
LBXHXCLA,0.10256,555,3,6
LBX118LA,0.4152,555,3,6
LBXD03LA,0.2832,555,3,6
LBXD05LA,0.07152,555,3,6
LBXD07LA,0.11504,555,3,6
LBXF03LA,0.95504,555,3,6
LBXF04LA,0.7328,555,3,6
LBXF05LA,0.31952,555,3,6
LBXF08LA,0.18304,555,3,6
LBX074LA,0.20336,556,4,6
LBX099LA,0.07568,556,4,6
LBX138LA,0.08896,556,4,6
LBX153LA,0.13584,556,4,6
LBX170LA,0.12464,556,4,6
LBX180LA,0.08592,556,4,6
LBX187LA,0.096,556,4,6
LBX194LA,0.78976,556,4,6
LBXPCBLA,0.03744,556,4,6
LBXHXCLA,0.08272,556,4,6
LBX118LA,0.08832,556,4,6
LBXD03LA,0.6368,556,4,6
LBXD05LA,0.54256,556,4,6
LBXD07LA,0.18816,556,4,6
LBXF03LA,0.06496,556,4,6
LBXF04LA,0.19728,556,4,6
LBXF05LA,0.48432,556,4,6
LBXF08LA,0.10432,556,4,6
LBX074LA,0.0896,557,1,6
LBX099LA,0.08256,557,1,6
LBX138LA,0.09296,557,1,6
LBX153LA,0.10944,557,1,6
LBX170LA,0.12416,557,1,6
LBX180LA,0.11664,557,1,6
LBX187LA,0.16976,557,1,6
LBX194LA,0.23088,557,1,6
LBXPCBLA,0.09216,557,1,6
LBXHXCLA,0.08912,557,1,6
LBX118LA,0.10464,557,1,6
LBXD03LA,0.15264,557,1,6
LBXD05LA,0.91744,557,1,6
LBXD07LA,0.16208,557,1,6
LBXF03LA,0.15344,557,1,6
LBXF04LA,0.24032,557,1,6
LBXF05LA,0.2712,557,1,6
LBXF08LA,0.06672,557,1,6
LBX074LA,0.87136,558,4,6
LBX099LA,0.09696,558,4,6
LBX138LA,0.06608,558,4,6
LBX153LA,0.0912,558,4,6
LBX170LA,0.22768,558,4,6
LBX180LA,0.2024,558,4,6
LBX187LA,0.0656,558,4,6
LBX194LA,0.12208,558,4,6
LBXPCBLA,0.03184,558,4,6
LBXHXCLA,0.19056,558,4,6
LBX118LA,0.16208,558,4,6
LBXD03LA,0.07248,558,4,6
LBXD05LA,0.07712,558,4,6
LBXD07LA,0.14112,558,4,6
LBXF03LA,0.05312,558,4,6
LBXF04LA,0.05824,558,4,6
LBXF05LA,0.11952,558,4,6
LBXF08LA,0.58352,558,4,6
LBX074LA,0.0888,559,1,6
LBX099LA,0.07376,559,1,6
LBX138LA,0.11008,559,1,6
LBX153LA,0.11568,559,1,6
LBX170LA,0.1616,559,1,6
LBX180LA,0.1224,559,1,6
LBX187LA,0.09072,559,1,6
LBX194LA,0.11984,559,1,6
LBXPCBLA,0.12416,559,1,6
LBXHXCLA,0.68336,559,1,6
LBX118LA,0.0816,559,1,6
LBXD03LA,0.09184,559,1,6
LBXD05LA,0.21648,559,1,6
LBXD07LA,0.11632,559,1,6
LBXF03LA,0.10096,559,1,6
LBXF04LA,0.09216,559,1,6
LBXF05LA,0.11152,559,1,6
LBXF08LA,0.03504,559,1,6
LBX074LA,0.20608,560,1,6
LBX099LA,0.10912,560,1,6
LBX138LA,0.12128,560,1,6
LBX153LA,0.13136,560,1,6
LBX170LA,0.1272,560,1,6
LBX180LA,0.13024,560,1,6
LBX187LA,0.36672,560,1,6
LBX194LA,0.09728,560,1,6
LBXPCBLA,0.05632,560,1,6
LBXHXCLA,0.08048,560,1,6
LBX118LA,0.73712,560,1,6
LBXD03LA,0.11232,560,1,6
LBXD05LA,0.28224,560,1,6
LBXD07LA,0.1144,560,1,6
LBXF03LA,0.04912,560,1,6
LBXF04LA,0.06784,560,1,6
LBXF05LA,0.07072,560,1,6
LBXF08LA,0.156,560,1,6
LBX074LA,0.12912,561,1,6
LBX099LA,0.08448,561,1,6
LBX138LA,0.1248,561,1,6
LBX153LA,0.11296,561,1,6
LBX170LA,0.78544,561,1,6
LBX180LA,0.24656,561,1,6
LBX187LA,0.13744,561,1,6
LBX194LA,0.16048,561,1,6
LBXPCBLA,0.08016,561,1,6
LBXHXCLA,0.11792,561,1,6
LBX118LA,0.07344,561,1,6
LBXD03LA,0.09952,561,1,6
LBXD05LA,0.21568,561,1,6
LBXD07LA,0.16608,561,1,6
LBXF03LA,0.09968,561,1,6
LBXF04LA,0.11408,561,1,6
LBXF05LA,0.07984,561,1,6
LBXF08LA,0.06848,561,1,6
LBX074LA,0.08144,562,1,6
LBX099LA,0.0752,562,1,6
LBX138LA,0.09648,562,1,6
LBX153LA,0.09504,562,1,6
LBX170LA,0.13184,562,1,6
LBX180LA,0.09984,562,1,6
LBX187LA,0.15264,562,1,6
LBX194LA,0.84224,562,1,6
LBXPCBLA,0.048,562,1,6
LBXHXCLA,0.06288,562,1,6
LBX118LA,0.07728,562,1,6
LBXD03LA,0.08768,562,1,6
LBXD05LA,0.5192,562,1,6
LBXD07LA,0.36784,562,1,6
LBXF03LA,0.0536,562,1,6
LBXF04LA,0.16,562,1,6
LBXF05LA,0.12256,562,1,6
LBXF08LA,0.0848,562,1,6
LBX074LA,0.11504,563,1,6
LBX099LA,0.52336,563,1,6
LBX138LA,0.19264,563,1,6
LBX153LA,0.13248,563,1,6
LBX170LA,0.24128,563,1,6
LBX180LA,0.14096,563,1,6
LBX187LA,0.13824,563,1,6
LBX194LA,0.44272,563,1,6
LBXPCBLA,0.09152,563,1,6
LBXHXCLA,0.22448,563,1,6
LBX118LA,0.31808,563,1,6
LBXD03LA,0.248,563,1,6
LBXD05LA,0.15024,563,1,6
LBXD07LA,0.09104,563,1,6
LBXF03LA,0.07136,563,1,6
LBXF04LA,0.0856,563,1,6
LBXF05LA,0.09024,563,1,6
LBXF08LA,0.34304,563,1,6
LBX074LA,0.632,564,1,6
LBX099LA,0.11152,564,1,6
LBX138LA,0.27536,564,1,6
LBX153LA,0.18736,564,1,6
LBX170LA,0.1984,564,1,6
LBX180LA,0.17472,564,1,6
LBX187LA,0.164,564,1,6
LBX194LA,0.1096,564,1,6
LBXPCBLA,0.22416,564,1,6
LBXHXCLA,0.0992,564,1,6
LBX118LA,0.2312,564,1,6
LBXD03LA,0.08656,564,1,6
LBXD05LA,0.26352,564,1,6
LBXD07LA,0.07344,564,1,6
LBXF03LA,0.08368,564,1,6
LBXF04LA,0.09712,564,1,6
LBXF05LA,0.13344,564,1,6
LBXF08LA,0.26,564,1,6
LBX074LA,0.62288,565,4,6
LBX099LA,0.0808,565,4,6
LBX138LA,0.13328,565,4,6
LBX153LA,0.12336,565,4,6
LBX170LA,0.10816,565,4,6
LBX180LA,0.30064,565,4,6
LBX187LA,0.14336,565,4,6
LBX194LA,0.42288,565,4,6
LBXPCBLA,0.06688,565,4,6
LBXHXCLA,0.09248,565,4,6
LBX118LA,0.13488,565,4,6
LBXD03LA,0.0712,565,4,6
LBXD05LA,0.196,565,4,6
LBXD07LA,0.04496,565,4,6
LBXF03LA,0.0432,565,4,6
LBXF04LA,0.9824,565,4,6
LBXF05LA,0.21712,565,4,6
LBXF08LA,0.03536,565,4,6
LBX074LA,0.18512,566,2,6
LBX099LA,0.21456,566,2,6
LBX138LA,0.1488,566,2,6
LBX153LA,0.20032,566,2,6
LBX170LA,0.22192,566,2,6
LBX180LA,0.15744,566,2,6
LBX187LA,0.40832,566,2,6
LBX194LA,0.07136,566,2,6
LBXPCBLA,0.1024,566,2,6
LBXHXCLA,0.1216,566,2,6
LBX118LA,0.35392,566,2,6
LBXD03LA,0.05488,566,2,6
LBXD05LA,0.96608,566,2,6
LBXD07LA,0.13744,566,2,6
LBXF03LA,0.20288,566,2,6
LBXF04LA,0.07456,566,2,6
LBXF05LA,0.04976,566,2,6
LBXF08LA,0.03312,566,2,6
LBX074LA,0.12304,567,4,6
LBX099LA,0.03888,567,4,6
LBX138LA,0.06064,567,4,6
LBX153LA,0.16992,567,4,6
LBX170LA,0.0904,567,4,6
LBX180LA,0.06176,567,4,6
LBX187LA,0.1416,567,4,6
LBX194LA,0.13392,567,4,6
LBXPCBLA,0.1048,567,4,6
LBXHXCLA,0.07504,567,4,6
LBX118LA,0.13904,567,4,6
LBXD03LA,0.15856,567,4,6
LBXD05LA,0.18992,567,4,6
LBXD07LA,0.06512,567,4,6
LBXF03LA,0.05008,567,4,6
LBXF04LA,0.8864,567,4,6
LBXF05LA,0.06112,567,4,6
LBXF08LA,0.86352,567,4,6
LBX074LA,0.156,568,1,6
LBX099LA,0.1888,568,1,6
LBX138LA,0.26688,568,1,6
LBX153LA,0.192,568,1,6
LBX170LA,0.1456,568,1,6
LBX180LA,0.17008,568,1,6
LBX187LA,0.31696,568,1,6
LBX194LA,0.15136,568,1,6
LBXPCBLA,0.2192,568,1,6
LBXHXCLA,0.1208,568,1,6
LBX118LA,0.24032,568,1,6
LBXD03LA,0.11296,568,1,6
LBXD05LA,0.20576,568,1,6
LBXD07LA,0.13136,568,1,6
LBXF03LA,0.15648,568,1,6
LBXF04LA,0.60768,568,1,6
LBXF05LA,0.11616,568,1,6
LBXF08LA,0.15328,568,1,6
LBX074LA,0.10112,569,3,6
LBX099LA,0.04768,569,3,6
LBX138LA,0.09616,569,3,6
LBX153LA,0.1224,569,3,6
LBX170LA,0.13744,569,3,6
LBX180LA,0.0904,569,3,6
LBX187LA,0.82704,569,3,6
LBX194LA,0.1664,569,3,6
LBXPCBLA,0.08048,569,3,6
LBXHXCLA,0.24368,569,3,6
LBX118LA,0.536,569,3,6
LBXD03LA,0.10704,569,3,6
LBXD05LA,0.14976,569,3,6
LBXD07LA,0.0936,569,3,6
LBXF03LA,0.036,569,3,6
LBXF04LA,0.29936,569,3,6
LBXF05LA,0.08336,569,3,6
LBXF08LA,0.3688,569,3,6
LBX074LA,0.33888,570,4,6
LBX099LA,0.04144,570,4,6
LBX138LA,0.42336,570,4,6
LBX153LA,0.11712,570,4,6
LBX170LA,0.10272,570,4,6
LBX180LA,0.1008,570,4,6
LBX187LA,0.2848,570,4,6
LBX194LA,0.13072,570,4,6
LBXPCBLA,0.8776,570,4,6
LBXHXCLA,0.31984,570,4,6
LBX118LA,0.0904,570,4,6
LBXD03LA,0.08208,570,4,6
LBXD05LA,0.18704,570,4,6
LBXD07LA,0.04864,570,4,6
LBXF03LA,0.08688,570,4,6
LBXF04LA,0.21168,570,4,6
LBXF05LA,0.2328,570,4,6
LBXF08LA,0.4016,570,4,6
LBX074LA,0.42576,571,4,6
LBX099LA,0.32192,571,4,6
LBX138LA,0.09824,571,4,6
LBX153LA,0.0648,571,4,6
LBX170LA,0.23136,571,4,6
LBX180LA,0.09632,571,4,6
LBX187LA,0.15088,571,4,6
LBX194LA,0.37792,571,4,6
LBXPCBLA,0.0304,571,4,6
LBXHXCLA,0.06928,571,4,6
LBX118LA,0.06656,571,4,6
LBXD03LA,0.06288,571,4,6
LBXD05LA,0.0696,571,4,6
LBXD07LA,0.10656,571,4,6
LBXF03LA,0.1152,571,4,6
LBXF04LA,0.35824,571,4,6
LBXF05LA,0.04896,571,4,6
LBXF08LA,0.04448,571,4,6
LBX074LA,0.29312,572,2,6
LBX099LA,0.64384,572,2,6
LBX138LA,0.13552,572,2,6
LBX153LA,0.1616,572,2,6
LBX170LA,0.18736,572,2,6
LBX180LA,0.28912,572,2,6
LBX187LA,0.24144,572,2,6
LBX194LA,0.76288,572,2,6
LBXPCBLA,0.204,572,2,6
LBXHXCLA,0.12912,572,2,6
LBX118LA,0.32336,572,2,6
LBXD03LA,0.11696,572,2,6
LBXD05LA,0.33408,572,2,6
LBXD07LA,0.19008,572,2,6
LBXF03LA,0.09152,572,2,6
LBXF04LA,0.42928,572,2,6
LBXF05LA,0.11872,572,2,6
LBXF08LA,0.11344,572,2,6
LBX074LA,0.0656,573,3,6
LBX099LA,0.07536,573,3,6
LBX138LA,0.2808,573,3,6
LBX153LA,0.15696,573,3,6
LBX170LA,0.12912,573,3,6
LBX180LA,0.11056,573,3,6
LBX187LA,0.0768,573,3,6
LBX194LA,0.1352,573,3,6
LBXPCBLA,0.06272,573,3,6
LBXHXCLA,0.11104,573,3,6
LBX118LA,0.096,573,3,6
LBXD03LA,0.12096,573,3,6
LBXD05LA,0.72576,573,3,6
LBXD07LA,0.30528,573,3,6
LBXF03LA,0.12656,573,3,6
LBXF04LA,0.53936,573,3,6
LBXF05LA,0.08048,573,3,6
LBXF08LA,0.06432,573,3,6
LBX074LA,0.12512,574,1,6
LBX099LA,0.11072,574,1,6
LBX138LA,0.10032,574,1,6
LBX153LA,0.10528,574,1,6
LBX170LA,0.12208,574,1,6
LBX180LA,0.19792,574,1,6
LBX187LA,0.13888,574,1,6
LBX194LA,0.5256,574,1,6
LBXPCBLA,0.9128,574,1,6
LBXHXCLA,0.10448,574,1,6
LBX118LA,0.14176,574,1,6
LBXD03LA,0.07168,574,1,6
LBXD05LA,0.08224,574,1,6
LBXD07LA,0.08464,574,1,6
LBXF03LA,0.10496,574,1,6
LBXF04LA,0.14368,574,1,6
LBXF05LA,0.38368,574,1,6
LBXF08LA,0.36416,574,1,6
LBX074LA,0.16768,575,2,6
LBX099LA,0.09968,575,2,6
LBX138LA,0.12688,575,2,6
LBX153LA,0.13584,575,2,6
LBX170LA,0.15824,575,2,6
LBX180LA,0.12512,575,2,6
LBX187LA,0.1472,575,2,6
LBX194LA,0.30496,575,2,6
LBXPCBLA,0.08272,575,2,6
LBXHXCLA,0.13968,575,2,6
LBX118LA,0.12,575,2,6
LBXD03LA,0.66304,575,2,6
LBXD05LA,0.67728,575,2,6
LBXD07LA,0.13696,575,2,6
LBXF03LA,0.07968,575,2,6
LBXF04LA,0.10608,575,2,6
LBXF05LA,0.13328,575,2,6
LBXF08LA,0.10768,575,2,6
LBX074LA,0.67664,576,2,6
LBX099LA,0.12896,576,2,6
LBX138LA,0.13184,576,2,6
LBX153LA,0.16128,576,2,6
LBX170LA,0.18816,576,2,6
LBX180LA,0.17664,576,2,6
LBX187LA,0.11824,576,2,6
LBX194LA,0.12032,576,2,6
LBXPCBLA,0.17744,576,2,6
LBXHXCLA,0.13568,576,2,6
LBX118LA,0.22624,576,2,6
LBXD03LA,0.17216,576,2,6
LBXD05LA,0.86528,576,2,6
LBXD07LA,0.22544,576,2,6
LBXF03LA,0.0864,576,2,6
LBXF04LA,0.45872,576,2,6
LBXF05LA,0.52864,576,2,6
LBXF08LA,0.05088,576,2,6
LBX074LA,0.11824,577,2,6
LBX099LA,0.08016,577,2,6
LBX138LA,0.07536,577,2,6
LBX153LA,0.07552,577,2,6
LBX170LA,0.11008,577,2,6
LBX180LA,0.10064,577,2,6
LBX187LA,0.08288,577,2,6
LBX194LA,0.95856,577,2,6
LBXPCBLA,0.10368,577,2,6
LBXHXCLA,0.05344,577,2,6
LBX118LA,0.07616,577,2,6
LBXD03LA,0.04544,577,2,6
LBXD05LA,0.2232,577,2,6
LBXD07LA,0.16624,577,2,6
LBXF03LA,0.04112,577,2,6
LBXF04LA,0.99248,577,2,6
LBXF05LA,0.0736,577,2,6
LBXF08LA,0.03136,577,2,6
LBX074LA,0.10144,578,2,6
LBX099LA,0.07568,578,2,6
LBX138LA,0.17568,578,2,6
LBX153LA,0.1584,578,2,6
LBX170LA,0.20192,578,2,6
LBX180LA,0.17008,578,2,6
LBX187LA,0.35152,578,2,6
LBX194LA,0.44048,578,2,6
LBXPCBLA,0.30672,578,2,6
LBXHXCLA,0.33856,578,2,6
LBX118LA,0.08048,578,2,6
LBXD03LA,0.12944,578,2,6
LBXD05LA,0.17088,578,2,6
LBXD07LA,0.06352,578,2,6
LBXF03LA,0.06368,578,2,6
LBXF04LA,0.64032,578,2,6
LBXF05LA,0.16752,578,2,6
LBXF08LA,0.74864,578,2,6
LBX074LA,0.1904,579,4,6
LBX099LA,0.25472,579,4,6
LBX138LA,0.62784,579,4,6
LBX153LA,0.44224,579,4,6
LBX170LA,0.91392,579,4,6
LBX180LA,0.24864,579,4,6
LBX187LA,0.39536,579,4,6
LBX194LA,0.94688,579,4,6
LBXPCBLA,0.0832,579,4,6
LBXHXCLA,0.0672,579,4,6
LBX118LA,0.63888,579,4,6
LBXD03LA,0.11216,579,4,6
LBXD05LA,0.14208,579,4,6
LBXD07LA,0.07856,579,4,6
LBXF03LA,0.09232,579,4,6
LBXF04LA,0.53792,579,4,6
LBXF05LA,0.12096,579,4,6
LBXF08LA,0.10448,579,4,6
LBX074LA,0.19344,580,1,6
LBX099LA,0.11856,580,1,6
LBX138LA,0.23808000000000001,580,1,6
LBX153LA,0.2232,580,1,6
LBX170LA,0.19648,580,1,6
LBX180LA,0.15392,580,1,6
LBX187LA,0.13808,580,1,6
LBX194LA,0.24096,580,1,6
LBXPCBLA,0.22384,580,1,6
LBXHXCLA,0.34784,580,1,6
LBX118LA,0.19392,580,1,6
LBXD03LA,0.12816,580,1,6
LBXD05LA,0.42608,580,1,6
LBXD07LA,0.10992,580,1,6
LBXF03LA,0.08336,580,1,6
LBXF04LA,0.21776,580,1,6
LBXF05LA,0.09504,580,1,6
LBXF08LA,0.25232,580,1,6
LBX074LA,0.96384,581,3,6
LBX099LA,0.1432,581,3,6
LBX138LA,0.11312,581,3,6
LBX153LA,0.10944,581,3,6
LBX170LA,0.07728,581,3,6
LBX180LA,0.06016,581,3,6
LBX187LA,0.16176,581,3,6
LBX194LA,0.12048,581,3,6
LBXPCBLA,0.53008,581,3,6
LBXHXCLA,0.1392,581,3,6
LBX118LA,0.50224,581,3,6
LBXD03LA,0.08304,581,3,6
LBXD05LA,0.33072,581,3,6
LBXD07LA,0.33984,581,3,6
LBXF03LA,0.15872,581,3,6
LBXF04LA,0.65792,581,3,6
LBXF05LA,0.0688,581,3,6
LBXF08LA,0.02432,581,3,6
LBX074LA,0.90688,582,3,6
LBX099LA,0.13312,582,3,6
LBX138LA,0.19888,582,3,6
LBX153LA,0.67904,582,3,6
LBX170LA,0.30384,582,3,6
LBX180LA,0.1872,582,3,6
LBX187LA,0.12272,582,3,6
LBX194LA,0.77728,582,3,6
LBXPCBLA,0.10096,582,3,6
LBXHXCLA,0.08128,582,3,6
LBX118LA,0.18656,582,3,6
LBXD03LA,0.05968,582,3,6
LBXD05LA,0.42656,582,3,6
LBXD07LA,0.37296,582,3,6
LBXF03LA,0.1216,582,3,6
LBXF04LA,0.05152,582,3,6
LBXF05LA,0.08048,582,3,6
LBXF08LA,0.04224,582,3,6
LBX074LA,0.0792,583,2,6
LBX099LA,0.06544,583,2,6
LBX138LA,0.15168,583,2,6
LBX153LA,0.49568,583,2,6
LBX170LA,0.12368,583,2,6
LBX180LA,0.16384,583,2,6
LBX187LA,0.0984,583,2,6
LBX194LA,0.1736,583,2,6
LBXPCBLA,0.92416,583,2,6
LBXHXCLA,0.16064,583,2,6
LBX118LA,0.25488,583,2,6
LBXD03LA,0.10608,583,2,6
LBXD05LA,0.108,583,2,6
LBXD07LA,0.08064,583,2,6
LBXF03LA,0.09504,583,2,6
LBXF04LA,0.22736,583,2,6
LBXF05LA,0.11088,583,2,6
LBXF08LA,0.09232,583,2,6
LBX074LA,0.44784,584,2,6
LBX099LA,0.25024,584,2,6
LBX138LA,0.19008,584,2,6
LBX153LA,0.20112,584,2,6
LBX170LA,0.48288,584,2,6
LBX180LA,0.33312,584,2,6
LBX187LA,0.20352,584,2,6
LBX194LA,0.55936,584,2,6
LBXPCBLA,0.21696,584,2,6
LBXHXCLA,0.10048,584,2,6
LBX118LA,0.70288,584,2,6
LBXD03LA,0.12784,584,2,6
LBXD05LA,0.12048,584,2,6
LBXD07LA,0.23872,584,2,6
LBXF03LA,0.1248,584,2,6
LBXF04LA,0.91584,584,2,6
LBXF05LA,0.16496,584,2,6
LBXF08LA,0.5824,584,2,6
LBX074LA,0.1288,585,2,6
LBX099LA,0.0632,585,2,6
LBX138LA,0.1544,585,2,6
LBX153LA,0.23712,585,2,6
LBX170LA,0.28176,585,2,6
LBX180LA,0.2376,585,2,6
LBX187LA,0.18896,585,2,6
LBX194LA,0.83056,585,2,6
LBXPCBLA,0.75184,585,2,6
LBXHXCLA,0.63472,585,2,6
LBX118LA,0.08544,585,2,6
LBXD03LA,0.0864,585,2,6
LBXD05LA,0.11376,585,2,6
LBXD07LA,0.08752,585,2,6
LBXF03LA,0.06064,585,2,6
LBXF04LA,0.30864,585,2,6
LBXF05LA,0.0656,585,2,6
LBXF08LA,0.06096,585,2,6
LBX074LA,0.10736,586,4,6
LBX099LA,0.09632,586,4,6
LBX138LA,0.24992,586,4,6
LBX153LA,0.15088,586,4,6
LBX170LA,0.1392,586,4,6
LBX180LA,0.2256,586,4,6
LBX187LA,0.09312,586,4,6
LBX194LA,0.53392,586,4,6
LBXPCBLA,0.06992,586,4,6
LBXHXCLA,0.044,586,4,6
LBX118LA,0.92048,586,4,6
LBXD03LA,0.16464,586,4,6
LBXD05LA,0.05312,586,4,6
LBXD07LA,0.03696,586,4,6
LBXF03LA,0.93424,586,4,6
LBXF04LA,0.69104,586,4,6
LBXF05LA,0.344,586,4,6
LBXF08LA,0.03856,586,4,6
LBX074LA,0.26736,587,2,6
LBX099LA,0.11984,587,2,6
LBX138LA,0.14176,587,2,6
LBX153LA,0.15312,587,2,6
LBX170LA,0.16528,587,2,6
LBX180LA,0.36032,587,2,6
LBX187LA,0.37216,587,2,6
LBX194LA,0.55392,587,2,6
LBXPCBLA,0.61184,587,2,6
LBXHXCLA,0.1288,587,2,6
LBX118LA,0.204,587,2,6
LBXD03LA,0.10896,587,2,6
LBXD05LA,0.48128,587,2,6
LBXD07LA,0.70688,587,2,6
LBXF03LA,0.5296,587,2,6
LBXF04LA,0.10144,587,2,6
LBXF05LA,0.1472,587,2,6
LBXF08LA,0.14528,587,2,6
LBX074LA,0.27888,588,2,6
LBX099LA,0.23792,588,2,6
LBX138LA,0.08096,588,2,6
LBX153LA,0.10816,588,2,6
LBX170LA,0.15584,588,2,6
LBX180LA,0.12608,588,2,6
LBX187LA,0.24288,588,2,6
LBX194LA,0.1144,588,2,6
LBXPCBLA,0.15728,588,2,6
LBXHXCLA,0.08816,588,2,6
LBX118LA,0.06144,588,2,6
LBXD03LA,0.64064,588,2,6
LBXD05LA,0.21184,588,2,6
LBXD07LA,0.04848,588,2,6
LBXF03LA,0.05712,588,2,6
LBXF04LA,0.27248,588,2,6
LBXF05LA,0.12304,588,2,6
LBXF08LA,0.06912,588,2,6
LBX074LA,0.32176,589,4,6
LBX099LA,0.08992,589,4,6
LBX138LA,0.1832,589,4,6
LBX153LA,0.08864,589,4,6
LBX170LA,0.16064,589,4,6
LBX180LA,0.1232,589,4,6
LBX187LA,0.08416,589,4,6
LBX194LA,0.12016,589,4,6
LBXPCBLA,0.13008,589,4,6
LBXHXCLA,0.13088,589,4,6
LBX118LA,0.19152,589,4,6
LBXD03LA,0.12816,589,4,6
LBXD05LA,0.07824,589,4,6
LBXD07LA,0.04352,589,4,6
LBXF03LA,0.12464,589,4,6
LBXF04LA,0.94864,589,4,6
LBXF05LA,0.25184,589,4,6
LBXF08LA,0.11968,589,4,6
LBX074LA,0.84256,590,1,6
LBX099LA,0.12016,590,1,6
LBX138LA,0.14832,590,1,6
LBX153LA,0.17136,590,1,6
LBX170LA,0.29424,590,1,6
LBX180LA,0.18912,590,1,6
LBX187LA,0.16144,590,1,6
LBX194LA,0.2768,590,1,6
LBXPCBLA,0.08096,590,1,6
LBXHXCLA,0.16768,590,1,6
LBX118LA,0.16208,590,1,6
LBXD03LA,0.1696,590,1,6
LBXD05LA,0.16048,590,1,6
LBXD07LA,0.12896,590,1,6
LBXF03LA,0.07184,590,1,6
LBXF04LA,0.88032,590,1,6
LBXF05LA,0.16896,590,1,6
LBXF08LA,0.08208,590,1,6
LBX074LA,0.06128,591,2,6
LBX099LA,0.07536,591,2,6
LBX138LA,0.08016,591,2,6
LBX153LA,0.09216,591,2,6
LBX170LA,0.1424,591,2,6
LBX180LA,0.17072,591,2,6
LBX187LA,0.17168,591,2,6
LBX194LA,0.96464,591,2,6
LBXPCBLA,0.0776,591,2,6
LBXHXCLA,0.06848,591,2,6
LBX118LA,0.04544,591,2,6
LBXD03LA,0.07408,591,2,6
LBXD05LA,0.07648,591,2,6
LBXD07LA,0.03536,591,2,6
LBXF03LA,0.0904,591,2,6
LBXF04LA,0.41952,591,2,6
LBXF05LA,0.07008,591,2,6
LBXF08LA,0.14384,591,2,6
LBX074LA,0.26576,592,4,6
LBX099LA,0.20064,592,4,6
LBX138LA,0.16416,592,4,6
LBX153LA,0.18368,592,4,6
LBX170LA,0.48864,592,4,6
LBX180LA,0.34304,592,4,6
LBX187LA,0.27728,592,4,6
LBX194LA,0.70096,592,4,6
LBXPCBLA,0.18864,592,4,6
LBXHXCLA,0.20272,592,4,6
LBX118LA,0.28432,592,4,6
LBXD03LA,0.13536,592,4,6
LBXD05LA,0.80736,592,4,6
LBXD07LA,0.18368,592,4,6
LBXF03LA,0.8864,592,4,6
LBXF04LA,0.42512,592,4,6
LBXF05LA,0.7032,592,4,6
LBXF08LA,0.864,592,4,6
LBX074LA,0.15728,593,1,6
LBX099LA,0.09936,593,1,6
LBX138LA,0.2384,593,1,6
LBX153LA,0.32656,593,1,6
LBX170LA,0.1688,593,1,6
LBX180LA,0.19424,593,1,6
LBX187LA,0.12384,593,1,6
LBX194LA,0.1592,593,1,6
LBXPCBLA,0.87616,593,1,6
LBXHXCLA,0.20528,593,1,6
LBX118LA,0.13328,593,1,6
LBXD03LA,0.25712,593,1,6
LBXD05LA,0.09408,593,1,6
LBXD07LA,0.12896,593,1,6
LBXF03LA,0.09056,593,1,6
LBXF04LA,0.17584,593,1,6
LBXF05LA,0.36848,593,1,6
LBXF08LA,0.0784,593,1,6
LBX074LA,0.38288,594,3,6
LBX099LA,0.44064,594,3,6
LBX138LA,0.2544,594,3,6
LBX153LA,0.3152,594,3,6
LBX170LA,0.16976,594,3,6
LBX180LA,0.2456,594,3,6
LBX187LA,0.4816,594,3,6
LBX194LA,0.2992,594,3,6
LBXPCBLA,0.1368,594,3,6
LBXHXCLA,0.09328,594,3,6
LBX118LA,0.18224,594,3,6
LBXD03LA,0.16128,594,3,6
LBXD05LA,0.16656,594,3,6
LBXD07LA,0.04816,594,3,6
LBXF03LA,0.06288,594,3,6
LBXF04LA,0.89872,594,3,6
LBXF05LA,0.15056,594,3,6
LBXF08LA,0.29696,594,3,6
LBX074LA,0.192,595,2,6
LBX099LA,0.07152,595,2,6
LBX138LA,0.1384,595,2,6
LBX153LA,0.23792,595,2,6
LBX170LA,0.27648,595,2,6
LBX180LA,0.66464,595,2,6
LBX187LA,0.16368,595,2,6
LBX194LA,0.304,595,2,6
LBXPCBLA,0.16592,595,2,6
LBXHXCLA,0.09408,595,2,6
LBX118LA,0.09792,595,2,6
LBXD03LA,0.05632,595,2,6
LBXD05LA,0.19824,595,2,6
LBXD07LA,0.05984,595,2,6
LBXF03LA,0.2744,595,2,6
LBXF04LA,0.05568,595,2,6
LBXF05LA,0.076,595,2,6
LBXF08LA,0.03968,595,2,6
LBX074LA,0.31936,596,2,6
LBX099LA,0.27072,596,2,6
LBX138LA,0.19008,596,2,6
LBX153LA,0.1872,596,2,6
LBX170LA,0.13216,596,2,6
LBX180LA,0.16464,596,2,6
LBX187LA,0.13904,596,2,6
LBX194LA,0.45056,596,2,6
LBXPCBLA,0.06608,596,2,6
LBXHXCLA,0.73824,596,2,6
LBX118LA,0.13712,596,2,6
LBXD03LA,0.08096,596,2,6
LBXD05LA,0.14032,596,2,6
LBXD07LA,0.17568,596,2,6
LBXF03LA,0.11872,596,2,6
LBXF04LA,0.92768,596,2,6
LBXF05LA,0.08816,596,2,6
LBXF08LA,0.17088,596,2,6
LBX074LA,0.1224,597,1,6
LBX099LA,0.48496,597,1,6
LBX138LA,0.24528,597,1,6
LBX153LA,0.19504,597,1,6
LBX170LA,0.19712,597,1,6
LBX180LA,0.25184,597,1,6
LBX187LA,0.21952,597,1,6
LBX194LA,0.8728,597,1,6
LBXPCBLA,0.18736,597,1,6
LBXHXCLA,0.10544,597,1,6
LBX118LA,0.12384,597,1,6
LBXD03LA,0.12608,597,1,6
LBXD05LA,0.92976,597,1,6
LBXD07LA,0.10304,597,1,6
LBXF03LA,0.09168,597,1,6
LBXF04LA,0.11088,597,1,6
LBXF05LA,0.09216,597,1,6
LBXF08LA,0.05888,597,1,6
LBX074LA,0.07152,598,2,6
LBX099LA,0.0424,598,2,6
LBX138LA,0.08656,598,2,6
LBX153LA,0.10224,598,2,6
LBX170LA,0.316,598,2,6
LBX180LA,0.48672,598,2,6
LBX187LA,0.97664,598,2,6
LBX194LA,0.41024,598,2,6
LBXPCBLA,0.08016,598,2,6
LBXHXCLA,0.04224,598,2,6
LBX118LA,0.1712,598,2,6
LBXD03LA,0.06672,598,2,6
LBXD05LA,0.09712,598,2,6
LBXD07LA,0.06672,598,2,6
LBXF03LA,0.05008,598,2,6
LBXF04LA,0.13072,598,2,6
LBXF05LA,0.08608,598,2,6
LBXF08LA,0.04176,598,2,6
LBX074LA,0.12448,599,1,6
LBX099LA,0.48528,599,1,6
LBX138LA,0.17552,599,1,6
LBX153LA,0.13904,599,1,6
LBX170LA,0.18896,599,1,6
LBX180LA,0.12576,599,1,6
LBX187LA,0.15376,599,1,6
LBX194LA,0.13968,599,1,6
LBXPCBLA,0.14896,599,1,6
LBXHXCLA,0.0808,599,1,6
LBX118LA,0.128,599,1,6
LBXD03LA,0.10816,599,1,6
LBXD05LA,0.98112,599,1,6
LBXD07LA,0.21712,599,1,6
LBXF03LA,0.06192,599,1,6
LBXF04LA,0.05776,599,1,6
LBXF05LA,0.1,599,1,6
LBXF08LA,0.0776,599,1,6
LBX074LA,0.12336,600,4,6
LBX099LA,0.20096,600,4,6
LBX138LA,0.17568,600,4,6
LBX153LA,0.95856,600,4,6
LBX170LA,0.64688,600,4,6
LBX180LA,0.14736,600,4,6
LBX187LA,0.94912,600,4,6
LBX194LA,0.11424,600,4,6
LBXPCBLA,0.24064,600,4,6
LBXHXCLA,0.09936,600,4,6
LBX118LA,0.7256,600,4,6
LBXD03LA,0.15728,600,4,6
LBXD05LA,0.16432,600,4,6
LBXD07LA,0.11888,600,4,6
LBXF03LA,0.08768,600,4,6
LBXF04LA,0.6456,600,4,6
LBXF05LA,0.56816,600,4,6
LBXF08LA,0.05312,600,4,6
LBX074LA,0.13824,601,1,7
LBX099LA,0.58304,601,1,7
LBX138LA,0.10112,601,1,7
LBX153LA,0.12656,601,1,7
LBX170LA,0.13488,601,1,7
LBX180LA,0.12448,601,1,7
LBX187LA,0.11136,601,1,7
LBX194LA,0.09328,601,1,7
LBXPCBLA,0.09648,601,1,7
LBXHXCLA,0.1296,601,1,7
LBX118LA,0.46192,601,1,7
LBXD03LA,0.07104,601,1,7
LBXD05LA,0.20672,601,1,7
LBXD07LA,0.18704,601,1,7
LBXF03LA,0.08944,601,1,7
LBXF04LA,0.07952,601,1,7
LBXF05LA,0.07152,601,1,7
LBXF08LA,0.09904,601,1,7
LBX074LA,0.4048,602,3,7
LBX099LA,0.60512,602,3,7
LBX138LA,0.14496,602,3,7
LBX153LA,0.1112,602,3,7
LBX170LA,0.35728,602,3,7
LBX180LA,0.1904,602,3,7
LBX187LA,0.15808,602,3,7
LBX194LA,0.81408,602,3,7
LBXPCBLA,0.6256,602,3,7
LBXHXCLA,0.47776,602,3,7
LBX118LA,0.4376,602,3,7
LBXD03LA,0.13792,602,3,7
LBXD05LA,0.1448,602,3,7
LBXD07LA,0.05904,602,3,7
LBXF03LA,0.0864,602,3,7
LBXF04LA,0.88816,602,3,7
LBXF05LA,0.12432,602,3,7
LBXF08LA,0.54224000000000006,602,3,7
LBX074LA,0.07728,603,3,7
LBX099LA,0.04208,603,3,7
LBX138LA,0.10032,603,3,7
LBX153LA,0.12528,603,3,7
LBX170LA,0.1776,603,3,7
LBX180LA,0.18688,603,3,7
LBX187LA,0.20864,603,3,7
LBX194LA,0.1136,603,3,7
LBXPCBLA,0.4472,603,3,7
LBXHXCLA,0.17872,603,3,7
LBX118LA,0.32432,603,3,7
LBXD03LA,0.82336,603,3,7
LBXD05LA,0.63808,603,3,7
LBXD07LA,0.0656,603,3,7
LBXF03LA,0.58512,603,3,7
LBXF04LA,0.05104,603,3,7
LBXF05LA,0.08144,603,3,7
LBXF08LA,0.35392,603,3,7
LBX074LA,0.45664,604,3,7
LBX099LA,0.26224,604,3,7
LBX138LA,0.24928,604,3,7
LBX153LA,0.28224,604,3,7
LBX170LA,0.18576,604,3,7
LBX180LA,0.29184,604,3,7
LBX187LA,0.78576,604,3,7
LBX194LA,0.37648,604,3,7
LBXPCBLA,0.07104,604,3,7
LBXHXCLA,0.28096,604,3,7
LBX118LA,0.3456,604,3,7
LBXD03LA,0.24416,604,3,7
LBXD05LA,0.6944,604,3,7
LBXD07LA,0.74016,604,3,7
LBXF03LA,0.35888,604,3,7
LBXF04LA,0.17392,604,3,7
LBXF05LA,0.16304,604,3,7
LBXF08LA,0.0696,604,3,7
LBX074LA,0.58544,605,4,7
LBX099LA,0.06896,605,4,7
LBX138LA,0.60928,605,4,7
LBX153LA,0.15152,605,4,7
LBX170LA,0.11184,605,4,7
LBX180LA,0.09216,605,4,7
LBX187LA,0.08688,605,4,7
LBX194LA,0.55904,605,4,7
LBXPCBLA,0.17184,605,4,7
LBXHXCLA,0.09344,605,4,7
LBX118LA,0.19296,605,4,7
LBXD03LA,0.76224,605,4,7
LBXD05LA,0.10544,605,4,7
LBXD07LA,0.15792,605,4,7
LBXF03LA,0.1072,605,4,7
LBXF04LA,0.33904,605,4,7
LBXF05LA,0.11536,605,4,7
LBXF08LA,0.2808,605,4,7
LBX074LA,0.20576,606,4,7
LBX099LA,0.67136,606,4,7
LBX138LA,0.1064,606,4,7
LBX153LA,0.0704,606,4,7
LBX170LA,0.14352,606,4,7
LBX180LA,0.07392,606,4,7
LBX187LA,0.49088,606,4,7
LBX194LA,0.07552,606,4,7
LBXPCBLA,0.036,606,4,7
LBXHXCLA,0.03536,606,4,7
LBX118LA,0.05568,606,4,7
LBXD03LA,0.05728,606,4,7
LBXD05LA,0.15072,606,4,7
LBXD07LA,0.04448,606,4,7
LBXF03LA,0.0456,606,4,7
LBXF04LA,0.05696,606,4,7
LBXF05LA,0.16688,606,4,7
LBXF08LA,0.0472,606,4,7
LBX074LA,0.44752,607,3,7
LBX099LA,0.09232,607,3,7
LBX138LA,0.21408,607,3,7
LBX153LA,0.60528,607,3,7
LBX170LA,0.69184,607,3,7
LBX180LA,0.212,607,3,7
LBX187LA,0.15296,607,3,7
LBX194LA,0.63296,607,3,7
LBXPCBLA,0.40352,607,3,7
LBXHXCLA,0.1528,607,3,7
LBX118LA,0.27424,607,3,7
LBXD03LA,0.1368,607,3,7
LBXD05LA,0.0472,607,3,7
LBXD07LA,0.11616,607,3,7
LBXF03LA,0.0408,607,3,7
LBXF04LA,0.35664,607,3,7
LBXF05LA,0.42528,607,3,7
LBXF08LA,0.05424,607,3,7
LBX074LA,0.61968,608,3,7
LBX099LA,0.36736,608,3,7
LBX138LA,0.112,608,3,7
LBX153LA,0.12048,608,3,7
LBX170LA,0.13376,608,3,7
LBX180LA,0.21424,608,3,7
LBX187LA,0.5904,608,3,7
LBX194LA,0.18848,608,3,7
LBXPCBLA,0.80256,608,3,7
LBXHXCLA,0.104,608,3,7
LBX118LA,0.31552,608,3,7
LBXD03LA,0.13216,608,3,7
LBXD05LA,0.11952,608,3,7
LBXD07LA,0.63824,608,3,7
LBXF03LA,0.1752,608,3,7
LBXF04LA,0.08944,608,3,7
LBXF05LA,0.07536,608,3,7
LBXF08LA,0.1288,608,3,7
LBX074LA,0.78752,609,2,7
LBX099LA,0.35264,609,2,7
LBX138LA,0.2496,609,2,7
LBX153LA,0.23456,609,2,7
LBX170LA,0.17552,609,2,7
LBX180LA,0.20464,609,2,7
LBX187LA,0.33696,609,2,7
LBX194LA,0.63824,609,2,7
LBXPCBLA,0.06832,609,2,7
LBXHXCLA,0.10544,609,2,7
LBX118LA,0.16016,609,2,7
LBXD03LA,0.1224,609,2,7
LBXD05LA,0.1672,609,2,7
LBXD07LA,0.1184,609,2,7
LBXF03LA,0.06384,609,2,7
LBXF04LA,0.80256,609,2,7
LBXF05LA,0.21136,609,2,7
LBXF08LA,0.06192,609,2,7
LBX074LA,0.55968,610,4,7
LBX099LA,0.22432,610,4,7
LBX138LA,0.19648,610,4,7
LBX153LA,0.17488,610,4,7
LBX170LA,0.29872,610,4,7
LBX180LA,0.2736,610,4,7
LBX187LA,0.75664,610,4,7
LBX194LA,0.48016,610,4,7
LBXPCBLA,0.11504,610,4,7
LBXHXCLA,0.20368,610,4,7
LBX118LA,0.13088,610,4,7
LBXD03LA,0.10944,610,4,7
LBXD05LA,0.53296,610,4,7
LBXD07LA,0.20672,610,4,7
LBXF03LA,0.11856,610,4,7
LBXF04LA,0.76576,610,4,7
LBXF05LA,0.54176,610,4,7
LBXF08LA,0.55728,610,4,7
LBX074LA,0.50864,611,1,7
LBX099LA,0.0784,611,1,7
LBX138LA,0.1064,611,1,7
LBX153LA,0.13392,611,1,7
LBX170LA,0.15344,611,1,7
LBX180LA,0.13344,611,1,7
LBX187LA,0.32768,611,1,7
LBX194LA,0.20848,611,1,7
LBXPCBLA,0.10368,611,1,7
LBXHXCLA,0.11088,611,1,7
LBX118LA,0.1152,611,1,7
LBXD03LA,0.0736,611,1,7
LBXD05LA,0.21056,611,1,7
LBXD07LA,0.08032,611,1,7
LBXF03LA,0.10352,611,1,7
LBXF04LA,0.89024,611,1,7
LBXF05LA,0.1184,611,1,7
LBXF08LA,0.04912,611,1,7
LBX074LA,0.20352,612,1,7
LBX099LA,0.10096,612,1,7
LBX138LA,0.35984,612,1,7
LBX153LA,0.14128,612,1,7
LBX170LA,0.10608,612,1,7
LBX180LA,0.09584,612,1,7
LBX187LA,0.10368,612,1,7
LBX194LA,0.07984,612,1,7
LBXPCBLA,0.06544,612,1,7
LBXHXCLA,0.06192,612,1,7
LBX118LA,0.09744,612,1,7
LBXD03LA,0.10112,612,1,7
LBXD05LA,0.90432,612,1,7
LBXD07LA,0.14928,612,1,7
LBXF03LA,0.09936,612,1,7
LBXF04LA,0.0664,612,1,7
LBXF05LA,0.06704,612,1,7
LBXF08LA,0.06592,612,1,7
LBX074LA,0.17792,613,4,7
LBX099LA,0.15616,613,4,7
LBX138LA,0.11808,613,4,7
LBX153LA,0.25616,613,4,7
LBX170LA,0.26848,613,4,7
LBX180LA,0.1392,613,4,7
LBX187LA,0.39744,613,4,7
LBX194LA,0.46768,613,4,7
LBXPCBLA,0.13488,613,4,7
LBXHXCLA,0.21552,613,4,7
LBX118LA,0.08144,613,4,7
LBXD03LA,0.67456,613,4,7
LBXD05LA,0.49536,613,4,7
LBXD07LA,0.096,613,4,7
LBXF03LA,0.22416,613,4,7
LBXF04LA,0.368,613,4,7
LBXF05LA,0.83744,613,4,7
LBXF08LA,0.03888,613,4,7
LBX074LA,0.1216,614,2,7
LBX099LA,0.13712,614,2,7
LBX138LA,0.14208,614,2,7
LBX153LA,0.1776,614,2,7
LBX170LA,0.76736,614,2,7
LBX180LA,0.25152,614,2,7
LBX187LA,0.14544,614,2,7
LBX194LA,0.15264,614,2,7
LBXPCBLA,0.92768,614,2,7
LBXHXCLA,0.5912,614,2,7
LBX118LA,0.17104,614,2,7
LBXD03LA,0.11632,614,2,7
LBXD05LA,0.58192,614,2,7
LBXD07LA,0.3824,614,2,7
LBXF03LA,0.06576,614,2,7
LBXF04LA,0.08288,614,2,7
LBXF05LA,0.07616,614,2,7
LBXF08LA,0.06864,614,2,7
LBX074LA,0.57744,615,2,7
LBX099LA,0.3384,615,2,7
LBX138LA,0.21616,615,2,7
LBX153LA,0.22064,615,2,7
LBX170LA,0.19072,615,2,7
LBX180LA,0.1592,615,2,7
LBX187LA,0.58528,615,2,7
LBX194LA,0.12672,615,2,7
LBXPCBLA,0.11936,615,2,7
LBXHXCLA,0.08304,615,2,7
LBX118LA,0.2456,615,2,7
LBXD03LA,0.11536,615,2,7
LBXD05LA,0.24352,615,2,7
LBXD07LA,0.07232,615,2,7
LBXF03LA,0.136,615,2,7
LBXF04LA,0.24144,615,2,7
LBXF05LA,0.86448,615,2,7
LBXF08LA,0.2968,615,2,7
LBX074LA,0.14128,616,2,7
LBX099LA,0.33232,616,2,7
LBX138LA,0.25936,616,2,7
LBX153LA,0.3528,616,2,7
LBX170LA,0.16016,616,2,7
LBX180LA,0.20944,616,2,7
LBX187LA,0.15472,616,2,7
LBX194LA,0.08064,616,2,7
LBXPCBLA,0.12256,616,2,7
LBXHXCLA,0.09904,616,2,7
LBX118LA,0.93312,616,2,7
LBXD03LA,0.06144,616,2,7
LBXD05LA,0.04544,616,2,7
LBXD07LA,0.03664,616,2,7
LBXF03LA,0.06736,616,2,7
LBXF04LA,0.12576,616,2,7
LBXF05LA,0.0648,616,2,7
LBXF08LA,0.0656,616,2,7
LBX074LA,0.28688,617,4,7
LBX099LA,0.06816,617,4,7
LBX138LA,0.04272,617,4,7
LBX153LA,0.05152,617,4,7
LBX170LA,0.05792,617,4,7
LBX180LA,0.0664,617,4,7
LBX187LA,0.05968,617,4,7
LBX194LA,0.17696,617,4,7
LBXPCBLA,0.30736,617,4,7
LBXHXCLA,0.27776,617,4,7
LBX118LA,0.07184,617,4,7
LBXD03LA,0.11776,617,4,7
LBXD05LA,0.03408,617,4,7
LBXD07LA,0.0392,617,4,7
LBXF03LA,0.15168,617,4,7
LBXF04LA,0.83696,617,4,7
LBXF05LA,0.07856,617,4,7
LBXF08LA,0.0312,617,4,7
LBX074LA,0.19312000000000001,618,3,7
LBX099LA,0.424,618,3,7
LBX138LA,0.14464,618,3,7
LBX153LA,0.08144,618,3,7
LBX170LA,0.07984,618,3,7
LBX180LA,0.14608,618,3,7
LBX187LA,0.46496,618,3,7
LBX194LA,0.70976,618,3,7
LBXPCBLA,0.04976,618,3,7
LBXHXCLA,0.23824,618,3,7
LBX118LA,0.17328,618,3,7
LBXD03LA,0.03776,618,3,7
LBXD05LA,0.86048,618,3,7
LBXD07LA,0.0352,618,3,7
LBXF03LA,0.04848,618,3,7
LBXF04LA,0.03072,618,3,7
LBXF05LA,0.03104,618,3,7
LBXF08LA,0.19056,618,3,7
LBX074LA,0.13296,619,1,7
LBX099LA,0.64192,619,1,7
LBX138LA,0.10288,619,1,7
LBX153LA,0.10112,619,1,7
LBX170LA,0.09872,619,1,7
LBX180LA,0.084,619,1,7
LBX187LA,0.14496,619,1,7
LBX194LA,0.0928,619,1,7
LBXPCBLA,0.06064,619,1,7
LBXHXCLA,0.09184,619,1,7
LBX118LA,0.20752,619,1,7
LBXD03LA,0.06464,619,1,7
LBXD05LA,0.22528,619,1,7
LBXD07LA,0.07312,619,1,7
LBXF03LA,0.08704,619,1,7
LBXF04LA,0.06128,619,1,7
LBXF05LA,0.05984,619,1,7
LBXF08LA,0.08768,619,1,7
LBX074LA,0.18464,620,4,7
LBX099LA,0.40592,620,4,7
LBX138LA,0.18992,620,4,7
LBX153LA,0.25168,620,4,7
LBX170LA,0.30336,620,4,7
LBX180LA,0.2088,620,4,7
LBX187LA,0.24176,620,4,7
LBX194LA,0.23584,620,4,7
LBXPCBLA,0.084,620,4,7
LBXHXCLA,0.69168,620,4,7
LBX118LA,0.34192,620,4,7
LBXD03LA,0.86912,620,4,7
LBXD05LA,0.11952,620,4,7
LBXD07LA,0.14544,620,4,7
LBXF03LA,0.04864,620,4,7
LBXF04LA,0.13216,620,4,7
LBXF05LA,0.084,620,4,7
LBXF08LA,0.05488,620,4,7
LBX074LA,0.45488,621,1,7
LBX099LA,0.19008,621,1,7
LBX138LA,0.3208,621,1,7
LBX153LA,0.26352,621,1,7
LBX170LA,0.26128,621,1,7
LBX180LA,0.26,621,1,7
LBX187LA,0.3488,621,1,7
LBX194LA,0.24336,621,1,7
LBXPCBLA,0.17024,621,1,7
LBXHXCLA,0.15936,621,1,7
LBX118LA,0.24816,621,1,7
LBXD03LA,0.28128,621,1,7
LBXD05LA,0.49456,621,1,7
LBXD07LA,0.17008,621,1,7
LBXF03LA,0.55328,621,1,7
LBXF04LA,0.61712,621,1,7
LBXF05LA,0.22832,621,1,7
LBXF08LA,0.136,621,1,7
LBX074LA,0.81408,622,2,7
LBX099LA,0.10944,622,2,7
LBX138LA,0.17328,622,2,7
LBX153LA,0.1864,622,2,7
LBX170LA,0.11344,622,2,7
LBX180LA,0.13344,622,2,7
LBX187LA,0.14144,622,2,7
LBX194LA,0.49648,622,2,7
LBXPCBLA,0.1504,622,2,7
LBXHXCLA,0.06016,622,2,7
LBX118LA,0.10736,622,2,7
LBXD03LA,0.0832,622,2,7
LBXD05LA,0.13056,622,2,7
LBXD07LA,0.13632,622,2,7
LBXF03LA,0.05328,622,2,7
LBXF04LA,0.15104,622,2,7
LBXF05LA,0.20416,622,2,7
LBXF08LA,0.05872,622,2,7
LBX074LA,0.17248,623,2,7
LBX099LA,0.12128,623,2,7
LBX138LA,0.12304,623,2,7
LBX153LA,0.14464,623,2,7
LBX170LA,0.16592,623,2,7
LBX180LA,0.1144,623,2,7
LBX187LA,0.32704,623,2,7
LBX194LA,0.21088,623,2,7
LBXPCBLA,0.53408,623,2,7
LBXHXCLA,0.09376,623,2,7
LBX118LA,0.13248,623,2,7
LBXD03LA,0.14144,623,2,7
LBXD05LA,0.06704,623,2,7
LBXD07LA,0.0608,623,2,7
LBXF03LA,0.09584,623,2,7
LBXF04LA,0.94864,623,2,7
LBXF05LA,0.25072,623,2,7
LBXF08LA,0.06,623,2,7
LBX074LA,0.17808,624,1,7
LBX099LA,0.12576,624,1,7
LBX138LA,0.19504,624,1,7
LBX153LA,0.16928,624,1,7
LBX170LA,0.44304,624,1,7
LBX180LA,0.19616,624,1,7
LBX187LA,0.22384,624,1,7
LBX194LA,0.20688,624,1,7
LBXPCBLA,0.08752,624,1,7
LBXHXCLA,0.13024,624,1,7
LBX118LA,0.38032,624,1,7
LBXD03LA,0.21296,624,1,7
LBXD05LA,0.64672,624,1,7
LBXD07LA,0.29504,624,1,7
LBXF03LA,0.09648,624,1,7
LBXF04LA,0.10128,624,1,7
LBXF05LA,0.1168,624,1,7
LBXF08LA,0.07328,624,1,7
LBX074LA,0.93344,625,1,7
LBX099LA,0.20432,625,1,7
LBX138LA,0.15744,625,1,7
LBX153LA,0.16848,625,1,7
LBX170LA,0.14336,625,1,7
LBX180LA,0.24096,625,1,7
LBX187LA,0.18208,625,1,7
LBX194LA,0.16336,625,1,7
LBXPCBLA,0.07264,625,1,7
LBXHXCLA,0.25984,625,1,7
LBX118LA,0.15088,625,1,7
LBXD03LA,0.12352,625,1,7
LBXD05LA,0.49968,625,1,7
LBXD07LA,0.21632,625,1,7
LBXF03LA,0.13024,625,1,7
LBXF04LA,0.0984,625,1,7
LBXF05LA,0.06912,625,1,7
LBXF08LA,0.45472,625,1,7
LBX074LA,0.52208,626,3,7
LBX099LA,0.31168,626,3,7
LBX138LA,0.27296,626,3,7
LBX153LA,0.21072,626,3,7
LBX170LA,0.17072,626,3,7
LBX180LA,0.21056,626,3,7
LBX187LA,0.31648,626,3,7
LBX194LA,0.28112,626,3,7
LBXPCBLA,0.14768,626,3,7
LBXHXCLA,0.27968,626,3,7
LBX118LA,0.31312,626,3,7
LBXD03LA,0.15856,626,3,7
LBXD05LA,0.10144,626,3,7
LBXD07LA,0.11136,626,3,7
LBXF03LA,0.16992,626,3,7
LBXF04LA,0.54064,626,3,7
LBXF05LA,0.53712,626,3,7
LBXF08LA,0.14384,626,3,7
LBX074LA,0.15936,627,1,7
LBX099LA,0.0952,627,1,7
LBX138LA,0.10032,627,1,7
LBX153LA,0.15744,627,1,7
LBX170LA,0.56864,627,1,7
LBX180LA,0.28656,627,1,7
LBX187LA,0.10064,627,1,7
LBX194LA,0.08224,627,1,7
LBXPCBLA,0.2344,627,1,7
LBXHXCLA,0.1728,627,1,7
LBX118LA,0.21312,627,1,7
LBXD03LA,0.06304,627,1,7
LBXD05LA,0.07936,627,1,7
LBXD07LA,0.16304,627,1,7
LBXF03LA,0.07488,627,1,7
LBXF04LA,0.04592,627,1,7
LBXF05LA,0.04864,627,1,7
LBXF08LA,0.04672,627,1,7
LBX074LA,0.1368,628,2,7
LBX099LA,0.0832,628,2,7
LBX138LA,0.30304,628,2,7
LBX153LA,0.27744,628,2,7
LBX170LA,0.3424,628,2,7
LBX180LA,0.16416,628,2,7
LBX187LA,0.20384,628,2,7
LBX194LA,0.21632,628,2,7
LBXPCBLA,0.124,628,2,7
LBXHXCLA,0.79328,628,2,7
LBX118LA,0.10464,628,2,7
LBXD03LA,0.44592,628,2,7
LBXD05LA,0.31856,628,2,7
LBXD07LA,0.0744,628,2,7
LBXF03LA,0.09104,628,2,7
LBXF04LA,0.96144,628,2,7
LBXF05LA,0.11296,628,2,7
LBXF08LA,0.21056,628,2,7
LBX074LA,0.13504,629,3,7
LBX099LA,0.4032,629,3,7
LBX138LA,0.20288,629,3,7
LBX153LA,0.144,629,3,7
LBX170LA,0.1752,629,3,7
LBX180LA,0.15584,629,3,7
LBX187LA,0.47232,629,3,7
LBX194LA,0.288,629,3,7
LBXPCBLA,0.67744,629,3,7
LBXHXCLA,0.19408,629,3,7
LBX118LA,0.23728,629,3,7
LBXD03LA,0.0984,629,3,7
LBXD05LA,0.20432,629,3,7
LBXD07LA,0.12144,629,3,7
LBXF03LA,0.11664,629,3,7
LBXF04LA,0.86048,629,3,7
LBXF05LA,0.24464,629,3,7
LBXF08LA,0.4136,629,3,7
LBX074LA,0.79984,630,2,7
LBX099LA,0.32544,630,2,7
LBX138LA,0.13776,630,2,7
LBX153LA,0.24176,630,2,7
LBX170LA,0.21056,630,2,7
LBX180LA,0.13248,630,2,7
LBX187LA,0.2168,630,2,7
LBX194LA,0.17504,630,2,7
LBXPCBLA,0.09536,630,2,7
LBXHXCLA,0.46336,630,2,7
LBX118LA,0.16144,630,2,7
LBXD03LA,0.08672,630,2,7
LBXD05LA,0.37456,630,2,7
LBXD07LA,0.80272,630,2,7
LBXF03LA,0.18992,630,2,7
LBXF04LA,0.1016,630,2,7
LBXF05LA,0.10832,630,2,7
LBXF08LA,0.14848,630,2,7
LBX074LA,0.71152,631,4,7
LBX099LA,0.18048,631,4,7
LBX138LA,0.16432,631,4,7
LBX153LA,0.27344,631,4,7
LBX170LA,0.16272,631,4,7
LBX180LA,0.11808,631,4,7
LBX187LA,0.20976,631,4,7
LBX194LA,0.87952,631,4,7
LBXPCBLA,0.16128,631,4,7
LBXHXCLA,0.10448,631,4,7
LBX118LA,0.21168,631,4,7
LBXD03LA,0.4872,631,4,7
LBXD05LA,0.86224,631,4,7
LBXD07LA,0.1216,631,4,7
LBXF03LA,0.11536,631,4,7
LBXF04LA,0.1664,631,4,7
LBXF05LA,0.08032,631,4,7
LBXF08LA,0.05248,631,4,7
LBX074LA,0.076,632,1,7
LBX099LA,0.07184,632,1,7
LBX138LA,0.11184,632,1,7
LBX153LA,0.10016,632,1,7
LBX170LA,0.16128,632,1,7
LBX180LA,0.1312,632,1,7
LBX187LA,0.10752,632,1,7
LBX194LA,0.0728,632,1,7
LBXPCBLA,0.05632,632,1,7
LBXHXCLA,0.844,632,1,7
LBX118LA,0.06832,632,1,7
LBXD03LA,0.06192,632,1,7
LBXD05LA,0.06656,632,1,7
LBXD07LA,0.07968,632,1,7
LBXF03LA,0.05008,632,1,7
LBXF04LA,0.04544,632,1,7
LBXF05LA,0.06368,632,1,7
LBXF08LA,0.05872,632,1,7
LBX074LA,0.2064,633,1,7
LBX099LA,0.12064,633,1,7
LBX138LA,0.39184,633,1,7
LBX153LA,0.24704,633,1,7
LBX170LA,0.21664,633,1,7
LBX180LA,0.40336,633,1,7
LBX187LA,0.21024,633,1,7
LBX194LA,0.13152,633,1,7
LBXPCBLA,0.12288,633,1,7
LBXHXCLA,0.11552,633,1,7
LBX118LA,0.13568,633,1,7
LBXD03LA,0.0936,633,1,7
LBXD05LA,0.0872,633,1,7
LBXD07LA,0.15168,633,1,7
LBXF03LA,0.08464,633,1,7
LBXF04LA,0.26912,633,1,7
LBXF05LA,0.52736,633,1,7
LBXF08LA,0.1928,633,1,7
LBX074LA,0.80512,634,2,7
LBX099LA,0.12048,634,2,7
LBX138LA,0.15344,634,2,7
LBX153LA,0.15136,634,2,7
LBX170LA,0.18912,634,2,7
LBX180LA,0.204,634,2,7
LBX187LA,0.1632,634,2,7
LBX194LA,0.40688,634,2,7
LBXPCBLA,0.13664,634,2,7
LBXHXCLA,0.13632,634,2,7
LBX118LA,0.2016,634,2,7
LBXD03LA,0.27696,634,2,7
LBXD05LA,0.09568,634,2,7
LBXD07LA,0.16944,634,2,7
LBXF03LA,0.10208,634,2,7
LBXF04LA,0.66448,634,2,7
LBXF05LA,0.15088,634,2,7
LBXF08LA,0.11984,634,2,7
LBX074LA,0.66512,635,1,7
LBX099LA,0.29424,635,1,7
LBX138LA,0.15856,635,1,7
LBX153LA,0.212,635,1,7
LBX170LA,0.21152,635,1,7
LBX180LA,0.22,635,1,7
LBX187LA,0.10496,635,1,7
LBX194LA,0.09632,635,1,7
LBXPCBLA,0.06128,635,1,7
LBXHXCLA,0.09088,635,1,7
LBX118LA,0.1256,635,1,7
LBXD03LA,0.67424,635,1,7
LBXD05LA,0.86704,635,1,7
LBXD07LA,0.08512,635,1,7
LBXF03LA,0.1224,635,1,7
LBXF04LA,0.10544,635,1,7
LBXF05LA,0.1504,635,1,7
LBXF08LA,0.05776,635,1,7
LBX074LA,0.3776,636,2,7
LBX099LA,0.0696,636,2,7
LBX138LA,0.11648,636,2,7
LBX153LA,0.13328,636,2,7
LBX170LA,0.18704,636,2,7
LBX180LA,0.13792,636,2,7
LBX187LA,0.128,636,2,7
LBX194LA,0.91776,636,2,7
LBXPCBLA,0.06016,636,2,7
LBXHXCLA,0.11904000000000001,636,2,7
LBX118LA,0.14848,636,2,7
LBXD03LA,0.17792,636,2,7
LBXD05LA,0.06704,636,2,7
LBXD07LA,0.04064,636,2,7
LBXF03LA,0.09024,636,2,7
LBXF04LA,0.36848,636,2,7
LBXF05LA,0.40992,636,2,7
LBXF08LA,0.12128,636,2,7
LBX074LA,0.6872,637,3,7
LBX099LA,0.26096,637,3,7
LBX138LA,0.21056,637,3,7
LBX153LA,0.1536,637,3,7
LBX170LA,0.46768,637,3,7
LBX180LA,0.19792,637,3,7
LBX187LA,0.64032,637,3,7
LBX194LA,0.264,637,3,7
LBXPCBLA,0.09744,637,3,7
LBXHXCLA,0.39776,637,3,7
LBX118LA,0.14256,637,3,7
LBXD03LA,0.1112,637,3,7
LBXD05LA,0.80512,637,3,7
LBXD07LA,0.32656,637,3,7
LBXF03LA,0.2208,637,3,7
LBXF04LA,0.37504,637,3,7
LBXF05LA,0.1944,637,3,7
LBXF08LA,0.82368,637,3,7
LBX074LA,0.60976,638,3,7
LBX099LA,0.2728,638,3,7
LBX138LA,0.40912,638,3,7
LBX153LA,0.44272,638,3,7
LBX170LA,0.45856,638,3,7
LBX180LA,0.27872,638,3,7
LBX187LA,0.19008,638,3,7
LBX194LA,0.816,638,3,7
LBXPCBLA,0.14656,638,3,7
LBXHXCLA,0.0968,638,3,7
LBX118LA,0.3864,638,3,7
LBXD03LA,0.21712,638,3,7
LBXD05LA,0.1768,638,3,7
LBXD07LA,0.15008,638,3,7
LBXF03LA,0.09056,638,3,7
LBXF04LA,0.94752,638,3,7
LBXF05LA,0.30928,638,3,7
LBXF08LA,0.58912,638,3,7
LBX074LA,0.40992,639,2,7
LBX099LA,0.44976,639,2,7
LBX138LA,0.19264,639,2,7
LBX153LA,0.15648,639,2,7
LBX170LA,0.33008,639,2,7
LBX180LA,0.1424,639,2,7
LBX187LA,0.176,639,2,7
LBX194LA,0.08608,639,2,7
LBXPCBLA,0.38624000000000003,639,2,7
LBXHXCLA,0.08848,639,2,7
LBX118LA,0.3568,639,2,7
LBXD03LA,0.1064,639,2,7
LBXD05LA,0.22,639,2,7
LBXD07LA,0.2432,639,2,7
LBXF03LA,0.11648,639,2,7
LBXF04LA,0.08128,639,2,7
LBXF05LA,0.13584,639,2,7
LBXF08LA,0.1312,639,2,7
LBX074LA,0.3464,640,1,7
LBX099LA,0.10512,640,1,7
LBX138LA,0.12224,640,1,7
LBX153LA,0.14864,640,1,7
LBX170LA,0.30736,640,1,7
LBX180LA,0.2848,640,1,7
LBX187LA,0.29392,640,1,7
LBX194LA,0.71744,640,1,7
LBXPCBLA,0.12304,640,1,7
LBXHXCLA,0.09936,640,1,7
LBX118LA,0.23168,640,1,7
LBXD03LA,0.19664,640,1,7
LBXD05LA,0.112,640,1,7
LBXD07LA,0.1352,640,1,7
LBXF03LA,0.08688,640,1,7
LBXF04LA,0.45728,640,1,7
LBXF05LA,0.2296,640,1,7
LBXF08LA,0.07696,640,1,7
LBX074LA,0.15024,641,2,7
LBX099LA,0.08288,641,2,7
LBX138LA,0.15056,641,2,7
LBX153LA,0.22432,641,2,7
LBX170LA,0.12032,641,2,7
LBX180LA,0.1296,641,2,7
LBX187LA,0.09648,641,2,7
LBX194LA,0.13472,641,2,7
LBXPCBLA,0.26032,641,2,7
LBXHXCLA,0.13456,641,2,7
LBX118LA,0.77792,641,2,7
LBXD03LA,0.13312,641,2,7
LBXD05LA,0.41072,641,2,7
LBXD07LA,0.11008,641,2,7
LBXF03LA,0.06272,641,2,7
LBXF04LA,0.84112,641,2,7
LBXF05LA,0.31968,641,2,7
LBXF08LA,0.8344,641,2,7
LBX074LA,0.14944,642,1,7
LBX099LA,0.54736,642,1,7
LBX138LA,0.09808,642,1,7
LBX153LA,0.13184,642,1,7
LBX170LA,0.20944,642,1,7
LBX180LA,0.11088,642,1,7
LBX187LA,0.47952,642,1,7
LBX194LA,0.15808,642,1,7
LBXPCBLA,0.104,642,1,7
LBXHXCLA,0.0952,642,1,7
LBX118LA,0.08576,642,1,7
LBXD03LA,0.07088,642,1,7
LBXD05LA,0.15472,642,1,7
LBXD07LA,0.16976,642,1,7
LBXF03LA,0.06656,642,1,7
LBXF04LA,0.28528,642,1,7
LBXF05LA,0.09136,642,1,7
LBXF08LA,0.08656,642,1,7
LBX074LA,0.09264,643,3,7
LBX099LA,0.22624,643,3,7
LBX138LA,0.33392,643,3,7
LBX153LA,0.16464,643,3,7
LBX170LA,0.70576,643,3,7
LBX180LA,0.17584,643,3,7
LBX187LA,0.15712,643,3,7
LBX194LA,0.28224,643,3,7
LBXPCBLA,0.10144,643,3,7
LBXHXCLA,0.16416,643,3,7
LBX118LA,0.76448,643,3,7
LBXD03LA,0.19712,643,3,7
LBXD05LA,0.17152,643,3,7
LBXD07LA,0.99008,643,3,7
LBXF03LA,0.07232,643,3,7
LBXF04LA,0.18288,643,3,7
LBXF05LA,0.09168,643,3,7
LBXF08LA,0.03952,643,3,7
LBX074LA,0.09552,644,1,7
LBX099LA,0.08928,644,1,7
LBX138LA,0.11136,644,1,7
LBX153LA,0.10528,644,1,7
LBX170LA,0.168,644,1,7
LBX180LA,0.24256,644,1,7
LBX187LA,0.1368,644,1,7
LBX194LA,0.64768,644,1,7
LBXPCBLA,0.18272,644,1,7
LBXHXCLA,0.10944,644,1,7
LBX118LA,0.22304,644,1,7
LBXD03LA,0.06464,644,1,7
LBXD05LA,0.06128,644,1,7
LBXD07LA,0.0584,644,1,7
LBXF03LA,0.09648,644,1,7
LBXF04LA,0.83792,644,1,7
LBXF05LA,0.15168,644,1,7
LBXF08LA,0.09648,644,1,7
LBX074LA,0.20256,645,1,7
LBX099LA,0.12272,645,1,7
LBX138LA,0.1544,645,1,7
LBX153LA,0.16352,645,1,7
LBX170LA,0.1448,645,1,7
LBX180LA,0.2272,645,1,7
LBX187LA,0.84192,645,1,7
LBX194LA,0.15904,645,1,7
LBXPCBLA,0.3448,645,1,7
LBXHXCLA,0.09936,645,1,7
LBX118LA,0.1528,645,1,7
LBXD03LA,0.11072,645,1,7
LBXD05LA,0.31952,645,1,7
LBXD07LA,0.2096,645,1,7
LBXF03LA,0.10256,645,1,7
LBXF04LA,0.09936,645,1,7
LBXF05LA,0.07968,645,1,7
LBXF08LA,0.1496,645,1,7
LBX074LA,0.27552,646,1,7
LBX099LA,0.31632,646,1,7
LBX138LA,0.20096,646,1,7
LBX153LA,0.40208,646,1,7
LBX170LA,0.52848,646,1,7
LBX180LA,0.2488,646,1,7
LBX187LA,0.2528,646,1,7
LBX194LA,0.70272,646,1,7
LBXPCBLA,0.12928,646,1,7
LBXHXCLA,0.296,646,1,7
LBX118LA,0.34048,646,1,7
LBXD03LA,0.15456,646,1,7
LBXD05LA,0.80176,646,1,7
LBXD07LA,0.13712,646,1,7
LBXF03LA,0.0904,646,1,7
LBXF04LA,0.28224,646,1,7
LBXF05LA,0.172,646,1,7
LBXF08LA,0.08784,646,1,7
LBX074LA,0.08752,647,4,7
LBX099LA,0.0808,647,4,7
LBX138LA,0.07216,647,4,7
LBX153LA,0.1152,647,4,7
LBX170LA,0.06176,647,4,7
LBX180LA,0.02848,647,4,7
LBX187LA,0.76192,647,4,7
LBX194LA,0.26448,647,4,7
LBXPCBLA,0.084,647,4,7
LBXHXCLA,0.072,647,4,7
LBX118LA,0.46864,647,4,7
LBXD03LA,0.05552,647,4,7
LBXD05LA,0.33312,647,4,7
LBXD07LA,0.1936,647,4,7
LBXF03LA,0.3968,647,4,7
LBXF04LA,0.15216,647,4,7
LBXF05LA,0.05984,647,4,7
LBXF08LA,0.10208,647,4,7
LBX074LA,0.11616,648,1,7
LBX099LA,0.10384,648,1,7
LBX138LA,0.1304,648,1,7
LBX153LA,0.16576,648,1,7
LBX170LA,0.22976,648,1,7
LBX180LA,0.17216,648,1,7
LBX187LA,0.10832,648,1,7
LBX194LA,0.17888,648,1,7
LBXPCBLA,0.15856,648,1,7
LBXHXCLA,0.8024,648,1,7
LBX118LA,0.08608,648,1,7
LBXD03LA,0.09504,648,1,7
LBXD05LA,0.06352,648,1,7
LBXD07LA,0.12336,648,1,7
LBXF03LA,0.06528,648,1,7
LBXF04LA,0.12016,648,1,7
LBXF05LA,0.08064,648,1,7
LBXF08LA,0.06832,648,1,7
LBX074LA,0.07952,649,2,7
LBX099LA,0.0736,649,2,7
LBX138LA,0.70752,649,2,7
LBX153LA,0.21408,649,2,7
LBX170LA,0.06096,649,2,7
LBX180LA,0.07216,649,2,7
LBX187LA,0.11408,649,2,7
LBX194LA,0.03728,649,2,7
LBXPCBLA,0.02256,649,2,7
LBXHXCLA,0.02896,649,2,7
LBX118LA,0.10048,649,2,7
LBXD03LA,0.04848,649,2,7
LBXD05LA,0.1216,649,2,7
LBXD07LA,0.09856,649,2,7
LBXF03LA,0.02368,649,2,7
LBXF04LA,0.41312,649,2,7
LBXF05LA,0.05536,649,2,7
LBXF08LA,0.09328,649,2,7
LBX074LA,0.72832,650,1,7
LBX099LA,0.19088,650,1,7
LBX138LA,0.20368,650,1,7
LBX153LA,0.18784,650,1,7
LBX170LA,0.12544,650,1,7
LBX180LA,0.10256,650,1,7
LBX187LA,0.10832,650,1,7
LBX194LA,0.1608,650,1,7
LBXPCBLA,0.05632,650,1,7
LBXHXCLA,0.09552,650,1,7
LBX118LA,0.2752,650,1,7
LBXD03LA,0.22272,650,1,7
LBXD05LA,0.16688,650,1,7
LBXD07LA,0.1464,650,1,7
LBXF03LA,0.1544,650,1,7
LBXF04LA,0.28048,650,1,7
LBXF05LA,0.14048,650,1,7
LBXF08LA,0.0776,650,1,7
LBX074LA,0.0552,651,3,7
LBX099LA,0.26144,651,3,7
LBX138LA,0.7352,651,3,7
LBX153LA,0.29008,651,3,7
LBX170LA,0.18784,651,3,7
LBX180LA,0.12288,651,3,7
LBX187LA,0.21312,651,3,7
LBX194LA,0.09904,651,3,7
LBXPCBLA,0.08256,651,3,7
LBXHXCLA,0.12208,651,3,7
LBX118LA,0.12032,651,3,7
LBXD03LA,0.07088,651,3,7
LBXD05LA,0.7904,651,3,7
LBXD07LA,0.07344,651,3,7
LBXF03LA,0.11376,651,3,7
LBXF04LA,0.06272,651,3,7
LBXF05LA,0.03088,651,3,7
LBXF08LA,0.06912,651,3,7
LBX074LA,0.20704,652,2,7
LBX099LA,0.14656,652,2,7
LBX138LA,0.17744,652,2,7
LBX153LA,0.18912,652,2,7
LBX170LA,0.38128,652,2,7
LBX180LA,0.83904,652,2,7
LBX187LA,0.84224,652,2,7
LBX194LA,0.37824,652,2,7
LBXPCBLA,0.10224,652,2,7
LBXHXCLA,0.27472,652,2,7
LBX118LA,0.10944,652,2,7
LBXD03LA,0.11664,652,2,7
LBXD05LA,0.08336,652,2,7
LBXD07LA,0.07632,652,2,7
LBXF03LA,0.35472,652,2,7
LBXF04LA,0.96416,652,2,7
LBXF05LA,0.21072,652,2,7
LBXF08LA,0.43248,652,2,7
LBX074LA,0.29392,653,2,7
LBX099LA,0.11568,653,2,7
LBX138LA,0.2216,653,2,7
LBX153LA,0.22176,653,2,7
LBX170LA,0.23936,653,2,7
LBX180LA,0.2128,653,2,7
LBX187LA,0.1608,653,2,7
LBX194LA,0.67024,653,2,7
LBXPCBLA,0.28128,653,2,7
LBXHXCLA,0.44976,653,2,7
LBX118LA,0.6952,653,2,7
LBXD03LA,0.16192,653,2,7
LBXD05LA,0.14608,653,2,7
LBXD07LA,0.0864,653,2,7
LBXF03LA,0.10592,653,2,7
LBXF04LA,0.3976,653,2,7
LBXF05LA,0.15696,653,2,7
LBXF08LA,0.35472,653,2,7
LBX074LA,0.2808,654,1,7
LBX099LA,0.1896,654,1,7
LBX138LA,0.2208,654,1,7
LBX153LA,0.24864,654,1,7
LBX170LA,0.248,654,1,7
LBX180LA,0.32624,654,1,7
LBX187LA,0.45152,654,1,7
LBX194LA,0.32496,654,1,7
LBXPCBLA,0.13968,654,1,7
LBXHXCLA,0.1496,654,1,7
LBX118LA,0.288,654,1,7
LBXD03LA,0.19248,654,1,7
LBXD05LA,0.22288,654,1,7
LBXD07LA,0.8456,654,1,7
LBXF03LA,0.09088,654,1,7
LBXF04LA,0.15056,654,1,7
LBXF05LA,0.80272,654,1,7
LBXF08LA,0.0752,654,1,7
LBX074LA,0.16416,655,1,7
LBX099LA,0.1,655,1,7
LBX138LA,0.28448,655,1,7
LBX153LA,0.26192,655,1,7
LBX170LA,0.13952,655,1,7
LBX180LA,0.15024,655,1,7
LBX187LA,0.1136,655,1,7
LBX194LA,0.10544,655,1,7
LBXPCBLA,0.15072,655,1,7
LBXHXCLA,0.15472,655,1,7
LBX118LA,0.11856,655,1,7
LBXD03LA,0.11952,655,1,7
LBXD05LA,0.10928,655,1,7
LBXD07LA,0.08128,655,1,7
LBXF03LA,0.37424,655,1,7
LBXF04LA,0.12,655,1,7
LBXF05LA,0.58992,655,1,7
LBXF08LA,0.07008,655,1,7
LBX074LA,0.8688,656,2,7
LBX099LA,0.08928,656,2,7
LBX138LA,0.25264,656,2,7
LBX153LA,0.18304,656,2,7
LBX170LA,0.15888,656,2,7
LBX180LA,0.45728,656,2,7
LBX187LA,0.21728,656,2,7
LBX194LA,0.11168,656,2,7
LBXPCBLA,0.11856,656,2,7
LBXHXCLA,0.15248,656,2,7
LBX118LA,0.20336,656,2,7
LBXD03LA,0.14304,656,2,7
LBXD05LA,0.07584,656,2,7
LBXD07LA,0.05792,656,2,7
LBXF03LA,0.09568,656,2,7
LBXF04LA,0.95696,656,2,7
LBXF05LA,0.17584,656,2,7
LBXF08LA,0.06544,656,2,7
LBX074LA,0.30304,657,4,7
LBX099LA,0.33072,657,4,7
LBX138LA,0.10352,657,4,7
LBX153LA,0.12288,657,4,7
LBX170LA,0.15824,657,4,7
LBX180LA,0.096,657,4,7
LBX187LA,0.20368,657,4,7
LBX194LA,0.39552,657,4,7
LBXPCBLA,0.98496,657,4,7
LBXHXCLA,0.8632,657,4,7
LBX118LA,0.48864,657,4,7
LBXD03LA,0.27152,657,4,7
LBXD05LA,0.46176,657,4,7
LBXD07LA,0.09952,657,4,7
LBXF03LA,0.10096,657,4,7
LBXF04LA,0.29088,657,4,7
LBXF05LA,0.19296,657,4,7
LBXF08LA,0.09552,657,4,7
LBX074LA,0.94176,658,3,7
LBX099LA,0.10208,658,3,7
LBX138LA,0.14128,658,3,7
LBX153LA,0.08464,658,3,7
LBX170LA,0.11488,658,3,7
LBX180LA,0.19904,658,3,7
LBX187LA,0.12992,658,3,7
LBX194LA,0.09568,658,3,7
LBXPCBLA,0.18832,658,3,7
LBXHXCLA,0.08144,658,3,7
LBX118LA,0.47552,658,3,7
LBXD03LA,0.1672,658,3,7
LBXD05LA,0.52128,658,3,7
LBXD07LA,0.24864,658,3,7
LBXF03LA,0.30032,658,3,7
LBXF04LA,0.08352,658,3,7
LBXF05LA,0.0792,658,3,7
LBXF08LA,0.0848,658,3,7
LBX074LA,0.22416,659,2,7
LBX099LA,0.09584,659,2,7
LBX138LA,0.12848,659,2,7
LBX153LA,0.1776,659,2,7
LBX170LA,0.13664,659,2,7
LBX180LA,0.13296,659,2,7
LBX187LA,0.1288,659,2,7
LBX194LA,0.15488,659,2,7
LBXPCBLA,0.35184,659,2,7
LBXHXCLA,0.1616,659,2,7
LBX118LA,0.22176,659,2,7
LBXD03LA,0.1768,659,2,7
LBXD05LA,0.21616,659,2,7
LBXD07LA,0.14128,659,2,7
LBXF03LA,0.83696,659,2,7
LBXF04LA,0.92272,659,2,7
LBXF05LA,0.10016,659,2,7
LBXF08LA,0.07728,659,2,7
LBX074LA,0.1968,660,2,7
LBX099LA,0.2216,660,2,7
LBX138LA,0.2,660,2,7
LBX153LA,0.2568,660,2,7
LBX170LA,0.23872,660,2,7
LBX180LA,0.17248,660,2,7
LBX187LA,0.72016,660,2,7
LBX194LA,0.22048,660,2,7
LBXPCBLA,0.17376,660,2,7
LBXHXCLA,0.12992,660,2,7
LBX118LA,0.12576,660,2,7
LBXD03LA,0.33136,660,2,7
LBXD05LA,0.0848,660,2,7
LBXD07LA,0.09088,660,2,7
LBXF03LA,0.07984,660,2,7
LBXF04LA,0.39664,660,2,7
LBXF05LA,0.32208,660,2,7
LBXF08LA,0.28512,660,2,7
LBX074LA,0.288,661,1,7
LBX099LA,0.1264,661,1,7
LBX138LA,0.23696,661,1,7
LBX153LA,0.15504,661,1,7
LBX170LA,0.14624,661,1,7
LBX180LA,0.1328,661,1,7
LBX187LA,0.63136,661,1,7
LBX194LA,0.2576,661,1,7
LBXPCBLA,0.33184,661,1,7
LBXHXCLA,0.12064,661,1,7
LBX118LA,0.13312,661,1,7
LBXD03LA,0.11248,661,1,7
LBXD05LA,0.21312,661,1,7
LBXD07LA,0.20704,661,1,7
LBXF03LA,0.10672,661,1,7
LBXF04LA,0.10112,661,1,7
LBXF05LA,0.07888,661,1,7
LBXF08LA,0.34464,661,1,7
LBX074LA,0.61952,662,1,7
LBX099LA,0.14144,662,1,7
LBX138LA,0.39792,662,1,7
LBX153LA,0.20864,662,1,7
LBX170LA,0.26256,662,1,7
LBX180LA,0.16368,662,1,7
LBX187LA,0.15168,662,1,7
LBX194LA,0.1832,662,1,7
LBXPCBLA,0.0832,662,1,7
LBXHXCLA,0.10416,662,1,7
LBX118LA,0.93136,662,1,7
LBXD03LA,0.09872,662,1,7
LBXD05LA,0.34688,662,1,7
LBXD07LA,0.14928,662,1,7
LBXF03LA,0.09104,662,1,7
LBXF04LA,0.19792,662,1,7
LBXF05LA,0.10416,662,1,7
LBXF08LA,0.08768,662,1,7
LBX074LA,0.10752,663,1,7
LBX099LA,0.07632,663,1,7
LBX138LA,0.11136,663,1,7
LBX153LA,0.09168,663,1,7
LBX170LA,0.12576,663,1,7
LBX180LA,0.1168,663,1,7
LBX187LA,0.23424,663,1,7
LBX194LA,0.25376,663,1,7
LBXPCBLA,0.1256,663,1,7
LBXHXCLA,0.06704,663,1,7
LBX118LA,0.09952,663,1,7
LBXD03LA,0.0736,663,1,7
LBXD05LA,0.90432,663,1,7
LBXD07LA,0.10176,663,1,7
LBXF03LA,0.04496,663,1,7
LBXF04LA,0.11456,663,1,7
LBXF05LA,0.07776,663,1,7
LBXF08LA,0.05088,663,1,7
LBX074LA,0.14512,664,2,7
LBX099LA,0.1848,664,2,7
LBX138LA,0.50368,664,2,7
LBX153LA,0.35504,664,2,7
LBX170LA,0.352,664,2,7
LBX180LA,0.37632,664,2,7
LBX187LA,0.2504,664,2,7
LBX194LA,0.2752,664,2,7
LBXPCBLA,0.94784,664,2,7
LBXHXCLA,0.16288,664,2,7
LBX118LA,0.37168,664,2,7
LBXD03LA,0.16464,664,2,7
LBXD05LA,0.82832,664,2,7
LBXD07LA,0.18528,664,2,7
LBXF03LA,0.07936,664,2,7
LBXF04LA,0.27488,664,2,7
LBXF05LA,0.10464,664,2,7
LBXF08LA,0.08592,664,2,7
LBX074LA,0.08896,665,4,7
LBX099LA,0.10592,665,4,7
LBX138LA,0.49168,665,4,7
LBX153LA,0.46048,665,4,7
LBX170LA,0.40576,665,4,7
LBX180LA,0.54576,665,4,7
LBX187LA,0.2128,665,4,7
LBX194LA,0.16624,665,4,7
LBXPCBLA,0.14544,665,4,7
LBXHXCLA,0.10992,665,4,7
LBX118LA,0.11136,665,4,7
LBXD03LA,0.7008,665,4,7
LBXD05LA,0.5304,665,4,7
LBXD07LA,0.18592,665,4,7
LBXF03LA,0.14288,665,4,7
LBXF04LA,0.12992,665,4,7
LBXF05LA,0.06256,665,4,7
LBXF08LA,0.02048,665,4,7
LBX074LA,0.18432,666,2,7
LBX099LA,0.46176,666,2,7
LBX138LA,0.13712,666,2,7
LBX153LA,0.14272,666,2,7
LBX170LA,0.244,666,2,7
LBX180LA,0.1304,666,2,7
LBX187LA,0.24432,666,2,7
LBX194LA,0.19168,666,2,7
LBXPCBLA,0.09904,666,2,7
LBXHXCLA,0.11264,666,2,7
LBX118LA,0.36736,666,2,7
LBXD03LA,0.23824,666,2,7
LBXD05LA,0.78224,666,2,7
LBXD07LA,0.11936,666,2,7
LBXF03LA,0.13424,666,2,7
LBXF04LA,0.79248,666,2,7
LBXF05LA,0.32752,666,2,7
LBXF08LA,0.47312,666,2,7
LBX074LA,0.0952,667,4,7
LBX099LA,0.04912,667,4,7
LBX138LA,0.27328,667,4,7
LBX153LA,0.15152,667,4,7
LBX170LA,0.17408,667,4,7
LBX180LA,0.13552,667,4,7
LBX187LA,0.19136,667,4,7
LBX194LA,0.88752,667,4,7
LBXPCBLA,0.02256,667,4,7
LBXHXCLA,0.65744,667,4,7
LBX118LA,0.052,667,4,7
LBXD03LA,0.22224,667,4,7
LBXD05LA,0.13456,667,4,7
LBXD07LA,0.07904,667,4,7
LBXF03LA,0.11936,667,4,7
LBXF04LA,0.68448,667,4,7
LBXF05LA,0.11808,667,4,7
LBXF08LA,0.12432,667,4,7
LBX074LA,0.27488,668,2,7
LBX099LA,0.0992,668,2,7
LBX138LA,0.10928,668,2,7
LBX153LA,0.08592,668,2,7
LBX170LA,0.10976,668,2,7
LBX180LA,0.10064,668,2,7
LBX187LA,0.15248,668,2,7
LBX194LA,0.54688,668,2,7
LBXPCBLA,0.69248,668,2,7
LBXHXCLA,0.05792,668,2,7
LBX118LA,0.82864,668,2,7
LBXD03LA,0.28064,668,2,7
LBXD05LA,0.15968,668,2,7
LBXD07LA,0.42272,668,2,7
LBXF03LA,0.07312,668,2,7
LBXF04LA,0.2768,668,2,7
LBXF05LA,0.0688,668,2,7
LBXF08LA,0.05792,668,2,7
LBX074LA,0.16016,669,1,7
LBX099LA,0.14384,669,1,7
LBX138LA,0.132,669,1,7
LBX153LA,0.096,669,1,7
LBX170LA,0.11328,669,1,7
LBX180LA,0.08576,669,1,7
LBX187LA,0.14384,669,1,7
LBX194LA,0.188,669,1,7
LBXPCBLA,0.10016,669,1,7
LBXHXCLA,0.27232,669,1,7
LBX118LA,0.19056,669,1,7
LBXD03LA,0.15088,669,1,7
LBXD05LA,0.53744,669,1,7
LBXD07LA,0.38096,669,1,7
LBXF03LA,0.11824,669,1,7
LBXF04LA,0.34992,669,1,7
LBXF05LA,0.0648,669,1,7
LBXF08LA,0.0736,669,1,7
LBX074LA,0.63392,670,4,7
LBX099LA,0.59584,670,4,7
LBX138LA,0.10944,670,4,7
LBX153LA,0.35296,670,4,7
LBX170LA,0.33232,670,4,7
LBX180LA,0.20704,670,4,7
LBX187LA,0.11744,670,4,7
LBX194LA,0.62416,670,4,7
LBXPCBLA,0.04288,670,4,7
LBXHXCLA,0.26448,670,4,7
LBX118LA,0.24896,670,4,7
LBXD03LA,0.0816,670,4,7
LBXD05LA,0.3112,670,4,7
LBXD07LA,0.07984,670,4,7
LBXF03LA,0.06496,670,4,7
LBXF04LA,0.17136,670,4,7
LBXF05LA,0.0408,670,4,7
LBXF08LA,0.084,670,4,7
LBX074LA,0.17936,671,1,7
LBX099LA,0.2496,671,1,7
LBX138LA,0.21296,671,1,7
LBX153LA,0.24848,671,1,7
LBX170LA,0.20992,671,1,7
LBX180LA,0.21424,671,1,7
LBX187LA,0.22688,671,1,7
LBX194LA,0.82064,671,1,7
LBXPCBLA,0.99232,671,1,7
LBXHXCLA,0.15664,671,1,7
LBX118LA,0.50224,671,1,7
LBXD03LA,0.10368,671,1,7
LBXD05LA,0.1528,671,1,7
LBXD07LA,0.09376,671,1,7
LBXF03LA,0.2112,671,1,7
LBXF04LA,0.54912,671,1,7
LBXF05LA,0.08672,671,1,7
LBXF08LA,0.08336,671,1,7
LBX074LA,0.16688,672,1,7
LBX099LA,0.1112,672,1,7
LBX138LA,0.09632,672,1,7
LBX153LA,0.15024,672,1,7
LBX170LA,0.6632,672,1,7
LBX180LA,0.15392,672,1,7
LBX187LA,0.0904,672,1,7
LBX194LA,0.08864,672,1,7
LBXPCBLA,0.13056,672,1,7
LBXHXCLA,0.29632,672,1,7
LBX118LA,0.18768,672,1,7
LBXD03LA,0.09056,672,1,7
LBXD05LA,0.14496,672,1,7
LBXD07LA,0.5472,672,1,7
LBXF03LA,0.39552,672,1,7
LBXF04LA,0.08016,672,1,7
LBXF05LA,0.0648,672,1,7
LBXF08LA,0.05504,672,1,7
LBX074LA,0.28288,673,1,7
LBX099LA,0.09728,673,1,7
LBX138LA,0.12512,673,1,7
LBX153LA,0.12048,673,1,7
LBX170LA,0.13376,673,1,7
LBX180LA,0.13664,673,1,7
LBX187LA,0.55872,673,1,7
LBX194LA,0.37136,673,1,7
LBXPCBLA,0.1088,673,1,7
LBXHXCLA,0.09216,673,1,7
LBX118LA,0.09856,673,1,7
LBXD03LA,0.10016,673,1,7
LBXD05LA,0.36896,673,1,7
LBXD07LA,0.3824,673,1,7
LBXF03LA,0.21792,673,1,7
LBXF04LA,0.08112,673,1,7
LBXF05LA,0.1144,673,1,7
LBXF08LA,0.0896,673,1,7
LBX074LA,0.61712,674,1,7
LBX099LA,0.176,674,1,7
LBX138LA,0.15936,674,1,7
LBX153LA,0.22096,674,1,7
LBX170LA,0.19008,674,1,7
LBX180LA,0.18384,674,1,7
LBX187LA,0.15168,674,1,7
LBX194LA,0.3768,674,1,7
LBXPCBLA,0.0688,674,1,7
LBXHXCLA,0.10384,674,1,7
LBX118LA,0.1472,674,1,7
LBXD03LA,0.08896,674,1,7
LBXD05LA,0.17824,674,1,7
LBXD07LA,0.092,674,1,7
LBXF03LA,0.20224,674,1,7
LBXF04LA,0.10192,674,1,7
LBXF05LA,0.09152,674,1,7
LBXF08LA,0.068,674,1,7
LBX074LA,0.3168,675,3,7
LBX099LA,0.14384,675,3,7
LBX138LA,0.17408,675,3,7
LBX153LA,0.41408,675,3,7
LBX170LA,0.2312,675,3,7
LBX180LA,0.16144,675,3,7
LBX187LA,0.17056,675,3,7
LBX194LA,0.84704,675,3,7
LBXPCBLA,0.12944,675,3,7
LBXHXCLA,0.2496,675,3,7
LBX118LA,0.8344,675,3,7
LBXD03LA,0.05728,675,3,7
LBXD05LA,0.07456,675,3,7
LBXD07LA,0.05712,675,3,7
LBXF03LA,0.13904,675,3,7
LBXF04LA,0.12576,675,3,7
LBXF05LA,0.08688,675,3,7
LBXF08LA,0.04272,675,3,7
LBX074LA,0.1056,676,1,7
LBX099LA,0.12848,676,1,7
LBX138LA,0.12576,676,1,7
LBX153LA,0.1456,676,1,7
LBX170LA,0.34672,676,1,7
LBX180LA,0.15008,676,1,7
LBX187LA,0.26608,676,1,7
LBX194LA,0.37184,676,1,7
LBXPCBLA,0.1048,676,1,7
LBXHXCLA,0.10048,676,1,7
LBX118LA,0.08752,676,1,7
LBXD03LA,0.71344,676,1,7
LBXD05LA,0.20864,676,1,7
LBXD07LA,0.08256,676,1,7
LBXF03LA,0.14496,676,1,7
LBXF04LA,0.19904,676,1,7
LBXF05LA,0.1376,676,1,7
LBXF08LA,0.34384,676,1,7
LBX074LA,0.9704,677,4,7
LBX099LA,0.04496,677,4,7
LBX138LA,0.04144,677,4,7
LBX153LA,0.04048,677,4,7
LBX170LA,0.08512,677,4,7
LBX180LA,0.05232,677,4,7
LBX187LA,0.05536,677,4,7
LBX194LA,0.71232,677,4,7
LBXPCBLA,0.04928,677,4,7
LBXHXCLA,0.05024,677,4,7
LBX118LA,0.15136,677,4,7
LBXD03LA,0.02832,677,4,7
LBXD05LA,0.04912,677,4,7
LBXD07LA,0.05088,677,4,7
LBXF03LA,0.0496,677,4,7
LBXF04LA,0.04608,677,4,7
LBXF05LA,0.12832,677,4,7
LBXF08LA,0.01888,677,4,7
LBX074LA,0.9216,678,2,7
LBX099LA,0.16208,678,2,7
LBX138LA,0.27248,678,2,7
LBX153LA,0.50704,678,2,7
LBX170LA,0.67008,678,2,7
LBX180LA,0.3232,678,2,7
LBX187LA,0.41072,678,2,7
LBX194LA,0.63248,678,2,7
LBXPCBLA,0.28656,678,2,7
LBXHXCLA,0.12096,678,2,7
LBX118LA,0.27696,678,2,7
LBXD03LA,0.11936,678,2,7
LBXD05LA,0.0832,678,2,7
LBXD07LA,0.11424,678,2,7
LBXF03LA,0.17312,678,2,7
LBXF04LA,0.09568,678,2,7
LBXF05LA,0.13472,678,2,7
LBXF08LA,0.13952,678,2,7
LBX074LA,0.35808,679,1,7
LBX099LA,0.1296,679,1,7
LBX138LA,0.17184,679,1,7
LBX153LA,0.26448,679,1,7
LBX170LA,0.416,679,1,7
LBX180LA,0.28736,679,1,7
LBX187LA,0.16128,679,1,7
LBX194LA,0.21824,679,1,7
LBXPCBLA,0.26256,679,1,7
LBXHXCLA,0.12528,679,1,7
LBX118LA,0.144,679,1,7
LBXD03LA,0.21728,679,1,7
LBXD05LA,0.80224,679,1,7
LBXD07LA,0.17072,679,1,7
LBXF03LA,0.10032,679,1,7
LBXF04LA,0.15424,679,1,7
LBXF05LA,0.19264,679,1,7
LBXF08LA,0.07728,679,1,7
LBX074LA,0.11728,680,1,7
LBX099LA,0.09344,680,1,7
LBX138LA,0.4592,680,1,7
LBX153LA,0.21136,680,1,7
LBX170LA,0.21328,680,1,7
LBX180LA,0.29888,680,1,7
LBX187LA,0.2608,680,1,7
LBX194LA,0.8272,680,1,7
LBXPCBLA,0.08096,680,1,7
LBXHXCLA,0.1184,680,1,7
LBX118LA,0.80032,680,1,7
LBXD03LA,0.22144,680,1,7
LBXD05LA,0.23344,680,1,7
LBXD07LA,0.10352,680,1,7
LBXF03LA,0.12784,680,1,7
LBXF04LA,0.0832,680,1,7
LBXF05LA,0.07312,680,1,7
LBXF08LA,0.0432,680,1,7
LBX074LA,0.08736,681,1,7
LBX099LA,0.08384,681,1,7
LBX138LA,0.18864,681,1,7
LBX153LA,0.1984,681,1,7
LBX170LA,0.18608,681,1,7
LBX180LA,0.4664,681,1,7
LBX187LA,0.13296,681,1,7
LBX194LA,0.09696,681,1,7
LBXPCBLA,0.076,681,1,7
LBXHXCLA,0.09072,681,1,7
LBX118LA,0.11312,681,1,7
LBXD03LA,0.0904,681,1,7
LBXD05LA,0.09312,681,1,7
LBXD07LA,0.06048,681,1,7
LBXF03LA,0.05744,681,1,7
LBXF04LA,0.848,681,1,7
LBXF05LA,0.10624,681,1,7
LBXF08LA,0.1344,681,1,7
LBX074LA,0.19424,682,4,7
LBX099LA,0.1368,682,4,7
LBX138LA,0.12048,682,4,7
LBX153LA,0.09856,682,4,7
LBX170LA,0.18176,682,4,7
LBX180LA,0.1472,682,4,7
LBX187LA,0.10752,682,4,7
LBX194LA,0.17856,682,4,7
LBXPCBLA,0.99184,682,4,7
LBXHXCLA,0.10064,682,4,7
LBX118LA,0.17184,682,4,7
LBXD03LA,0.35136,682,4,7
LBXD05LA,0.21024,682,4,7
LBXD07LA,0.10864,682,4,7
LBXF03LA,0.14848,682,4,7
LBXF04LA,0.1048,682,4,7
LBXF05LA,0.08608,682,4,7
LBXF08LA,0.06736,682,4,7
LBX074LA,0.14272,683,1,7
LBX099LA,0.19728,683,1,7
LBX138LA,0.24384,683,1,7
LBX153LA,0.40464,683,1,7
LBX170LA,0.29168,683,1,7
LBX180LA,0.27024,683,1,7
LBX187LA,0.21936,683,1,7
LBX194LA,0.67744,683,1,7
LBXPCBLA,0.11712,683,1,7
LBXHXCLA,0.14928,683,1,7
LBX118LA,0.16608,683,1,7
LBXD03LA,0.15248,683,1,7
LBXD05LA,0.68912,683,1,7
LBXD07LA,0.19376,683,1,7
LBXF03LA,0.08192,683,1,7
LBXF04LA,0.47072,683,1,7
LBXF05LA,0.29984,683,1,7
LBXF08LA,0.08832,683,1,7
LBX074LA,0.48672,684,3,7
LBX099LA,0.05728,684,3,7
LBX138LA,0.14512,684,3,7
LBX153LA,0.11712,684,3,7
LBX170LA,0.4304,684,3,7
LBX180LA,0.10544,684,3,7
LBX187LA,0.44,684,3,7
LBX194LA,0.14352,684,3,7
LBXPCBLA,0.05936,684,3,7
LBXHXCLA,0.6232,684,3,7
LBX118LA,0.14304,684,3,7
LBXD03LA,0.1736,684,3,7
LBXD05LA,0.11552,684,3,7
LBXD07LA,0.172,684,3,7
LBXF03LA,0.03392,684,3,7
LBXF04LA,0.17968,684,3,7
LBXF05LA,0.08,684,3,7
LBXF08LA,0.224,684,3,7
LBX074LA,0.13632,685,2,7
LBX099LA,0.42528,685,2,7
LBX138LA,0.27376,685,2,7
LBX153LA,0.22944,685,2,7
LBX170LA,0.33376,685,2,7
LBX180LA,0.16176,685,2,7
LBX187LA,0.24848,685,2,7
LBX194LA,0.23664,685,2,7
LBXPCBLA,0.12688,685,2,7
LBXHXCLA,0.17264,685,2,7
LBX118LA,0.29568,685,2,7
LBXD03LA,0.49664,685,2,7
LBXD05LA,0.08224,685,2,7
LBXD07LA,0.34064,685,2,7
LBXF03LA,0.084,685,2,7
LBXF04LA,0.95152,685,2,7
LBXF05LA,0.20016,685,2,7
LBXF08LA,0.99952,685,2,7
LBX074LA,0.22448,686,1,7
LBX099LA,0.26432,686,1,7
LBX138LA,0.12064,686,1,7
LBX153LA,0.1376,686,1,7
LBX170LA,0.13168,686,1,7
LBX180LA,0.1608,686,1,7
LBX187LA,0.11616,686,1,7
LBX194LA,0.10064,686,1,7
LBXPCBLA,0.25904,686,1,7
LBXHXCLA,0.12416,686,1,7
LBX118LA,0.3376,686,1,7
LBXD03LA,0.74592,686,1,7
LBXD05LA,0.50816,686,1,7
LBXD07LA,0.08448,686,1,7
LBXF03LA,0.1328,686,1,7
LBXF04LA,0.07888,686,1,7
LBXF05LA,0.07312,686,1,7
LBXF08LA,0.0552,686,1,7
LBX074LA,0.7584,687,1,7
LBX099LA,0.16784,687,1,7
LBX138LA,0.16112,687,1,7
LBX153LA,0.16368,687,1,7
LBX170LA,0.1568,687,1,7
LBX180LA,0.12976,687,1,7
LBX187LA,0.12096,687,1,7
LBX194LA,0.23664,687,1,7
LBXPCBLA,0.26096,687,1,7
LBXHXCLA,0.09872,687,1,7
LBX118LA,0.23232,687,1,7
LBXD03LA,0.1288,687,1,7
LBXD05LA,0.82064,687,1,7
LBXD07LA,0.25216,687,1,7
LBXF03LA,0.12896,687,1,7
LBXF04LA,0.10832,687,1,7
LBXF05LA,0.0896,687,1,7
LBXF08LA,0.06112,687,1,7
LBX074LA,0.09904,688,1,7
LBX099LA,0.08368,688,1,7
LBX138LA,0.14544,688,1,7
LBX153LA,0.14224,688,1,7
LBX170LA,0.39264,688,1,7
LBX180LA,0.1384,688,1,7
LBX187LA,0.15072,688,1,7
LBX194LA,0.20848,688,1,7
LBXPCBLA,0.1488,688,1,7
LBXHXCLA,0.1136,688,1,7
LBX118LA,0.1816,688,1,7
LBXD03LA,0.13152,688,1,7
LBXD05LA,0.42912,688,1,7
LBXD07LA,0.13344,688,1,7
LBXF03LA,0.08992,688,1,7
LBXF04LA,0.13984,688,1,7
LBXF05LA,0.0784,688,1,7
LBXF08LA,0.06528,688,1,7
LBX074LA,0.17024,689,2,7
LBX099LA,0.184,689,2,7
LBX138LA,0.14672,689,2,7
LBX153LA,0.22,689,2,7
LBX170LA,0.188,689,2,7
LBX180LA,0.48576,689,2,7
LBX187LA,0.17808,689,2,7
LBX194LA,0.28064,689,2,7
LBXPCBLA,0.12576,689,2,7
LBXHXCLA,0.14768,689,2,7
LBX118LA,0.86592,689,2,7
LBXD03LA,0.23568,689,2,7
LBXD05LA,0.40208,689,2,7
LBXD07LA,0.53968,689,2,7
LBXF03LA,0.1656,689,2,7
LBXF04LA,0.2472,689,2,7
LBXF05LA,0.12688,689,2,7
LBXF08LA,0.06368,689,2,7
LBX074LA,0.05248,690,2,7
LBX099LA,0.58992,690,2,7
LBX138LA,0.10288,690,2,7
LBX153LA,0.08512,690,2,7
LBX170LA,0.14224,690,2,7
LBX180LA,0.15344,690,2,7
LBX187LA,0.12928,690,2,7
LBX194LA,0.04944,690,2,7
LBXPCBLA,0.02752,690,2,7
LBXHXCLA,0.33888,690,2,7
LBX118LA,0.15344,690,2,7
LBXD03LA,0.0624,690,2,7
LBXD05LA,0.03808,690,2,7
LBXD07LA,0.04416,690,2,7
LBXF03LA,0.07136,690,2,7
LBXF04LA,0.11456,690,2,7
LBXF05LA,0.36112,690,2,7
LBXF08LA,0.65536,690,2,7
LBX074LA,0.10752,691,1,7
LBX099LA,0.10592,691,1,7
LBX138LA,0.15056,691,1,7
LBX153LA,0.13296,691,1,7
LBX170LA,0.16672,691,1,7
LBX180LA,0.15264,691,1,7
LBX187LA,0.18752,691,1,7
LBX194LA,0.16256,691,1,7
LBXPCBLA,0.52064,691,1,7
LBXHXCLA,0.21232,691,1,7
LBX118LA,0.116,691,1,7
LBXD03LA,0.1952,691,1,7
LBXD05LA,0.25776,691,1,7
LBXD07LA,0.10384,691,1,7
LBXF03LA,0.13024,691,1,7
LBXF04LA,0.20272,691,1,7
LBXF05LA,0.6216,691,1,7
LBXF08LA,0.11104,691,1,7
LBX074LA,0.89552,692,2,7
LBX099LA,0.24064,692,2,7
LBX138LA,0.25648,692,2,7
LBX153LA,0.23472,692,2,7
LBX170LA,0.36848,692,2,7
LBX180LA,0.28528,692,2,7
LBX187LA,0.39392,692,2,7
LBX194LA,0.832,692,2,7
LBXPCBLA,0.1072,692,2,7
LBXHXCLA,0.26944,692,2,7
LBX118LA,0.19936,692,2,7
LBXD03LA,0.2464,692,2,7
LBXD05LA,0.6904,692,2,7
LBXD07LA,0.29264,692,2,7
LBXF03LA,0.3008,692,2,7
LBXF04LA,0.34064,692,2,7
LBXF05LA,0.26176,692,2,7
LBXF08LA,0.18752,692,2,7
LBX074LA,0.13936,693,2,7
LBX099LA,0.1312,693,2,7
LBX138LA,0.09776,693,2,7
LBX153LA,0.1104,693,2,7
LBX170LA,0.21024,693,2,7
LBX180LA,0.0776,693,2,7
LBX187LA,0.19792,693,2,7
LBX194LA,0.2112,693,2,7
LBXPCBLA,0.04944,693,2,7
LBXHXCLA,0.07728,693,2,7
LBX118LA,0.7344,693,2,7
LBXD03LA,0.17664,693,2,7
LBXD05LA,0.4296,693,2,7
LBXD07LA,0.11664,693,2,7
LBXF03LA,0.02464,693,2,7
LBXF04LA,0.19216,693,2,7
LBXF05LA,0.0376,693,2,7
LBXF08LA,0.1296,693,2,7
LBX074LA,0.05904,694,3,7
LBX099LA,0.0328,694,3,7
LBX138LA,0.13008,694,3,7
LBX153LA,0.12976,694,3,7
LBX170LA,0.1672,694,3,7
LBX180LA,0.348,694,3,7
LBX187LA,0.08512,694,3,7
LBX194LA,0.048,694,3,7
LBXPCBLA,0.03056,694,3,7
LBXHXCLA,0.0912,694,3,7
LBX118LA,0.0408,694,3,7
LBXD03LA,0.15616,694,3,7
LBXD05LA,0.65664,694,3,7
LBXD07LA,0.64336,694,3,7
LBXF03LA,0.06256,694,3,7
LBXF04LA,0.3672,694,3,7
LBXF05LA,0.0632,694,3,7
LBXF08LA,0.19888,694,3,7
LBX074LA,0.23744,695,4,7
LBX099LA,0.18384,695,4,7
LBX138LA,0.25136,695,4,7
LBX153LA,0.41808,695,4,7
LBX170LA,0.24192,695,4,7
LBX180LA,0.168,695,4,7
LBX187LA,0.19712,695,4,7
LBX194LA,0.72751999999999994,695,4,7
LBXPCBLA,0.14528,695,4,7
LBXHXCLA,0.23728,695,4,7
LBX118LA,0.3848,695,4,7
LBXD03LA,0.34704,695,4,7
LBXD05LA,0.16736,695,4,7
LBXD07LA,0.10256,695,4,7
LBXF03LA,0.13264,695,4,7
LBXF04LA,0.76016,695,4,7
LBXF05LA,0.26976,695,4,7
LBXF08LA,0.89696,695,4,7
LBX074LA,0.0736,696,2,7
LBX099LA,0.08944,696,2,7
LBX138LA,0.24928,696,2,7
LBX153LA,0.66256,696,2,7
LBX170LA,0.29136,696,2,7
LBX180LA,0.19872,696,2,7
LBX187LA,0.1016,696,2,7
LBX194LA,0.9928,696,2,7
LBXPCBLA,0.10944,696,2,7
LBXHXCLA,0.06704,696,2,7
LBX118LA,0.07504,696,2,7
LBXD03LA,0.06784,696,2,7
LBXD05LA,0.1144,696,2,7
LBXD07LA,0.05728,696,2,7
LBXF03LA,0.07072,696,2,7
LBXF04LA,0.06656,696,2,7
LBXF05LA,0.03376,696,2,7
LBXF08LA,0.10256,696,2,7
LBX074LA,0.7744,697,3,7
LBX099LA,0.20864,697,3,7
LBX138LA,0.28032,697,3,7
LBX153LA,0.27264,697,3,7
LBX170LA,0.78848,697,3,7
LBX180LA,0.39952,697,3,7
LBX187LA,0.4368,697,3,7
LBX194LA,0.69456,697,3,7
LBXPCBLA,0.08816,697,3,7
LBXHXCLA,0.09792,697,3,7
LBX118LA,0.13696,697,3,7
LBXD03LA,0.20512,697,3,7
LBXD05LA,0.41072,697,3,7
LBXD07LA,0.52496,697,3,7
LBXF03LA,0.31184,697,3,7
LBXF04LA,0.97616,697,3,7
LBXF05LA,0.07616,697,3,7
LBXF08LA,0.19088,697,3,7
LBX074LA,0.53056,698,4,7
LBX099LA,0.47024,698,4,7
LBX138LA,0.13952,698,4,7
LBX153LA,0.2424,698,4,7
LBX170LA,0.15664,698,4,7
LBX180LA,0.20736,698,4,7
LBX187LA,0.22624,698,4,7
LBX194LA,0.89536,698,4,7
LBXPCBLA,0.052,698,4,7
LBXHXCLA,0.20624,698,4,7
LBX118LA,0.2416,698,4,7
LBXD03LA,0.07696,698,4,7
LBXD05LA,0.34816,698,4,7
LBXD07LA,0.1112,698,4,7
LBXF03LA,0.2128,698,4,7
LBXF04LA,0.96192,698,4,7
LBXF05LA,0.47232,698,4,7
LBXF08LA,0.20144,698,4,7
LBX074LA,0.62528,699,2,7
LBX099LA,0.02784,699,2,7
LBX138LA,0.05584,699,2,7
LBX153LA,0.05568,699,2,7
LBX170LA,0.04752,699,2,7
LBX180LA,0.06192,699,2,7
LBX187LA,0.06384,699,2,7
LBX194LA,0.24736,699,2,7
LBXPCBLA,0.05648,699,2,7
LBXHXCLA,0.04208,699,2,7
LBX118LA,0.19392,699,2,7
LBXD03LA,0.04064,699,2,7
LBXD05LA,0.04592,699,2,7
LBXD07LA,0.03712,699,2,7
LBXF03LA,0.02304,699,2,7
LBXF04LA,0.59344,699,2,7
LBXF05LA,0.40144,699,2,7
LBXF08LA,0.0584,699,2,7
LBX074LA,0.31296,700,1,7
LBX099LA,0.10736,700,1,7
LBX138LA,0.08208,700,1,7
LBX153LA,0.10272,700,1,7
LBX170LA,0.13552,700,1,7
LBX180LA,0.10032,700,1,7
LBX187LA,0.15968,700,1,7
LBX194LA,0.16608,700,1,7
LBXPCBLA,0.05376,700,1,7
LBXHXCLA,0.0784,700,1,7
LBX118LA,0.09392,700,1,7
LBXD03LA,0.1056,700,1,7
LBXD05LA,0.29904,700,1,7
LBXD07LA,0.44368,700,1,7
LBXF03LA,0.10736,700,1,7
LBXF04LA,0.07792,700,1,7
LBXF05LA,0.12112,700,1,7
LBXF08LA,0.08688,700,1,7
LBX074LA,0.16736,701,4,8
LBX099LA,0.17488,701,4,8
LBX138LA,0.05392,701,4,8
LBX153LA,0.09264,701,4,8
LBX170LA,0.14016,701,4,8
LBX180LA,0.33184,701,4,8
LBX187LA,0.1192,701,4,8
LBX194LA,0.8816,701,4,8
LBXPCBLA,0.50048,701,4,8
LBXHXCLA,0.04464,701,4,8
LBX118LA,0.10352,701,4,8
LBXD03LA,0.0312,701,4,8
LBXD05LA,0.07328,701,4,8
LBXD07LA,0.29904,701,4,8
LBXF03LA,0.13456,701,4,8
LBXF04LA,0.05968,701,4,8
LBXF05LA,0.06144,701,4,8
LBXF08LA,0.0704,701,4,8
LBX074LA,0.31744,702,2,8
LBX099LA,0.25312,702,2,8
LBX138LA,0.23456,702,2,8
LBX153LA,0.36656,702,2,8
LBX170LA,0.25744,702,2,8
LBX180LA,0.2792,702,2,8
LBX187LA,0.21808,702,2,8
LBX194LA,0.44304,702,2,8
LBXPCBLA,0.95328,702,2,8
LBXHXCLA,0.77696,702,2,8
LBX118LA,0.25664,702,2,8
LBXD03LA,0.3488,702,2,8
LBXD05LA,0.14496,702,2,8
LBXD07LA,0.19504,702,2,8
LBXF03LA,0.19984,702,2,8
LBXF04LA,0.54528,702,2,8
LBXF05LA,0.12288,702,2,8
LBXF08LA,0.16016,702,2,8
LBX074LA,0.14224,703,2,8
LBX099LA,0.45872,703,2,8
LBX138LA,0.2384,703,2,8
LBX153LA,0.18016,703,2,8
LBX170LA,0.21104,703,2,8
LBX180LA,0.18864,703,2,8
LBX187LA,0.10336,703,2,8
LBX194LA,0.09072,703,2,8
LBXPCBLA,0.09344,703,2,8
LBXHXCLA,0.1328,703,2,8
LBX118LA,0.7304,703,2,8
LBXD03LA,0.31232,703,2,8
LBXD05LA,0.07456,703,2,8
LBXD07LA,0.07168,703,2,8
LBXF03LA,0.06,703,2,8
LBXF04LA,0.5128,703,2,8
LBXF05LA,0.41872,703,2,8
LBXF08LA,0.12864,703,2,8
LBX074LA,0.07344,704,3,8
LBX099LA,0.04928,704,3,8
LBX138LA,0.16592,704,3,8
LBX153LA,0.29232,704,3,8
LBX170LA,0.13824,704,3,8
LBX180LA,0.30992,704,3,8
LBX187LA,0.17968,704,3,8
LBX194LA,0.16208,704,3,8
LBXPCBLA,0.96288,704,3,8
LBXHXCLA,0.43952,704,3,8
LBX118LA,0.06128,704,3,8
LBXD03LA,0.164,704,3,8
LBXD05LA,0.60064,704,3,8
LBXD07LA,0.28432,704,3,8
LBXF03LA,0.0984,704,3,8
LBXF04LA,0.11808,704,3,8
LBXF05LA,0.04624,704,3,8
LBXF08LA,0.0576,704,3,8
LBX074LA,0.21872,705,3,8
LBX099LA,0.16448,705,3,8
LBX138LA,0.2992,705,3,8
LBX153LA,0.15056,705,3,8
LBX170LA,0.1624,705,3,8
LBX180LA,0.19472,705,3,8
LBX187LA,0.57232,705,3,8
LBX194LA,0.71056,705,3,8
LBXPCBLA,0.2312,705,3,8
LBXHXCLA,0.25424,705,3,8
LBX118LA,0.24624,705,3,8
LBXD03LA,0.3936,705,3,8
LBXD05LA,0.06016,705,3,8
LBXD07LA,0.1088,705,3,8
LBXF03LA,0.23552,705,3,8
LBXF04LA,0.61008,705,3,8
LBXF05LA,0.21232,705,3,8
LBXF08LA,0.8832,705,3,8
LBX074LA,0.34416,706,2,8
LBX099LA,0.39632,706,2,8
LBX138LA,0.18112,706,2,8
LBX153LA,0.23184,706,2,8
LBX170LA,0.27504,706,2,8
LBX180LA,0.59616,706,2,8
LBX187LA,0.73984,706,2,8
LBX194LA,0.35104,706,2,8
LBXPCBLA,0.09472,706,2,8
LBXHXCLA,0.31648,706,2,8
LBX118LA,0.2,706,2,8
LBXD03LA,0.36048,706,2,8
LBXD05LA,0.12752,706,2,8
LBXD07LA,0.23248,706,2,8
LBXF03LA,0.15664,706,2,8
LBXF04LA,0.7432,706,2,8
LBXF05LA,0.24,706,2,8
LBXF08LA,0.9328,706,2,8
LBX074LA,0.1816,707,2,8
LBX099LA,0.09744,707,2,8
LBX138LA,0.19712,707,2,8
LBX153LA,0.30768,707,2,8
LBX170LA,0.4,707,2,8
LBX180LA,0.21904,707,2,8
LBX187LA,0.24816,707,2,8
LBX194LA,0.79408,707,2,8
LBXPCBLA,0.14544,707,2,8
LBXHXCLA,0.40288,707,2,8
LBX118LA,0.12944,707,2,8
LBXD03LA,0.384,707,2,8
LBXD05LA,0.25664,707,2,8
LBXD07LA,0.25424,707,2,8
LBXF03LA,0.58832,707,2,8
LBXF04LA,0.556,707,2,8
LBXF05LA,0.26704,707,2,8
LBXF08LA,0.6224,707,2,8
LBX074LA,0.85664,708,2,8
LBX099LA,0.1344,708,2,8
LBX138LA,0.07728,708,2,8
LBX153LA,0.10512,708,2,8
LBX170LA,0.14064,708,2,8
LBX180LA,0.1504,708,2,8
LBX187LA,0.11616,708,2,8
LBX194LA,0.18256,708,2,8
LBXPCBLA,0.15824,708,2,8
LBXHXCLA,0.05088,708,2,8
LBX118LA,0.10528,708,2,8
LBXD03LA,0.1112,708,2,8
LBXD05LA,0.61568,708,2,8
LBXD07LA,0.16176,708,2,8
LBXF03LA,0.04416,708,2,8
LBXF04LA,0.8552,708,2,8
LBXF05LA,0.07792,708,2,8
LBXF08LA,0.2,708,2,8
LBX074LA,0.95984,709,2,8
LBX099LA,0.5488,709,2,8
LBX138LA,0.38736,709,2,8
LBX153LA,0.43504,709,2,8
LBX170LA,0.29936,709,2,8
LBX180LA,0.41088,709,2,8
LBX187LA,0.14144,709,2,8
LBX194LA,0.30128,709,2,8
LBXPCBLA,0.1152,709,2,8
LBXHXCLA,0.12128,709,2,8
LBX118LA,0.15792,709,2,8
LBXD03LA,0.12896,709,2,8
LBXD05LA,0.07504,709,2,8
LBXD07LA,0.10544,709,2,8
LBXF03LA,0.06256,709,2,8
LBXF04LA,0.67168,709,2,8
LBXF05LA,0.24992,709,2,8
LBXF08LA,0.16432,709,2,8
LBX074LA,0.636,710,3,8
LBX099LA,0.3664,710,3,8
LBX138LA,0.36784,710,3,8
LBX153LA,0.14,710,3,8
LBX170LA,0.2888,710,3,8
LBX180LA,0.17952,710,3,8
LBX187LA,0.2008,710,3,8
LBX194LA,0.3144,710,3,8
LBXPCBLA,0.0832,710,3,8
LBXHXCLA,0.14,710,3,8
LBX118LA,0.55808,710,3,8
LBXD03LA,0.62656,710,3,8
LBXD05LA,0.58128,710,3,8
LBXD07LA,0.05456,710,3,8
LBXF03LA,0.1,710,3,8
LBXF04LA,0.20224,710,3,8
LBXF05LA,0.09968,710,3,8
LBXF08LA,0.0736,710,3,8
LBX074LA,0.15872,711,4,8
LBX099LA,0.54864,711,4,8
LBX138LA,0.25264,711,4,8
LBX153LA,0.2016,711,4,8
LBX170LA,0.2056,711,4,8
LBX180LA,0.10624,711,4,8
LBX187LA,0.08656,711,4,8
LBX194LA,0.59216,711,4,8
LBXPCBLA,0.10672,711,4,8
LBXHXCLA,0.8312,711,4,8
LBX118LA,0.17472,711,4,8
LBXD03LA,0.04944,711,4,8
LBXD05LA,0.21344,711,4,8
LBXD07LA,0.176,711,4,8
LBXF03LA,0.03776,711,4,8
LBXF04LA,0.90544,711,4,8
LBXF05LA,0.0568,711,4,8
LBXF08LA,0.10064,711,4,8
LBX074LA,0.13632,712,1,8
LBX099LA,0.85696,712,1,8
LBX138LA,0.31104,712,1,8
LBX153LA,0.2656,712,1,8
LBX170LA,0.41296,712,1,8
LBX180LA,0.2608,712,1,8
LBX187LA,0.51984,712,1,8
LBX194LA,0.19984,712,1,8
LBXPCBLA,0.1664,712,1,8
LBXHXCLA,0.1264,712,1,8
LBX118LA,0.32656,712,1,8
LBXD03LA,0.3008,712,1,8
LBXD05LA,0.196,712,1,8
LBXD07LA,0.12432,712,1,8
LBXF03LA,0.16416,712,1,8
LBXF04LA,0.73552,712,1,8
LBXF05LA,0.15232,712,1,8
LBXF08LA,0.21616,712,1,8
LBX074LA,0.2496,713,1,8
LBX099LA,0.13344,713,1,8
LBX138LA,0.2688,713,1,8
LBX153LA,0.4216,713,1,8
LBX170LA,0.20896,713,1,8
LBX180LA,0.33776,713,1,8
LBX187LA,0.15744,713,1,8
LBX194LA,0.16064,713,1,8
LBXPCBLA,0.60608,713,1,8
LBXHXCLA,0.15088,713,1,8
LBX118LA,0.15024,713,1,8
LBXD03LA,0.70208,713,1,8
LBXD05LA,0.42784,713,1,8
LBXD07LA,0.38128,713,1,8
LBXF03LA,0.08752,713,1,8
LBXF04LA,0.14832,713,1,8
LBXF05LA,0.10496,713,1,8
LBXF08LA,0.08816,713,1,8
LBX074LA,0.31936,714,2,8
LBX099LA,0.64416,714,2,8
LBX138LA,0.18864,714,2,8
LBX153LA,0.51472,714,2,8
LBX170LA,0.47616000000000003,714,2,8
LBX180LA,0.27136,714,2,8
LBX187LA,0.2016,714,2,8
LBX194LA,0.3792,714,2,8
LBXPCBLA,0.06176,714,2,8
LBXHXCLA,0.28512,714,2,8
LBX118LA,0.37472,714,2,8
LBXD03LA,0.15776,714,2,8
LBXD05LA,0.85968,714,2,8
LBXD07LA,0.18512,714,2,8
LBXF03LA,0.12832,714,2,8
LBXF04LA,0.09824,714,2,8
LBXF05LA,0.10192,714,2,8
LBXF08LA,0.05536,714,2,8
LBX074LA,0.0952,715,4,8
LBX099LA,0.07008,715,4,8
LBX138LA,0.19568,715,4,8
LBX153LA,0.38064,715,4,8
LBX170LA,0.19856,715,4,8
LBX180LA,0.06864,715,4,8
LBX187LA,0.6432,715,4,8
LBX194LA,0.19744,715,4,8
LBXPCBLA,0.05728,715,4,8
LBXHXCLA,0.04224,715,4,8
LBX118LA,0.06768,715,4,8
LBXD03LA,0.04576,715,4,8
LBXD05LA,0.59152,715,4,8
LBXD07LA,0.15456,715,4,8
LBXF03LA,0.18976,715,4,8
LBXF04LA,0.2448,715,4,8
LBXF05LA,0.09648,715,4,8
LBXF08LA,0.7968,715,4,8
LBX074LA,0.3872,716,4,8
LBX099LA,0.26608,716,4,8
LBX138LA,0.1064,716,4,8
LBX153LA,0.08912,716,4,8
LBX170LA,0.1056,716,4,8
LBX180LA,0.14864,716,4,8
LBX187LA,0.09008,716,4,8
LBX194LA,0.38,716,4,8
LBXPCBLA,0.22672,716,4,8
LBXHXCLA,0.0736,716,4,8
LBX118LA,0.53728,716,4,8
LBXD03LA,0.04112,716,4,8
LBXD05LA,0.03008,716,4,8
LBXD07LA,0.08048,716,4,8
LBXF03LA,0.28944,716,4,8
LBXF04LA,0.75824,716,4,8
LBXF05LA,0.2856,716,4,8
LBXF08LA,0.04112,716,4,8
LBX074LA,0.39104,717,3,8
LBX099LA,0.45376,717,3,8
LBX138LA,0.1752,717,3,8
LBX153LA,0.3896,717,3,8
LBX170LA,0.66528,717,3,8
LBX180LA,0.20768,717,3,8
LBX187LA,0.11456,717,3,8
LBX194LA,0.13104,717,3,8
LBXPCBLA,0.36256,717,3,8
LBXHXCLA,0.38112,717,3,8
LBX118LA,0.2392,717,3,8
LBXD03LA,0.872,717,3,8
LBXD05LA,0.50832,717,3,8
LBXD07LA,0.308,717,3,8
LBXF03LA,0.3232,717,3,8
LBXF04LA,0.1728,717,3,8
LBXF05LA,0.15536,717,3,8
LBXF08LA,0.1072,717,3,8
LBX074LA,0.94528,718,1,8
LBX099LA,0.9104,718,1,8
LBX138LA,0.1608,718,1,8
LBX153LA,0.19152,718,1,8
LBX170LA,0.22816,718,1,8
LBX180LA,0.1776,718,1,8
LBX187LA,0.16528,718,1,8
LBX194LA,0.34416,718,1,8
LBXPCBLA,0.07568,718,1,8
LBXHXCLA,0.0768,718,1,8
LBX118LA,0.22784,718,1,8
LBXD03LA,0.10624,718,1,8
LBXD05LA,0.71536,718,1,8
LBXD07LA,0.11232,718,1,8
LBXF03LA,0.05616,718,1,8
LBXF04LA,0.18592,718,1,8
LBXF05LA,0.09328,718,1,8
LBXF08LA,0.15824,718,1,8
LBX074LA,0.34304,719,2,8
LBX099LA,0.13888,719,2,8
LBX138LA,0.168,719,2,8
LBX153LA,0.17344,719,2,8
LBX170LA,0.10624,719,2,8
LBX180LA,0.13344,719,2,8
LBX187LA,0.17392,719,2,8
LBX194LA,0.20672,719,2,8
LBXPCBLA,0.06752,719,2,8
LBXHXCLA,0.08,719,2,8
LBX118LA,0.19584,719,2,8
LBXD03LA,0.16384,719,2,8
LBXD05LA,0.08608,719,2,8
LBXD07LA,0.26592,719,2,8
LBXF03LA,0.09616,719,2,8
LBXF04LA,0.26928,719,2,8
LBXF05LA,0.81104,719,2,8
LBXF08LA,0.0624,719,2,8
LBX074LA,0.192,720,3,8
LBX099LA,0.14752,720,3,8
LBX138LA,0.17056,720,3,8
LBX153LA,0.17696,720,3,8
LBX170LA,0.55152,720,3,8
LBX180LA,0.17712,720,3,8
LBX187LA,0.22528,720,3,8
LBX194LA,0.7504,720,3,8
LBXPCBLA,0.17792,720,3,8
LBXHXCLA,0.2224,720,3,8
LBX118LA,0.19168,720,3,8
LBXD03LA,0.25632,720,3,8
LBXD05LA,0.85056,720,3,8
LBXD07LA,0.10496,720,3,8
LBXF03LA,0.1136,720,3,8
LBXF04LA,0.12816,720,3,8
LBXF05LA,0.10176,720,3,8
LBXF08LA,0.18368,720,3,8
LBX074LA,0.392,721,2,8
LBX099LA,0.4216,721,2,8
LBX138LA,0.20736,721,2,8
LBX153LA,0.2608,721,2,8
LBX170LA,0.49248,721,2,8
LBX180LA,0.28,721,2,8
LBX187LA,0.2248,721,2,8
LBX194LA,0.70464,721,2,8
LBXPCBLA,0.20016,721,2,8
LBXHXCLA,0.19728,721,2,8
LBX118LA,0.21552,721,2,8
LBXD03LA,0.53824,721,2,8
LBXD05LA,0.82352,721,2,8
LBXD07LA,0.46624,721,2,8
LBXF03LA,0.27616,721,2,8
LBXF04LA,0.4624,721,2,8
LBXF05LA,0.29152,721,2,8
LBXF08LA,0.08144,721,2,8
LBX074LA,0.03424,722,4,8
LBX099LA,0.03568,722,4,8
LBX138LA,0.06752,722,4,8
LBX153LA,0.10864,722,4,8
LBX170LA,0.51152,722,4,8
LBX180LA,0.24608,722,4,8
LBX187LA,0.1296,722,4,8
LBX194LA,0.80512,722,4,8
LBXPCBLA,0.04112,722,4,8
LBXHXCLA,0.3448,722,4,8
LBX118LA,0.04,722,4,8
LBXD03LA,0.0784,722,4,8
LBXD05LA,0.65264,722,4,8
LBXD07LA,0.09984,722,4,8
LBXF03LA,0.07488,722,4,8
LBXF04LA,0.08576,722,4,8
LBXF05LA,0.20064,722,4,8
LBXF08LA,0.0272,722,4,8
LBX074LA,0.87584,723,2,8
LBX099LA,0.49104,723,2,8
LBX138LA,0.24864,723,2,8
LBX153LA,0.19408,723,2,8
LBX170LA,0.20288,723,2,8
LBX180LA,0.216,723,2,8
LBX187LA,0.27728,723,2,8
LBX194LA,0.11216,723,2,8
LBXPCBLA,0.07376,723,2,8
LBXHXCLA,0.16528,723,2,8
LBX118LA,0.16112,723,2,8
LBXD03LA,0.54704,723,2,8
LBXD05LA,0.38288,723,2,8
LBXD07LA,0.35968,723,2,8
LBXF03LA,0.10224,723,2,8
LBXF04LA,0.12928,723,2,8
LBXF05LA,0.10864,723,2,8
LBXF08LA,0.95312,723,2,8
LBX074LA,0.32752,724,2,8
LBX099LA,0.36128,724,2,8
LBX138LA,0.15904,724,2,8
LBX153LA,0.19728,724,2,8
LBX170LA,0.23632,724,2,8
LBX180LA,0.20192,724,2,8
LBX187LA,0.4056,724,2,8
LBX194LA,0.74992,724,2,8
LBXPCBLA,0.58944,724,2,8
LBXHXCLA,0.21072,724,2,8
LBX118LA,0.27728,724,2,8
LBXD03LA,0.1696,724,2,8
LBXD05LA,0.34304,724,2,8
LBXD07LA,0.1272,724,2,8
LBXF03LA,0.08752,724,2,8
LBXF04LA,0.8744,724,2,8
LBXF05LA,0.19136,724,2,8
LBXF08LA,0.0992,724,2,8
LBX074LA,0.08192,725,3,8
LBX099LA,0.79264,725,3,8
LBX138LA,0.25184,725,3,8
LBX153LA,0.64032,725,3,8
LBX170LA,0.12592,725,3,8
LBX180LA,0.57584,725,3,8
LBX187LA,0.29664,725,3,8
LBX194LA,0.08208,725,3,8
LBXPCBLA,0.04864,725,3,8
LBXHXCLA,0.28432,725,3,8
LBX118LA,0.05632,725,3,8
LBXD03LA,0.06448,725,3,8
LBXD05LA,0.08784,725,3,8
LBXD07LA,0.0408,725,3,8
LBXF03LA,0.63664,725,3,8
LBXF04LA,0.17824,725,3,8
LBXF05LA,0.63344,725,3,8
LBXF08LA,0.036,725,3,8
LBX074LA,0.38768,726,3,8
LBX099LA,0.23424,726,3,8
LBX138LA,0.22928,726,3,8
LBX153LA,0.20336,726,3,8
LBX170LA,0.39088,726,3,8
LBX180LA,0.6544,726,3,8
LBX187LA,0.50592,726,3,8
LBX194LA,0.32224,726,3,8
LBXPCBLA,0.12144,726,3,8
LBXHXCLA,0.14912,726,3,8
LBX118LA,0.31792,726,3,8
LBXD03LA,0.28144,726,3,8
LBXD05LA,0.132,726,3,8
LBXD07LA,0.11632,726,3,8
LBXF03LA,0.07616,726,3,8
LBXF04LA,0.81088,726,3,8
LBXF05LA,0.17936,726,3,8
LBXF08LA,0.31744,726,3,8
LBX074LA,0.1224,727,1,8
LBX099LA,0.9224,727,1,8
LBX138LA,0.18352,727,1,8
LBX153LA,0.18736,727,1,8
LBX170LA,0.16016,727,1,8
LBX180LA,0.27328,727,1,8
LBX187LA,0.23856,727,1,8
LBX194LA,0.1512,727,1,8
LBXPCBLA,0.11968,727,1,8
LBXHXCLA,0.16448,727,1,8
LBX118LA,0.1416,727,1,8
LBXD03LA,0.11712,727,1,8
LBXD05LA,0.16128,727,1,8
LBXD07LA,0.07904,727,1,8
LBXF03LA,0.0944,727,1,8
LBXF04LA,0.46336,727,1,8
LBXF05LA,0.10096,727,1,8
LBXF08LA,0.16288,727,1,8
LBX074LA,0.13312,728,3,8
LBX099LA,0.13184,728,3,8
LBX138LA,0.29136,728,3,8
LBX153LA,0.5056,728,3,8
LBX170LA,0.07248,728,3,8
LBX180LA,0.092,728,3,8
LBX187LA,0.072,728,3,8
LBX194LA,0.20576,728,3,8
LBXPCBLA,0.05424,728,3,8
LBXHXCLA,0.0528,728,3,8
LBX118LA,0.09488,728,3,8
LBXD03LA,0.04464,728,3,8
LBXD05LA,0.19008,728,3,8
LBXD07LA,0.14112,728,3,8
LBXF03LA,0.06656,728,3,8
LBXF04LA,0.57024,728,3,8
LBXF05LA,0.3184,728,3,8
LBXF08LA,0.20048,728,3,8
LBX074LA,0.17296,729,1,8
LBX099LA,0.06176,729,1,8
LBX138LA,0.09984,729,1,8
LBX153LA,0.14192,729,1,8
LBX170LA,0.23456,729,1,8
LBX180LA,0.15904,729,1,8
LBX187LA,0.2376,729,1,8
LBX194LA,0.19968,729,1,8
LBXPCBLA,0.05632,729,1,8
LBXHXCLA,0.11328,729,1,8
LBX118LA,0.05776,729,1,8
LBXD03LA,0.0936,729,1,8
LBXD05LA,0.16672,729,1,8
LBXD07LA,0.08864,729,1,8
LBXF03LA,0.04304,729,1,8
LBXF04LA,0.0976,729,1,8
LBXF05LA,0.04336,729,1,8
LBXF08LA,0.06256,729,1,8
LBX074LA,0.09984,730,1,8
LBX099LA,0.08368,730,1,8
LBX138LA,0.11344,730,1,8
LBX153LA,0.136,730,1,8
LBX170LA,0.4184,730,1,8
LBX180LA,0.2328,730,1,8
LBX187LA,0.31744,730,1,8
LBX194LA,0.16624,730,1,8
LBXPCBLA,0.12752,730,1,8
LBXHXCLA,0.1544,730,1,8
LBX118LA,0.1432,730,1,8
LBXD03LA,0.25856,730,1,8
LBXD05LA,0.43312,730,1,8
LBXD07LA,0.29856,730,1,8
LBXF03LA,0.09952,730,1,8
LBXF04LA,0.12864,730,1,8
LBXF05LA,0.34288,730,1,8
LBXF08LA,0.06336,730,1,8
LBX074LA,0.08064,731,3,8
LBX099LA,0.09968,731,3,8
LBX138LA,0.20032,731,3,8
LBX153LA,0.38096,731,3,8
LBX170LA,0.2432,731,3,8
LBX180LA,0.21056,731,3,8
LBX187LA,0.3376,731,3,8
LBX194LA,0.16528,731,3,8
LBXPCBLA,0.90704,731,3,8
LBXHXCLA,0.09136,731,3,8
LBX118LA,0.13104,731,3,8
LBXD03LA,0.09776,731,3,8
LBXD05LA,0.5792,731,3,8
LBXD07LA,0.21952,731,3,8
LBXF03LA,0.06064,731,3,8
LBXF04LA,0.70752,731,3,8
LBXF05LA,0.30432,731,3,8
LBXF08LA,0.21648,731,3,8
LBX074LA,0.556,732,3,8
LBX099LA,0.22464,732,3,8
LBX138LA,0.21424,732,3,8
LBX153LA,0.90768,732,3,8
LBX170LA,0.10016,732,3,8
LBX180LA,0.16416,732,3,8
LBX187LA,0.10384,732,3,8
LBX194LA,0.06352,732,3,8
LBXPCBLA,0.25216,732,3,8
LBXHXCLA,0.08704,732,3,8
LBX118LA,0.23104,732,3,8
LBXD03LA,0.18256,732,3,8
LBXD05LA,0.10672,732,3,8
LBXD07LA,0.1304,732,3,8
LBXF03LA,0.36064,732,3,8
LBXF04LA,0.99568,732,3,8
LBXF05LA,0.10304,732,3,8
LBXF08LA,0.15376,732,3,8
LBX074LA,0.1488,733,3,8
LBX099LA,0.62352,733,3,8
LBX138LA,0.10128,733,3,8
LBX153LA,0.13888,733,3,8
LBX170LA,0.89984,733,3,8
LBX180LA,0.16896,733,3,8
LBX187LA,0.13328,733,3,8
LBX194LA,0.41216,733,3,8
LBXPCBLA,0.01808,733,3,8
LBXHXCLA,0.07152,733,3,8
LBX118LA,0.04768,733,3,8
LBXD03LA,0.43552,733,3,8
LBXD05LA,0.8288,733,3,8
LBXD07LA,0.10416,733,3,8
LBXF03LA,0.0336,733,3,8
LBXF04LA,0.276,733,3,8
LBXF05LA,0.16256,733,3,8
LBXF08LA,0.01472,733,3,8
LBX074LA,0.32112,734,2,8
LBX099LA,0.2096,734,2,8
LBX138LA,0.19856,734,2,8
LBX153LA,0.39376,734,2,8
LBX170LA,0.16688,734,2,8
LBX180LA,0.19488,734,2,8
LBX187LA,0.15392,734,2,8
LBX194LA,0.976,734,2,8
LBXPCBLA,0.07584,734,2,8
LBXHXCLA,0.06992,734,2,8
LBX118LA,0.21008,734,2,8
LBXD03LA,0.17376,734,2,8
LBXD05LA,0.56272,734,2,8
LBXD07LA,0.12736,734,2,8
LBXF03LA,0.06832,734,2,8
LBXF04LA,0.72576,734,2,8
LBXF05LA,0.14848,734,2,8
LBXF08LA,0.13616,734,2,8
LBX074LA,0.3648,735,2,8
LBX099LA,0.12128,735,2,8
LBX138LA,0.3704,735,2,8
LBX153LA,0.6952,735,2,8
LBX170LA,0.32416,735,2,8
LBX180LA,0.37168,735,2,8
LBX187LA,0.29888,735,2,8
LBX194LA,0.69184,735,2,8
LBXPCBLA,0.0456,735,2,8
LBXHXCLA,0.15728,735,2,8
LBX118LA,0.16192,735,2,8
LBXD03LA,0.25648,735,2,8
LBXD05LA,0.03312,735,2,8
LBXD07LA,0.0432,735,2,8
LBXF03LA,0.05888,735,2,8
LBXF04LA,0.97776,735,2,8
LBXF05LA,0.10048,735,2,8
LBXF08LA,0.13216,735,2,8
LBX074LA,0.4496,736,2,8
LBX099LA,0.53504,736,2,8
LBX138LA,0.19664,736,2,8
LBX153LA,0.17728,736,2,8
LBX170LA,0.1624,736,2,8
LBX180LA,0.18144,736,2,8
LBX187LA,0.22384,736,2,8
LBX194LA,0.33648,736,2,8
LBXPCBLA,0.15088,736,2,8
LBXHXCLA,0.1144,736,2,8
LBX118LA,0.18,736,2,8
LBXD03LA,0.44896,736,2,8
LBXD05LA,0.6712,736,2,8
LBXD07LA,0.10176,736,2,8
LBXF03LA,0.156,736,2,8
LBXF04LA,0.65872,736,2,8
LBXF05LA,0.432,736,2,8
LBXF08LA,0.16032,736,2,8
LBX074LA,0.44544,737,4,8
LBX099LA,0.22944,737,4,8
LBX138LA,0.12256,737,4,8
LBX153LA,0.1072,737,4,8
LBX170LA,0.21584,737,4,8
LBX180LA,0.25648,737,4,8
LBX187LA,0.11952,737,4,8
LBX194LA,0.1808,737,4,8
LBXPCBLA,0.12048,737,4,8
LBXHXCLA,0.9448,737,4,8
LBX118LA,0.1912,737,4,8
LBXD03LA,0.09056,737,4,8
LBXD05LA,0.15024,737,4,8
LBXD07LA,0.0416,737,4,8
LBXF03LA,0.18256,737,4,8
LBXF04LA,0.1008,737,4,8
LBXF05LA,0.17312,737,4,8
LBXF08LA,0.07216,737,4,8
LBX074LA,0.24864,738,4,8
LBX099LA,0.14912,738,4,8
LBX138LA,0.15872,738,4,8
LBX153LA,0.46208,738,4,8
LBX170LA,0.59552,738,4,8
LBX180LA,0.47024,738,4,8
LBX187LA,0.45872,738,4,8
LBX194LA,0.63072,738,4,8
LBXPCBLA,0.14144,738,4,8
LBXHXCLA,0.9504,738,4,8
LBX118LA,0.90816,738,4,8
LBXD03LA,0.15904,738,4,8
LBXD05LA,0.7944,738,4,8
LBXD07LA,0.46784,738,4,8
LBXF03LA,0.18,738,4,8
LBXF04LA,0.1216,738,4,8
LBXF05LA,0.0584,738,4,8
LBXF08LA,0.7928,738,4,8
LBX074LA,0.19424,739,2,8
LBX099LA,0.0648,739,2,8
LBX138LA,0.15232,739,2,8
LBX153LA,0.07504,739,2,8
LBX170LA,0.0384,739,2,8
LBX180LA,0.1136,739,2,8
LBX187LA,0.04128,739,2,8
LBX194LA,0.03328,739,2,8
LBXPCBLA,0.14144,739,2,8
LBXHXCLA,0.03968,739,2,8
LBX118LA,0.05664,739,2,8
LBXD03LA,0.51568,739,2,8
LBXD05LA,0.47568,739,2,8
LBXD07LA,0.0584,739,2,8
LBXF03LA,0.04832,739,2,8
LBXF04LA,0.54144,739,2,8
LBXF05LA,0.35216,739,2,8
LBXF08LA,0.04304,739,2,8
LBX074LA,0.27008,740,3,8
LBX099LA,0.20864,740,3,8
LBX138LA,0.19472,740,3,8
LBX153LA,0.19136,740,3,8
LBX170LA,0.12096,740,3,8
LBX180LA,0.14656,740,3,8
LBX187LA,0.4984,740,3,8
LBX194LA,0.39568,740,3,8
LBXPCBLA,0.55136,740,3,8
LBXHXCLA,0.06208,740,3,8
LBX118LA,0.50368,740,3,8
LBXD03LA,0.11456,740,3,8
LBXD05LA,0.12528,740,3,8
LBXD07LA,0.03136,740,3,8
LBXF03LA,0.12736,740,3,8
LBXF04LA,0.42416,740,3,8
LBXF05LA,0.94464,740,3,8
LBXF08LA,0.12352,740,3,8
LBX074LA,0.29504,741,2,8
LBX099LA,0.54352,741,2,8
LBX138LA,0.44208,741,2,8
LBX153LA,0.57344,741,2,8
LBX170LA,0.34192,741,2,8
LBX180LA,0.24336,741,2,8
LBX187LA,0.1904,741,2,8
LBX194LA,0.42112,741,2,8
LBXPCBLA,0.16144,741,2,8
LBXHXCLA,0.3632,741,2,8
LBX118LA,0.20832,741,2,8
LBXD03LA,0.65872,741,2,8
LBXD05LA,0.14544,741,2,8
LBXD07LA,0.16368,741,2,8
LBXF03LA,0.08064,741,2,8
LBXF04LA,0.24512,741,2,8
LBXF05LA,0.11952,741,2,8
LBXF08LA,0.13296,741,2,8
LBX074LA,0.24288,742,2,8
LBX099LA,0.1704,742,2,8
LBX138LA,0.2744,742,2,8
LBX153LA,0.284,742,2,8
LBX170LA,0.21872,742,2,8
LBX180LA,0.28688,742,2,8
LBX187LA,0.28592,742,2,8
LBX194LA,0.20176,742,2,8
LBXPCBLA,0.12576,742,2,8
LBXHXCLA,0.16592,742,2,8
LBX118LA,0.14912,742,2,8
LBXD03LA,0.15648,742,2,8
LBXD05LA,0.4352,742,2,8
LBXD07LA,0.13904,742,2,8
LBXF03LA,0.13008,742,2,8
LBXF04LA,0.95504,742,2,8
LBXF05LA,0.1072,742,2,8
LBXF08LA,0.06336,742,2,8
LBX074LA,0.28416,743,3,8
LBX099LA,0.08016,743,3,8
LBX138LA,0.072,743,3,8
LBX153LA,0.1272,743,3,8
LBX170LA,0.13072,743,3,8
LBX180LA,0.11616,743,3,8
LBX187LA,0.1384,743,3,8
LBX194LA,0.21936,743,3,8
LBXPCBLA,0.19808,743,3,8
LBXHXCLA,0.11296,743,3,8
LBX118LA,0.21136,743,3,8
LBXD03LA,0.08656,743,3,8
LBXD05LA,0.0872,743,3,8
LBXD07LA,0.74048,743,3,8
LBXF03LA,0.9296,743,3,8
LBXF04LA,0.80928,743,3,8
LBXF05LA,0.23424,743,3,8
LBXF08LA,0.05568,743,3,8
LBX074LA,0.7688,744,3,8
LBX099LA,0.21344,744,3,8
LBX138LA,0.4784,744,3,8
LBX153LA,0.39936,744,3,8
LBX170LA,0.27648,744,3,8
LBX180LA,0.2104,744,3,8
LBX187LA,0.18112,744,3,8
LBX194LA,0.30384,744,3,8
LBXPCBLA,0.09968,744,3,8
LBXHXCLA,0.11504,744,3,8
LBX118LA,0.62288,744,3,8
LBXD03LA,0.07328,744,3,8
LBXD05LA,0.11216,744,3,8
LBXD07LA,0.20352,744,3,8
LBXF03LA,0.10496,744,3,8
LBXF04LA,0.56672,744,3,8
LBXF05LA,0.12432,744,3,8
LBXF08LA,0.75568,744,3,8
LBX074LA,0.16128,745,1,8
LBX099LA,0.07216,745,1,8
LBX138LA,0.10272,745,1,8
LBX153LA,0.13744,745,1,8
LBX170LA,0.11536,745,1,8
LBX180LA,0.1096,745,1,8
LBX187LA,0.14496,745,1,8
LBX194LA,0.20672,745,1,8
LBXPCBLA,0.4408,745,1,8
LBXHXCLA,0.13216,745,1,8
LBX118LA,0.15232,745,1,8
LBXD03LA,0.69696,745,1,8
LBXD05LA,0.22544,745,1,8
LBXD07LA,0.0848,745,1,8
LBXF03LA,0.1928,745,1,8
LBXF04LA,0.08656,745,1,8
LBXF05LA,0.08656,745,1,8
LBXF08LA,0.07328,745,1,8
LBX074LA,0.0824,746,1,8
LBX099LA,0.14032,746,1,8
LBX138LA,0.22656,746,1,8
LBX153LA,0.5664,746,1,8
LBX170LA,0.1936,746,1,8
LBX180LA,0.76688,746,1,8
LBX187LA,0.14032,746,1,8
LBX194LA,0.19168,746,1,8
LBXPCBLA,0.98032,746,1,8
LBXHXCLA,0.09632,746,1,8
LBX118LA,0.17648,746,1,8
LBXD03LA,0.08704,746,1,8
LBXD05LA,0.29184,746,1,8
LBXD07LA,0.172,746,1,8
LBXF03LA,0.08224,746,1,8
LBXF04LA,0.15968,746,1,8
LBXF05LA,0.09904,746,1,8
LBXF08LA,0.06512,746,1,8
LBX074LA,0.23008,747,1,8
LBX099LA,0.29456,747,1,8
LBX138LA,0.41648,747,1,8
LBX153LA,0.25184,747,1,8
LBX170LA,0.21712,747,1,8
LBX180LA,0.12592,747,1,8
LBX187LA,0.41536,747,1,8
LBX194LA,0.18848,747,1,8
LBXPCBLA,0.1224,747,1,8
LBXHXCLA,0.11584,747,1,8
LBX118LA,0.91808,747,1,8
LBXD03LA,0.11728,747,1,8
LBXD05LA,0.12624,747,1,8
LBXD07LA,0.0616,747,1,8
LBXF03LA,0.06112,747,1,8
LBXF04LA,0.09616,747,1,8
LBXF05LA,0.11376,747,1,8
LBXF08LA,0.98112,747,1,8
LBX074LA,0.78624,748,4,8
LBX099LA,0.35008,748,4,8
LBX138LA,0.35664,748,4,8
LBX153LA,0.1856,748,4,8
LBX170LA,0.20784,748,4,8
LBX180LA,0.19952,748,4,8
LBX187LA,0.96128,748,4,8
LBX194LA,0.28368,748,4,8
LBXPCBLA,0.21296,748,4,8
LBXHXCLA,0.10176,748,4,8
LBX118LA,0.41184,748,4,8
LBXD03LA,0.25504,748,4,8
LBXD05LA,0.76608,748,4,8
LBXD07LA,0.08848,748,4,8
LBXF03LA,0.1064,748,4,8
LBXF04LA,0.12864,748,4,8
LBXF05LA,0.40384,748,4,8
LBXF08LA,0.2136,748,4,8
LBX074LA,0.11856,749,2,8
LBX099LA,0.09824,749,2,8
LBX138LA,0.17808,749,2,8
LBX153LA,0.1712,749,2,8
LBX170LA,0.28528,749,2,8
LBX180LA,0.25136,749,2,8
LBX187LA,0.17376,749,2,8
LBX194LA,0.54896,749,2,8
LBXPCBLA,0.2712,749,2,8
LBXHXCLA,0.41216,749,2,8
LBX118LA,0.32384,749,2,8
LBXD03LA,0.12304,749,2,8
LBXD05LA,0.52608,749,2,8
LBXD07LA,0.192,749,2,8
LBXF03LA,0.06656,749,2,8
LBXF04LA,0.87376,749,2,8
LBXF05LA,0.1704,749,2,8
LBXF08LA,0.05344,749,2,8
LBX074LA,0.27168,750,3,8
LBX099LA,0.47296,750,3,8
LBX138LA,0.43344,750,3,8
LBX153LA,0.24224,750,3,8
LBX170LA,0.22864,750,3,8
LBX180LA,0.18976,750,3,8
LBX187LA,0.73712,750,3,8
LBX194LA,0.57776,750,3,8
LBXPCBLA,0.14832,750,3,8
LBXHXCLA,0.1376,750,3,8
LBX118LA,0.11952,750,3,8
LBXD03LA,0.3304,750,3,8
LBXD05LA,0.3112,750,3,8
LBXD07LA,0.09584,750,3,8
LBXF03LA,0.5152,750,3,8
LBXF04LA,0.45696,750,3,8
LBXF05LA,0.65792,750,3,8
LBXF08LA,0.17744,750,3,8
LBX074LA,0.4904,751,4,8
LBX099LA,0.19312000000000001,751,4,8
LBX138LA,0.15472,751,4,8
LBX153LA,0.25856,751,4,8
LBX170LA,0.43120000000000003,751,4,8
LBX180LA,0.71232,751,4,8
LBX187LA,0.49696,751,4,8
LBX194LA,0.9264,751,4,8
LBXPCBLA,0.12816,751,4,8
LBXHXCLA,0.1608,751,4,8
LBX118LA,0.18048,751,4,8
LBXD03LA,0.50624,751,4,8
LBXD05LA,0.74288,751,4,8
LBXD07LA,0.3192,751,4,8
LBXF03LA,0.04048,751,4,8
LBXF04LA,0.1056,751,4,8
LBXF05LA,0.08544,751,4,8
LBXF08LA,0.04336,751,4,8
LBX074LA,0.25712,752,4,8
LBX099LA,0.0368,752,4,8
LBX138LA,0.0568,752,4,8
LBX153LA,0.0888,752,4,8
LBX170LA,0.1728,752,4,8
LBX180LA,0.13136,752,4,8
LBX187LA,0.9008,752,4,8
LBX194LA,0.0576,752,4,8
LBXPCBLA,0.05792,752,4,8
LBXHXCLA,0.03776,752,4,8
LBX118LA,0.2336,752,4,8
LBXD03LA,0.07328,752,4,8
LBXD05LA,0.264,752,4,8
LBXD07LA,0.076,752,4,8
LBXF03LA,0.2608,752,4,8
LBXF04LA,0.16032,752,4,8
LBXF05LA,0.05024,752,4,8
LBXF08LA,0.0944,752,4,8
LBX074LA,0.6656,753,2,8
LBX099LA,0.17984,753,2,8
LBX138LA,0.19696,753,2,8
LBX153LA,0.26512,753,2,8
LBX170LA,0.53696,753,2,8
LBX180LA,0.26624,753,2,8
LBX187LA,0.37888,753,2,8
LBX194LA,0.17312,753,2,8
LBXPCBLA,0.068,753,2,8
LBXHXCLA,0.12336,753,2,8
LBX118LA,0.2344,753,2,8
LBXD03LA,0.35824,753,2,8
LBXD05LA,0.3528,753,2,8
LBXD07LA,0.07072,753,2,8
LBXF03LA,0.28064,753,2,8
LBXF04LA,0.07632,753,2,8
LBXF05LA,0.08416,753,2,8
LBXF08LA,0.04368,753,2,8
LBX074LA,0.11328,754,4,8
LBX099LA,0.04976,754,4,8
LBX138LA,0.1928,754,4,8
LBX153LA,0.10976,754,4,8
LBX170LA,0.39888,754,4,8
LBX180LA,0.25088,754,4,8
LBX187LA,0.15728,754,4,8
LBX194LA,0.92192,754,4,8
LBXPCBLA,0.06256,754,4,8
LBXHXCLA,0.06736,754,4,8
LBX118LA,0.11744,754,4,8
LBXD03LA,0.03552,754,4,8
LBXD05LA,0.11824,754,4,8
LBXD07LA,0.06896,754,4,8
LBXF03LA,0.18016,754,4,8
LBXF04LA,0.21216,754,4,8
LBXF05LA,0.39312,754,4,8
LBXF08LA,0.0672,754,4,8
LBX074LA,0.07712,755,2,8
LBX099LA,0.10624,755,2,8
LBX138LA,0.09184,755,2,8
LBX153LA,0.10192,755,2,8
LBX170LA,0.29232,755,2,8
LBX180LA,0.35104,755,2,8
LBX187LA,0.08912,755,2,8
LBX194LA,0.26128,755,2,8
LBXPCBLA,0.96,755,2,8
LBXHXCLA,0.08112,755,2,8
LBX118LA,0.148,755,2,8
LBXD03LA,0.15168,755,2,8
LBXD05LA,0.28464,755,2,8
LBXD07LA,0.22448,755,2,8
LBXF03LA,0.1368,755,2,8
LBXF04LA,0.21536,755,2,8
LBXF05LA,0.12976,755,2,8
LBXF08LA,0.0456,755,2,8
LBX074LA,0.28256,756,3,8
LBX099LA,0.14128,756,3,8
LBX138LA,0.1528,756,3,8
LBX153LA,0.18272,756,3,8
LBX170LA,0.1472,756,3,8
LBX180LA,0.30336,756,3,8
LBX187LA,0.21424,756,3,8
LBX194LA,0.49088,756,3,8
LBXPCBLA,0.31232,756,3,8
LBXHXCLA,0.08832,756,3,8
LBX118LA,0.2776,756,3,8
LBXD03LA,0.25392,756,3,8
LBXD05LA,0.63104,756,3,8
LBXD07LA,0.6912,756,3,8
LBXF03LA,0.24096,756,3,8
LBXF04LA,0.15808,756,3,8
LBXF05LA,0.09328,756,3,8
LBXF08LA,0.14384,756,3,8
LBX074LA,0.8568,757,3,8
LBX099LA,0.08128,757,3,8
LBX138LA,0.37328,757,3,8
LBX153LA,0.3992,757,3,8
LBX170LA,0.18272,757,3,8
LBX180LA,0.1432,757,3,8
LBX187LA,0.23344,757,3,8
LBX194LA,0.45664,757,3,8
LBXPCBLA,0.34448,757,3,8
LBXHXCLA,0.32656,757,3,8
LBX118LA,0.14512,757,3,8
LBXD03LA,0.1368,757,3,8
LBXD05LA,0.87584,757,3,8
LBXD07LA,0.07904,757,3,8
LBXF03LA,0.15264,757,3,8
LBXF04LA,0.2432,757,3,8
LBXF05LA,0.68608,757,3,8
LBXF08LA,0.28848,757,3,8
LBX074LA,0.95728,758,1,8
LBX099LA,0.11088,758,1,8
LBX138LA,0.10192,758,1,8
LBX153LA,0.09984,758,1,8
LBX170LA,0.09808,758,1,8
LBX180LA,0.08704,758,1,8
LBX187LA,0.07728,758,1,8
LBX194LA,0.06592,758,1,8
LBXPCBLA,0.05744,758,1,8
LBXHXCLA,0.07296,758,1,8
LBX118LA,0.13952,758,1,8
LBXD03LA,0.06352,758,1,8
LBXD05LA,0.35856,758,1,8
LBXD07LA,0.0808,758,1,8
LBXF03LA,0.06304,758,1,8
LBXF04LA,0.09056,758,1,8
LBXF05LA,0.06608,758,1,8
LBXF08LA,0.47952,758,1,8
LBX074LA,0.16208,759,2,8
LBX099LA,0.7368,759,2,8
LBX138LA,0.19712,759,2,8
LBX153LA,0.55248,759,2,8
LBX170LA,0.28528,759,2,8
LBX180LA,0.3168,759,2,8
LBX187LA,0.13744,759,2,8
LBX194LA,0.2928,759,2,8
LBXPCBLA,0.15328,759,2,8
LBXHXCLA,0.1632,759,2,8
LBX118LA,0.12304,759,2,8
LBXD03LA,0.34992,759,2,8
LBXD05LA,0.22784,759,2,8
LBXD07LA,0.1968,759,2,8
LBXF03LA,0.37632,759,2,8
LBXF04LA,0.512,759,2,8
LBXF05LA,0.11008,759,2,8
LBXF08LA,0.12096,759,2,8
LBX074LA,0.11056,760,2,8
LBX099LA,0.13264,760,2,8
LBX138LA,0.232,760,2,8
LBX153LA,0.28992,760,2,8
LBX170LA,0.19424,760,2,8
LBX180LA,0.1536,760,2,8
LBX187LA,0.38384,760,2,8
LBX194LA,0.63968,760,2,8
LBXPCBLA,0.25008,760,2,8
LBXHXCLA,0.15616,760,2,8
LBX118LA,0.136,760,2,8
LBXD03LA,0.1216,760,2,8
LBXD05LA,0.4392,760,2,8
LBXD07LA,0.16016,760,2,8
LBXF03LA,0.49728,760,2,8
LBXF04LA,0.95984,760,2,8
LBXF05LA,0.13168,760,2,8
LBXF08LA,0.08704,760,2,8
LBX074LA,0.15776,761,4,8
LBX099LA,0.28368,761,4,8
LBX138LA,0.18144,761,4,8
LBX153LA,0.0936,761,4,8
LBX170LA,0.24048,761,4,8
LBX180LA,0.16,761,4,8
LBX187LA,0.10944,761,4,8
LBX194LA,0.87728,761,4,8
LBXPCBLA,0.3464,761,4,8
LBXHXCLA,0.12528,761,4,8
LBX118LA,0.5744,761,4,8
LBXD03LA,0.63408,761,4,8
LBXD05LA,0.36736,761,4,8
LBXD07LA,0.11168,761,4,8
LBXF03LA,0.09008,761,4,8
LBXF04LA,0.86784,761,4,8
LBXF05LA,0.11568,761,4,8
LBXF08LA,0.05488,761,4,8
LBX074LA,0.96176,762,4,8
LBX099LA,0.11104,762,4,8
LBX138LA,0.11632,762,4,8
LBX153LA,0.16736,762,4,8
LBX170LA,0.04944,762,4,8
LBX180LA,0.09344,762,4,8
LBX187LA,0.16496,762,4,8
LBX194LA,0.06272,762,4,8
LBXPCBLA,0.14208,762,4,8
LBXHXCLA,0.08736,762,4,8
LBX118LA,0.21392,762,4,8
LBXD03LA,0.85744,762,4,8
LBXD05LA,0.12464,762,4,8
LBXD07LA,0.14304,762,4,8
LBXF03LA,0.04736,762,4,8
LBXF04LA,0.57728,762,4,8
LBXF05LA,0.1288,762,4,8
LBXF08LA,0.74256,762,4,8
LBX074LA,0.4904,763,2,8
LBX099LA,0.39104,763,2,8
LBX138LA,0.43968,763,2,8
LBX153LA,0.59216,763,2,8
LBX170LA,0.5136,763,2,8
LBX180LA,0.5136,763,2,8
LBX187LA,0.1928,763,2,8
LBX194LA,0.33392,763,2,8
LBXPCBLA,0.39232,763,2,8
LBXHXCLA,0.78272,763,2,8
LBX118LA,0.5672,763,2,8
LBXD03LA,0.16352,763,2,8
LBXD05LA,0.25712,763,2,8
LBXD07LA,0.08976,763,2,8
LBXF03LA,0.93264,763,2,8
LBXF04LA,0.92496,763,2,8
LBXF05LA,0.15424,763,2,8
LBXF08LA,0.2936,763,2,8
LBX074LA,0.08768,764,2,8
LBX099LA,0.18304,764,2,8
LBX138LA,0.14144,764,2,8
LBX153LA,0.14256,764,2,8
LBX170LA,0.15728,764,2,8
LBX180LA,0.28384,764,2,8
LBX187LA,0.1488,764,2,8
LBX194LA,0.17696,764,2,8
LBXPCBLA,0.97664,764,2,8
LBXHXCLA,0.13824,764,2,8
LBX118LA,0.11168,764,2,8
LBXD03LA,0.27056,764,2,8
LBXD05LA,0.65648,764,2,8
LBXD07LA,0.20592,764,2,8
LBXF03LA,0.06896,764,2,8
LBXF04LA,0.59472,764,2,8
LBXF05LA,0.13168,764,2,8
LBXF08LA,0.6456,764,2,8
LBX074LA,0.06656,765,3,8
LBX099LA,0.07488,765,3,8
LBX138LA,0.07504,765,3,8
LBX153LA,0.09472,765,3,8
LBX170LA,0.14976,765,3,8
LBX180LA,0.18416,765,3,8
LBX187LA,0.19856,765,3,8
LBX194LA,0.50272,765,3,8
LBXPCBLA,0.06848,765,3,8
LBXHXCLA,0.12416,765,3,8
LBX118LA,0.05776,765,3,8
LBXD03LA,0.09568,765,3,8
LBXD05LA,0.3272,765,3,8
LBXD07LA,0.3392,765,3,8
LBXF03LA,0.0768,765,3,8
LBXF04LA,0.98592,765,3,8
LBXF05LA,0.12304,765,3,8
LBXF08LA,0.33904,765,3,8
LBX074LA,0.26128,766,1,8
LBX099LA,0.1664,766,1,8
LBX138LA,0.16208,766,1,8
LBX153LA,0.18672,766,1,8
LBX170LA,0.2128,766,1,8
LBX180LA,0.44192,766,1,8
LBX187LA,0.1648,766,1,8
LBX194LA,0.10656,766,1,8
LBXPCBLA,0.91952,766,1,8
LBXHXCLA,0.2264,766,1,8
LBX118LA,0.19472,766,1,8
LBXD03LA,0.28304,766,1,8
LBXD05LA,0.11248,766,1,8
LBXD07LA,0.12208,766,1,8
LBXF03LA,0.0848,766,1,8
LBXF04LA,0.13984,766,1,8
LBXF05LA,0.10736,766,1,8
LBXF08LA,0.10432,766,1,8
LBX074LA,0.37424,767,2,8
LBX099LA,0.12928,767,2,8
LBX138LA,0.12944,767,2,8
LBX153LA,0.23968,767,2,8
LBX170LA,0.29568,767,2,8
LBX180LA,0.18464,767,2,8
LBX187LA,0.33584,767,2,8
LBX194LA,0.22256,767,2,8
LBXPCBLA,0.1056,767,2,8
LBXHXCLA,0.14256,767,2,8
LBX118LA,0.16624,767,2,8
LBXD03LA,0.17136,767,2,8
LBXD05LA,0.09088,767,2,8
LBXD07LA,0.2608,767,2,8
LBXF03LA,0.07632,767,2,8
LBXF04LA,0.57488,767,2,8
LBXF05LA,0.49104,767,2,8
LBXF08LA,0.24192,767,2,8
LBX074LA,0.09168,768,4,8
LBX099LA,0.9776,768,4,8
LBX138LA,0.11312,768,4,8
LBX153LA,0.09424,768,4,8
LBX170LA,0.10224,768,4,8
LBX180LA,0.09808,768,4,8
LBX187LA,0.10896,768,4,8
LBX194LA,0.7168,768,4,8
LBXPCBLA,0.34944,768,4,8
LBXHXCLA,0.0952,768,4,8
LBX118LA,0.1472,768,4,8
LBXD03LA,0.97984,768,4,8
LBXD05LA,0.10288,768,4,8
LBXD07LA,0.1432,768,4,8
LBXF03LA,0.08112,768,4,8
LBXF04LA,0.24528,768,4,8
LBXF05LA,0.16176,768,4,8
LBXF08LA,0.5536,768,4,8
LBX074LA,0.34592,769,2,8
LBX099LA,0.21904,769,2,8
LBX138LA,0.20992,769,2,8
LBX153LA,0.48368,769,2,8
LBX170LA,0.29488,769,2,8
LBX180LA,0.2064,769,2,8
LBX187LA,0.26128,769,2,8
LBX194LA,0.22208,769,2,8
LBXPCBLA,0.09552,769,2,8
LBXHXCLA,0.11136,769,2,8
LBX118LA,0.13184,769,2,8
LBXD03LA,0.58192,769,2,8
LBXD05LA,0.09184,769,2,8
LBXD07LA,0.15536,769,2,8
LBXF03LA,0.22656,769,2,8
LBXF04LA,0.4656,769,2,8
LBXF05LA,0.34368,769,2,8
LBXF08LA,0.4008,769,2,8
LBX074LA,0.10176,770,3,8
LBX099LA,0.08,770,3,8
LBX138LA,0.09088,770,3,8
LBX153LA,0.1176,770,3,8
LBX170LA,0.32272,770,3,8
LBX180LA,0.10832,770,3,8
LBX187LA,0.27584,770,3,8
LBX194LA,0.24016,770,3,8
LBXPCBLA,0.87488,770,3,8
LBXHXCLA,0.12272,770,3,8
LBX118LA,0.10016,770,3,8
LBXD03LA,0.38864,770,3,8
LBXD05LA,0.41488,770,3,8
LBXD07LA,0.27248,770,3,8
LBXF03LA,0.12944,770,3,8
LBXF04LA,0.18864,770,3,8
LBXF05LA,0.58784,770,3,8
LBXF08LA,0.0568,770,3,8
LBX074LA,0.17616,771,3,8
LBX099LA,0.19696,771,3,8
LBX138LA,0.13504,771,3,8
LBX153LA,0.16048,771,3,8
LBX170LA,0.15264,771,3,8
LBX180LA,0.09904,771,3,8
LBX187LA,0.14208,771,3,8
LBX194LA,0.07968,771,3,8
LBXPCBLA,0.07568,771,3,8
LBXHXCLA,0.02832,771,3,8
LBX118LA,0.62,771,3,8
LBXD03LA,0.54592,771,3,8
LBXD05LA,0.09488,771,3,8
LBXD07LA,0.07568,771,3,8
LBXF03LA,0.05472,771,3,8
LBXF04LA,0.99056,771,3,8
LBXF05LA,0.62816,771,3,8
LBXF08LA,0.04528,771,3,8
LBX074LA,0.31328,772,1,8
LBX099LA,0.33456,772,1,8
LBX138LA,0.46832,772,1,8
LBX153LA,0.29408,772,1,8
LBX170LA,0.42592,772,1,8
LBX180LA,0.23888,772,1,8
LBX187LA,0.41888,772,1,8
LBX194LA,0.31424,772,1,8
LBXPCBLA,0.13584,772,1,8
LBXHXCLA,0.29808,772,1,8
LBX118LA,0.7624,772,1,8
LBXD03LA,0.16352,772,1,8
LBXD05LA,0.29072,772,1,8
LBXD07LA,0.18976,772,1,8
LBXF03LA,0.1784,772,1,8
LBXF04LA,0.4624,772,1,8
LBXF05LA,0.33376,772,1,8
LBXF08LA,0.72304,772,1,8
LBX074LA,0.23136,773,4,8
LBX099LA,0.10384,773,4,8
LBX138LA,0.19536,773,4,8
LBX153LA,0.23136,773,4,8
LBX170LA,0.19408,773,4,8
LBX180LA,0.3576,773,4,8
LBX187LA,0.23024,773,4,8
LBX194LA,0.79024,773,4,8
LBXPCBLA,0.99136,773,4,8
LBXHXCLA,0.156,773,4,8
LBX118LA,0.41392,773,4,8
LBXD03LA,0.26832,773,4,8
LBXD05LA,0.97136,773,4,8
LBXD07LA,0.16816,773,4,8
LBXF03LA,0.14416,773,4,8
LBXF04LA,0.09008,773,4,8
LBXF05LA,0.95344,773,4,8
LBXF08LA,0.06464,773,4,8
LBX074LA,0.12944,774,2,8
LBX099LA,0.15152,774,2,8
LBX138LA,0.16144,774,2,8
LBX153LA,0.17232,774,2,8
LBX170LA,0.18512,774,2,8
LBX180LA,0.15264,774,2,8
LBX187LA,0.19408,774,2,8
LBX194LA,0.98288,774,2,8
LBXPCBLA,0.45696,774,2,8
LBXHXCLA,0.21856,774,2,8
LBX118LA,0.14528,774,2,8
LBXD03LA,0.14464,774,2,8
LBXD05LA,0.72672,774,2,8
LBXD07LA,0.30144,774,2,8
LBXF03LA,0.1152,774,2,8
LBXF04LA,0.26144,774,2,8
LBXF05LA,0.16016,774,2,8
LBXF08LA,0.92336,774,2,8
LBX074LA,0.82512,775,3,8
LBX099LA,0.0472,775,3,8
LBX138LA,0.14784,775,3,8
LBX153LA,0.12688,775,3,8
LBX170LA,0.05664,775,3,8
LBX180LA,0.07888,775,3,8
LBX187LA,0.07968,775,3,8
LBX194LA,0.07904,775,3,8
LBXPCBLA,0.04784,775,3,8
LBXHXCLA,0.44752,775,3,8
LBX118LA,0.45216,775,3,8
LBXD03LA,0.13168,775,3,8
LBXD05LA,0.22944,775,3,8
LBXD07LA,0.04048,775,3,8
LBXF03LA,0.5512,775,3,8
LBXF04LA,0.28496,775,3,8
LBXF05LA,0.1208,775,3,8
LBXF08LA,0.08608,775,3,8
LBX074LA,0.13888,776,1,8
LBX099LA,0.15776,776,1,8
LBX138LA,0.17776,776,1,8
LBX153LA,0.21424,776,1,8
LBX170LA,0.5992,776,1,8
LBX180LA,0.50704,776,1,8
LBX187LA,0.61232,776,1,8
LBX194LA,0.272,776,1,8
LBXPCBLA,0.66544,776,1,8
LBXHXCLA,0.22464,776,1,8
LBX118LA,0.17808,776,1,8
LBXD03LA,0.16512,776,1,8
LBXD05LA,0.19072,776,1,8
LBXD07LA,0.14672,776,1,8
LBXF03LA,0.19344,776,1,8
LBXF04LA,0.39872,776,1,8
LBXF05LA,0.31392,776,1,8
LBXF08LA,0.49152,776,1,8
LBX074LA,0.13136,777,2,8
LBX099LA,0.35776,777,2,8
LBX138LA,0.1208,777,2,8
LBX153LA,0.1584,777,2,8
LBX170LA,0.15296,777,2,8
LBX180LA,0.16448,777,2,8
LBX187LA,0.1736,777,2,8
LBX194LA,0.56368,777,2,8
LBXPCBLA,0.16048,777,2,8
LBXHXCLA,0.17312,777,2,8
LBX118LA,0.10864,777,2,8
LBXD03LA,0.21424,777,2,8
LBXD05LA,0.84608,777,2,8
LBXD07LA,0.07968,777,2,8
LBXF03LA,0.25392,777,2,8
LBXF04LA,0.2992,777,2,8
LBXF05LA,0.192,777,2,8
LBXF08LA,0.09072,777,2,8
LBX074LA,0.1312,778,4,8
LBX099LA,0.1304,778,4,8
LBX138LA,0.33664,778,4,8
LBX153LA,0.30784,778,4,8
LBX170LA,0.1912,778,4,8
LBX180LA,0.15056,778,4,8
LBX187LA,0.28912,778,4,8
LBX194LA,0.97392,778,4,8
LBXPCBLA,0.27136,778,4,8
LBXHXCLA,0.22736,778,4,8
LBX118LA,0.27776,778,4,8
LBXD03LA,0.08736,778,4,8
LBXD05LA,0.23696,778,4,8
LBXD07LA,0.97984,778,4,8
LBXF03LA,0.0504,778,4,8
LBXF04LA,0.08928,778,4,8
LBXF05LA,0.32592,778,4,8
LBXF08LA,0.03712,778,4,8
LBX074LA,0.45264,779,1,8
LBX099LA,0.5256,779,1,8
LBX138LA,0.16512,779,1,8
LBX153LA,0.19632,779,1,8
LBX170LA,0.1888,779,1,8
LBX180LA,0.39504,779,1,8
LBX187LA,0.15072,779,1,8
LBX194LA,0.24672,779,1,8
LBXPCBLA,0.37488,779,1,8
LBXHXCLA,0.11472,779,1,8
LBX118LA,0.29712,779,1,8
LBXD03LA,0.13344,779,1,8
LBXD05LA,0.94672,779,1,8
LBXD07LA,0.18624,779,1,8
LBXF03LA,0.13424,779,1,8
LBXF04LA,0.12464,779,1,8
LBXF05LA,0.10944,779,1,8
LBXF08LA,0.09152,779,1,8
LBX074LA,0.09168,780,3,8
LBX099LA,0.0912,780,3,8
LBX138LA,0.1088,780,3,8
LBX153LA,0.16848,780,3,8
LBX170LA,0.13056,780,3,8
LBX180LA,0.54912,780,3,8
LBX187LA,0.15008,780,3,8
LBX194LA,0.22752,780,3,8
LBXPCBLA,0.09712,780,3,8
LBXHXCLA,0.55056,780,3,8
LBX118LA,0.1368,780,3,8
LBXD03LA,0.0672,780,3,8
LBXD05LA,1,780,3,8
LBXD07LA,0.0592,780,3,8
LBXF03LA,0.0832,780,3,8
LBXF04LA,0.5816,780,3,8
LBXF05LA,0.31056,780,3,8
LBXF08LA,0.14416,780,3,8
LBX074LA,0.52288,781,3,8
LBX099LA,0.46688,781,3,8
LBX138LA,0.22832,781,3,8
LBX153LA,0.4584,781,3,8
LBX170LA,0.31808,781,3,8
LBX180LA,0.30272,781,3,8
LBX187LA,0.24144,781,3,8
LBX194LA,0.94544,781,3,8
LBXPCBLA,0.09712,781,3,8
LBXHXCLA,0.23424,781,3,8
LBX118LA,0.14144,781,3,8
LBXD03LA,0.53712,781,3,8
LBXD05LA,0.23584,781,3,8
LBXD07LA,0.1336,781,3,8
LBXF03LA,0.08432,781,3,8
LBXF04LA,0.54176,781,3,8
LBXF05LA,0.23024,781,3,8
LBXF08LA,0.33808,781,3,8
LBX074LA,0.15184,782,2,8
LBX099LA,0.13376,782,2,8
LBX138LA,0.14656,782,2,8
LBX153LA,0.17936,782,2,8
LBX170LA,0.23984,782,2,8
LBX180LA,0.21984,782,2,8
LBX187LA,0.2936,782,2,8
LBX194LA,0.19568,782,2,8
LBXPCBLA,0.91024,782,2,8
LBXHXCLA,0.1712,782,2,8
LBX118LA,0.58912,782,2,8
LBXD03LA,0.31696,782,2,8
LBXD05LA,0.18032,782,2,8
LBXD07LA,0.35072,782,2,8
LBXF03LA,0.53648,782,2,8
LBXF04LA,0.87168,782,2,8
LBXF05LA,0.31888,782,2,8
LBXF08LA,0.37232,782,2,8
LBX074LA,0.2944,783,2,8
LBX099LA,0.0768,783,2,8
LBX138LA,0.08416,783,2,8
LBX153LA,0.132,783,2,8
LBX170LA,0.2,783,2,8
LBX180LA,0.08,783,2,8
LBX187LA,0.21024,783,2,8
LBX194LA,0.31968,783,2,8
LBXPCBLA,0.47408,783,2,8
LBXHXCLA,0.06688,783,2,8
LBX118LA,0.38064,783,2,8
LBXD03LA,0.05248,783,2,8
LBXD05LA,0.06272,783,2,8
LBXD07LA,0.4232,783,2,8
LBXF03LA,0.04064,783,2,8
LBXF04LA,0.1984,783,2,8
LBXF05LA,0.05424,783,2,8
LBXF08LA,0.03824,783,2,8
LBX074LA,0.88352,784,2,8
LBX099LA,0.07664,784,2,8
LBX138LA,0.19104,784,2,8
LBX153LA,0.272,784,2,8
LBX170LA,0.17136,784,2,8
LBX180LA,0.33328,784,2,8
LBX187LA,0.1712,784,2,8
LBX194LA,0.08384,784,2,8
LBXPCBLA,0.04576,784,2,8
LBXHXCLA,0.07808,784,2,8
LBX118LA,0.08864,784,2,8
LBXD03LA,0.09248,784,2,8
LBXD05LA,0.09136,784,2,8
LBXD07LA,0.1096,784,2,8
LBXF03LA,0.07872,784,2,8
LBXF04LA,0.68128,784,2,8
LBXF05LA,0.0928,784,2,8
LBXF08LA,0.04672,784,2,8
LBX074LA,0.1096,785,3,8
LBX099LA,0.14512,785,3,8
LBX138LA,0.1312,785,3,8
LBX153LA,0.65312,785,3,8
LBX170LA,0.1184,785,3,8
LBX180LA,0.18608,785,3,8
LBX187LA,0.19872,785,3,8
LBX194LA,0.11008,785,3,8
LBXPCBLA,0.12496,785,3,8
LBXHXCLA,0.20912,785,3,8
LBX118LA,0.11536,785,3,8
LBXD03LA,0.28384,785,3,8
LBXD05LA,0.04944,785,3,8
LBXD07LA,0.10432,785,3,8
LBXF03LA,0.79936,785,3,8
LBXF04LA,0.07056,785,3,8
LBXF05LA,0.31664,785,3,8
LBXF08LA,0.73168,785,3,8
LBX074LA,0.15808,786,2,8
LBX099LA,0.08704,786,2,8
LBX138LA,0.10352,786,2,8
LBX153LA,0.0936,786,2,8
LBX170LA,0.14112,786,2,8
LBX180LA,0.09632,786,2,8
LBX187LA,0.11088,786,2,8
LBX194LA,0.25776,786,2,8
LBXPCBLA,0.09136,786,2,8
LBXHXCLA,0.10768,786,2,8
LBX118LA,0.36576,786,2,8
LBXD03LA,0.21424,786,2,8
LBXD05LA,0.06144,786,2,8
LBXD07LA,0.0864,786,2,8
LBXF03LA,0.096,786,2,8
LBXF04LA,0.63472,786,2,8
LBXF05LA,0.14256,786,2,8
LBXF08LA,0.03984,786,2,8
LBX074LA,0.90512,787,2,8
LBX099LA,0.0488,787,2,8
LBX138LA,0.0688,787,2,8
LBX153LA,0.06816,787,2,8
LBX170LA,0.09056,787,2,8
LBX180LA,0.05408,787,2,8
LBX187LA,0.076,787,2,8
LBX194LA,0.08672,787,2,8
LBXPCBLA,0.02528,787,2,8
LBXHXCLA,0.05984,787,2,8
LBX118LA,0.0784,787,2,8
LBXD03LA,0.11776,787,2,8
LBXD05LA,0.44,787,2,8
LBXD07LA,0.20544,787,2,8
LBXF03LA,0.0192,787,2,8
LBXF04LA,0.38912,787,2,8
LBXF05LA,0.10288,787,2,8
LBXF08LA,0.0672,787,2,8
LBX074LA,0.29904,788,3,8
LBX099LA,0.23856,788,3,8
LBX138LA,0.37312,788,3,8
LBX153LA,0.26048,788,3,8
LBX170LA,0.27888,788,3,8
LBX180LA,0.3248,788,3,8
LBX187LA,0.59376,788,3,8
LBX194LA,0.216,788,3,8
LBXPCBLA,0.08656,788,3,8
LBXHXCLA,0.1896,788,3,8
LBX118LA,0.20624,788,3,8
LBXD03LA,0.34736,788,3,8
LBXD05LA,0.6808,788,3,8
LBXD07LA,0.73648,788,3,8
LBXF03LA,0.68704,788,3,8
LBXF04LA,0.62736,788,3,8
LBXF05LA,0.2112,788,3,8
LBXF08LA,0.316,788,3,8
LBX074LA,0.33632,789,2,8
LBX099LA,0.16064,789,2,8
LBX138LA,0.17824,789,2,8
LBX153LA,0.13248,789,2,8
LBX170LA,0.16656,789,2,8
LBX180LA,0.12864,789,2,8
LBX187LA,0.21776,789,2,8
LBX194LA,0.36144,789,2,8
LBXPCBLA,0.53968,789,2,8
LBXHXCLA,0.09888,789,2,8
LBX118LA,0.14144,789,2,8
LBXD03LA,0.45696,789,2,8
LBXD05LA,0.66512,789,2,8
LBXD07LA,0.08672,789,2,8
LBXF03LA,0.12112,789,2,8
LBXF04LA,0.21776,789,2,8
LBXF05LA,0.8408,789,2,8
LBXF08LA,0.064,789,2,8
LBX074LA,0.72352,790,1,8
LBX099LA,0.15376,790,1,8
LBX138LA,0.19216,790,1,8
LBX153LA,0.26496,790,1,8
LBX170LA,0.31056,790,1,8
LBX180LA,0.36528,790,1,8
LBX187LA,0.3192,790,1,8
LBX194LA,0.24,790,1,8
LBXPCBLA,0.24576,790,1,8
LBXHXCLA,0.1304,790,1,8
LBX118LA,0.17888,790,1,8
LBXD03LA,0.13024,790,1,8
LBXD05LA,0.13104,790,1,8
LBXD07LA,0.08992,790,1,8
LBXF03LA,0.31536,790,1,8
LBXF04LA,0.21792,790,1,8
LBXF05LA,0.31552,790,1,8
LBXF08LA,0.14208,790,1,8
LBX074LA,0.14416,791,3,8
LBX099LA,0.20496,791,3,8
LBX138LA,0.55328,791,3,8
LBX153LA,0.44016,791,3,8
LBX170LA,0.25008,791,3,8
LBX180LA,0.25232,791,3,8
LBX187LA,0.72448,791,3,8
LBX194LA,0.14288,791,3,8
LBXPCBLA,0.07104,791,3,8
LBXHXCLA,0.05472,791,3,8
LBX118LA,0.53632,791,3,8
LBXD03LA,0.08816,791,3,8
LBXD05LA,0.04384,791,3,8
LBXD07LA,0.07152,791,3,8
LBXF03LA,0.0328,791,3,8
LBXF04LA,0.25744,791,3,8
LBXF05LA,0.05328,791,3,8
LBXF08LA,0.0256,791,3,8
LBX074LA,0.21888,792,1,8
LBX099LA,0.10064,792,1,8
LBX138LA,0.08112,792,1,8
LBX153LA,0.09232,792,1,8
LBX170LA,0.11232,792,1,8
LBX180LA,0.10672,792,1,8
LBX187LA,0.16752,792,1,8
LBX194LA,0.98848,792,1,8
LBXPCBLA,0.06256,792,1,8
LBXHXCLA,0.08288,792,1,8
LBX118LA,0.09552,792,1,8
LBXD03LA,0.0888,792,1,8
LBXD05LA,0.77264,792,1,8
LBXD07LA,0.25904,792,1,8
LBXF03LA,0.07456,792,1,8
LBXF04LA,0.07728,792,1,8
LBXF05LA,0.08112,792,1,8
LBXF08LA,0.06304,792,1,8
LBX074LA,0.47696,793,2,8
LBX099LA,0.1768,793,2,8
LBX138LA,0.1376,793,2,8
LBX153LA,0.22928,793,2,8
LBX170LA,0.17808,793,2,8
LBX180LA,0.19632,793,2,8
LBX187LA,0.56192,793,2,8
LBX194LA,0.37888,793,2,8
LBXPCBLA,0.69696,793,2,8
LBXHXCLA,0.14176,793,2,8
LBX118LA,0.3296,793,2,8
LBXD03LA,0.18192,793,2,8
LBXD05LA,0.48496,793,2,8
LBXD07LA,0.52528,793,2,8
LBXF03LA,0.24864,793,2,8
LBXF04LA,0.93056,793,2,8
LBXF05LA,0.11632,793,2,8
LBXF08LA,0.32288,793,2,8
LBX074LA,0.148,794,2,8
LBX099LA,0.63568,794,2,8
LBX138LA,0.14,794,2,8
LBX153LA,0.23584,794,2,8
LBX170LA,0.18768,794,2,8
LBX180LA,0.136,794,2,8
LBX187LA,0.12224,794,2,8
LBX194LA,0.19216,794,2,8
LBXPCBLA,0.09472,794,2,8
LBXHXCLA,0.1168,794,2,8
LBX118LA,0.19104,794,2,8
LBXD03LA,0.08704,794,2,8
LBXD05LA,0.10272,794,2,8
LBXD07LA,0.05936,794,2,8
LBXF03LA,0.28496,794,2,8
LBXF04LA,0.96224,794,2,8
LBXF05LA,0.12944,794,2,8
LBXF08LA,0.04192,794,2,8
LBX074LA,0.71024,795,2,8
LBX099LA,0.752,795,2,8
LBX138LA,0.2248,795,2,8
LBX153LA,0.296,795,2,8
LBX170LA,0.21056,795,2,8
LBX180LA,0.29392,795,2,8
LBX187LA,0.65744,795,2,8
LBX194LA,0.15392,795,2,8
LBXPCBLA,0.1616,795,2,8
LBXHXCLA,0.25008,795,2,8
LBX118LA,0.22704,795,2,8
LBXD03LA,0.14832,795,2,8
LBXD05LA,0.948,795,2,8
LBXD07LA,0.10144,795,2,8
LBXF03LA,0.1912,795,2,8
LBXF04LA,0.07488,795,2,8
LBXF05LA,0.07888,795,2,8
LBXF08LA,0.04896,795,2,8
LBX074LA,0.28144,796,3,8
LBX099LA,0.15296,796,3,8
LBX138LA,0.15312,796,3,8
LBX153LA,0.20896,796,3,8
LBX170LA,0.51984,796,3,8
LBX180LA,0.15728,796,3,8
LBX187LA,0.1448,796,3,8
LBX194LA,0.18016,796,3,8
LBXPCBLA,0.33008,796,3,8
LBXHXCLA,0.13936,796,3,8
LBX118LA,0.14336,796,3,8
LBXD03LA,0.752,796,3,8
LBXD05LA,0.472,796,3,8
LBXD07LA,0.5088,796,3,8
LBXF03LA,0.1272,796,3,8
LBXF04LA,0.50672,796,3,8
LBXF05LA,0.2456,796,3,8
LBXF08LA,0.06704,796,3,8
LBX074LA,0.09248,797,1,8
LBX099LA,0.1216,797,1,8
LBX138LA,0.15936,797,1,8
LBX153LA,0.24384,797,1,8
LBX170LA,0.54464,797,1,8
LBX180LA,0.3688,797,1,8
LBX187LA,0.17312,797,1,8
LBX194LA,0.5216,797,1,8
LBXPCBLA,0.13776,797,1,8
LBXHXCLA,0.2344,797,1,8
LBX118LA,0.1288,797,1,8
LBXD03LA,0.15264,797,1,8
LBXD05LA,0.12816,797,1,8
LBXD07LA,0.08496,797,1,8
LBXF03LA,0.12336,797,1,8
LBXF04LA,0.83168,797,1,8
LBXF05LA,0.1824,797,1,8
LBXF08LA,0.06768,797,1,8
LBX074LA,0.09312,798,2,8
LBX099LA,0.39088,798,2,8
LBX138LA,0.18608,798,2,8
LBX153LA,0.15248,798,2,8
LBX170LA,0.16416,798,2,8
LBX180LA,0.22544,798,2,8
LBX187LA,0.132,798,2,8
LBX194LA,0.93216,798,2,8
LBXPCBLA,0.23552,798,2,8
LBXHXCLA,0.2744,798,2,8
LBX118LA,0.14832,798,2,8
LBXD03LA,0.13616,798,2,8
LBXD05LA,0.10272,798,2,8
LBXD07LA,0.0528,798,2,8
LBXF03LA,0.0736,798,2,8
LBXF04LA,0.86496,798,2,8
LBXF05LA,0.15904,798,2,8
LBXF08LA,0.1088,798,2,8
LBX074LA,0.66208,799,3,8
LBX099LA,0.06352,799,3,8
LBX138LA,0.10288,799,3,8
LBX153LA,0.12496,799,3,8
LBX170LA,0.12944,799,3,8
LBX180LA,0.296,799,3,8
LBX187LA,0.15824,799,3,8
LBX194LA,0.3112,799,3,8
LBXPCBLA,0.47872,799,3,8
LBXHXCLA,0.12272,799,3,8
LBX118LA,0.1296,799,3,8
LBXD03LA,0.13552,799,3,8
LBXD05LA,0.44912,799,3,8
LBXD07LA,0.08336,799,3,8
LBXF03LA,0.3624,799,3,8
LBXF04LA,0.83632,799,3,8
LBXF05LA,0.41504,799,3,8
LBXF08LA,0.17216,799,3,8
LBX074LA,0.59856,800,2,8
LBX099LA,0.11408,800,2,8
LBX138LA,0.5784,800,2,8
LBX153LA,0.7048,800,2,8
LBX170LA,0.22672,800,2,8
LBX180LA,0.22432,800,2,8
LBX187LA,0.16176,800,2,8
LBX194LA,0.1976,800,2,8
LBXPCBLA,0.20608,800,2,8
LBXHXCLA,0.18096,800,2,8
LBX118LA,0.16064,800,2,8
LBXD03LA,0.86416,800,2,8
LBXD05LA,0.0536,800,2,8
LBXD07LA,0.06976,800,2,8
LBXF03LA,0.2928,800,2,8
LBXF04LA,0.23488,800,2,8
LBXF05LA,0.07168,800,2,8
LBXF08LA,0.05136,800,2,8
LBX074LA,0.40624,801,4,9
LBX099LA,0.05504,801,4,9
LBX138LA,0.36192,801,4,9
LBX153LA,0.2504,801,4,9
LBX170LA,0.1984,801,4,9
LBX180LA,0.40416,801,4,9
LBX187LA,0.28768,801,4,9
LBX194LA,0.15168,801,4,9
LBXPCBLA,0.19984,801,4,9
LBXHXCLA,0.10336,801,4,9
LBX118LA,0.53424,801,4,9
LBXD03LA,0.29344,801,4,9
LBXD05LA,0.30144,801,4,9
LBXD07LA,0.13792,801,4,9
LBXF03LA,0.47328,801,4,9
LBXF04LA,0.59952,801,4,9
LBXF05LA,0.44896,801,4,9
LBXF08LA,0.072,801,4,9
LBX074LA,0.2176,802,3,9
LBX099LA,0.32576,802,3,9
LBX138LA,0.13952,802,3,9
LBX153LA,0.14528,802,3,9
LBX170LA,0.18096,802,3,9
LBX180LA,0.21392,802,3,9
LBX187LA,0.27856,802,3,9
LBX194LA,0.49584,802,3,9
LBXPCBLA,0.45408,802,3,9
LBXHXCLA,0.14128,802,3,9
LBX118LA,0.26064,802,3,9
LBXD03LA,0.3944,802,3,9
LBXD05LA,0.82272,802,3,9
LBXD07LA,0.16688,802,3,9
LBXF03LA,0.0736,802,3,9
LBXF04LA,0.79136,802,3,9
LBXF05LA,0.08704,802,3,9
LBXF08LA,0.36256,802,3,9
LBX074LA,0.09552,803,1,9
LBX099LA,0.09728,803,1,9
LBX138LA,0.128,803,1,9
LBX153LA,0.14704,803,1,9
LBX170LA,0.4728,803,1,9
LBX180LA,0.20864,803,1,9
LBX187LA,0.15056,803,1,9
LBX194LA,0.12096,803,1,9
LBXPCBLA,0.31824,803,1,9
LBXHXCLA,0.13248,803,1,9
LBX118LA,0.07728,803,1,9
LBXD03LA,0.63984,803,1,9
LBXD05LA,0.63408,803,1,9
LBXD07LA,0.1016,803,1,9
LBXF03LA,0.12784,803,1,9
LBXF04LA,0.1344,803,1,9
LBXF05LA,0.24592,803,1,9
LBXF08LA,0.89408,803,1,9
LBX074LA,0.1488,804,4,9
LBX099LA,0.10064,804,4,9
LBX138LA,0.05056,804,4,9
LBX153LA,0.07712,804,4,9
LBX170LA,0.1192,804,4,9
LBX180LA,0.0792,804,4,9
LBX187LA,0.14832,804,4,9
LBX194LA,0.2304,804,4,9
LBXPCBLA,0.10544,804,4,9
LBXHXCLA,0.06224,804,4,9
LBX118LA,0.23056,804,4,9
LBXD03LA,0.13616,804,4,9
LBXD05LA,0.9368,804,4,9
LBXD07LA,0.21632,804,4,9
LBXF03LA,0.10064,804,4,9
LBXF04LA,0.99792,804,4,9
LBXF05LA,0.14208,804,4,9
LBXF08LA,0.03856,804,4,9
LBX074LA,0.03568,805,3,9
LBX099LA,0.04544,805,3,9
LBX138LA,0.0528,805,3,9
LBX153LA,0.05072,805,3,9
LBX170LA,0.10048,805,3,9
LBX180LA,0.04528,805,3,9
LBX187LA,0.08384,805,3,9
LBX194LA,0.87408,805,3,9
LBXPCBLA,0.06784,805,3,9
LBXHXCLA,0.03536,805,3,9
LBX118LA,0.05872,805,3,9
LBXD03LA,0.09776,805,3,9
LBXD05LA,0.6584,805,3,9
LBXD07LA,0.44304,805,3,9
LBXF03LA,0.03728,805,3,9
LBXF04LA,0.06736,805,3,9
LBXF05LA,0.2088,805,3,9
LBXF08LA,0.07664,805,3,9
LBX074LA,0.22304,806,1,9
LBX099LA,0.0976,806,1,9
LBX138LA,0.21568,806,1,9
LBX153LA,0.64976,806,1,9
LBX170LA,0.18304,806,1,9
LBX180LA,0.29568,806,1,9
LBX187LA,0.12784,806,1,9
LBX194LA,0.39856,806,1,9
LBXPCBLA,0.09152,806,1,9
LBXHXCLA,0.09552,806,1,9
LBX118LA,0.16416,806,1,9
LBXD03LA,0.09392,806,1,9
LBXD05LA,0.0872,806,1,9
LBXD07LA,0.8808,806,1,9
LBXF03LA,0.06064,806,1,9
LBXF04LA,0.08144,806,1,9
LBXF05LA,0.07408,806,1,9
LBXF08LA,0.93328,806,1,9
LBX074LA,0.14768,807,2,9
LBX099LA,0.13424,807,2,9
LBX138LA,0.29184,807,2,9
LBX153LA,0.47232,807,2,9
LBX170LA,0.56128,807,2,9
LBX180LA,0.22128,807,2,9
LBX187LA,0.20096,807,2,9
LBX194LA,0.1776,807,2,9
LBXPCBLA,0.35152,807,2,9
LBXHXCLA,0.12928,807,2,9
LBX118LA,0.40608,807,2,9
LBXD03LA,0.13392,807,2,9
LBXD05LA,0.48656,807,2,9
LBXD07LA,0.10976,807,2,9
LBXF03LA,0.07008,807,2,9
LBXF04LA,0.2064,807,2,9
LBXF05LA,0.12704,807,2,9
LBXF08LA,0.4832,807,2,9
LBX074LA,0.97936,808,1,9
LBX099LA,0.18288,808,1,9
LBX138LA,0.40944,808,1,9
LBX153LA,0.46384,808,1,9
LBX170LA,0.38976,808,1,9
LBX180LA,0.25584,808,1,9
LBX187LA,0.20704,808,1,9
LBX194LA,0.7384,808,1,9
LBXPCBLA,0.08688,808,1,9
LBXHXCLA,0.24208,808,1,9
LBX118LA,0.12784,808,1,9
LBXD03LA,0.1616,808,1,9
LBXD05LA,0.86112,808,1,9
LBXD07LA,0.14656,808,1,9
LBXF03LA,0.252,808,1,9
LBXF04LA,0.92816,808,1,9
LBXF05LA,0.15264,808,1,9
LBXF08LA,0.23744,808,1,9
LBX074LA,0.03504,809,4,9
LBX099LA,0.21648,809,4,9
LBX138LA,0.24352,809,4,9
LBX153LA,0.66624,809,4,9
LBX170LA,0.11088,809,4,9
LBX180LA,0.14768,809,4,9
LBX187LA,0.07248,809,4,9
LBX194LA,0.80912,809,4,9
LBXPCBLA,0.05968,809,4,9
LBXHXCLA,0.05312,809,4,9
LBX118LA,0.08144,809,4,9
LBXD03LA,0.96992,809,4,9
LBXD05LA,0.84448,809,4,9
LBXD07LA,0.14144,809,4,9
LBXF03LA,0.02272,809,4,9
LBXF04LA,0.19472,809,4,9
LBXF05LA,0.05376,809,4,9
LBXF08LA,0.91024,809,4,9
LBX074LA,0.13888,810,3,9
LBX099LA,0.15872,810,3,9
LBX138LA,0.10736,810,3,9
LBX153LA,0.152,810,3,9
LBX170LA,0.1928,810,3,9
LBX180LA,0.216,810,3,9
LBX187LA,0.11312,810,3,9
LBX194LA,0.89968,810,3,9
LBXPCBLA,0.17776,810,3,9
LBXHXCLA,0.83168,810,3,9
LBX118LA,0.13408,810,3,9
LBXD03LA,0.16784,810,3,9
LBXD05LA,0.18736,810,3,9
LBXD07LA,0.1552,810,3,9
LBXF03LA,0.04288,810,3,9
LBXF04LA,0.92512,810,3,9
LBXF05LA,0.07696,810,3,9
LBXF08LA,0.73744,810,3,9
LBX074LA,0.31232,811,1,9
LBX099LA,0.13248,811,1,9
LBX138LA,0.12448,811,1,9
LBX153LA,0.1664,811,1,9
LBX170LA,0.62784,811,1,9
LBX180LA,0.20496,811,1,9
LBX187LA,0.1328,811,1,9
LBX194LA,0.16656,811,1,9
LBXPCBLA,0.14336,811,1,9
LBXHXCLA,0.17024,811,1,9
LBX118LA,0.12096,811,1,9
LBXD03LA,0.11264,811,1,9
LBXD05LA,0.11552,811,1,9
LBXD07LA,0.27952,811,1,9
LBXF03LA,0.74,811,1,9
LBXF04LA,0.08384,811,1,9
LBXF05LA,0.26624,811,1,9
LBXF08LA,0.99136,811,1,9
LBX074LA,0.10288,812,2,9
LBX099LA,0.79344,812,2,9
LBX138LA,0.11408,812,2,9
LBX153LA,0.1104,812,2,9
LBX170LA,0.12672,812,2,9
LBX180LA,0.18688,812,2,9
LBX187LA,0.10352,812,2,9
LBX194LA,0.15968,812,2,9
LBXPCBLA,0.11936,812,2,9
LBXHXCLA,0.81936,812,2,9
LBX118LA,0.07616,812,2,9
LBXD03LA,0.19776,812,2,9
LBXD05LA,0.3176,812,2,9
LBXD07LA,0.06752,812,2,9
LBXF03LA,0.0936,812,2,9
LBXF04LA,0.9952,812,2,9
LBXF05LA,0.19968,812,2,9
LBXF08LA,0.03728,812,2,9
LBX074LA,0.25088,813,2,9
LBX099LA,0.11888,813,2,9
LBX138LA,0.2376,813,2,9
LBX153LA,0.16336,813,2,9
LBX170LA,0.15792,813,2,9
LBX180LA,0.13664,813,2,9
LBX187LA,0.10752,813,2,9
LBX194LA,0.31776,813,2,9
LBXPCBLA,0.724,813,2,9
LBXHXCLA,0.2496,813,2,9
LBX118LA,0.17104,813,2,9
LBXD03LA,0.1552,813,2,9
LBXD05LA,0.18272,813,2,9
LBXD07LA,0.06752,813,2,9
LBXF03LA,0.5816,813,2,9
LBXF04LA,0.8008,813,2,9
LBXF05LA,0.47008,813,2,9
LBXF08LA,0.23648,813,2,9
LBX074LA,0.0608,814,2,9
LBX099LA,0.20576,814,2,9
LBX138LA,0.12784,814,2,9
LBX153LA,0.2056,814,2,9
LBX170LA,0.09568,814,2,9
LBX180LA,0.104,814,2,9
LBX187LA,0.04464,814,2,9
LBX194LA,0.0504,814,2,9
LBXPCBLA,0.06464,814,2,9
LBXHXCLA,0.07792,814,2,9
LBX118LA,0.0984,814,2,9
LBXD03LA,0.14512,814,2,9
LBXD05LA,0.63328,814,2,9
LBXD07LA,0.19184,814,2,9
LBXF03LA,0.03392,814,2,9
LBXF04LA,0.99744,814,2,9
LBXF05LA,0.05056,814,2,9
LBXF08LA,0.02784,814,2,9
LBX074LA,0.18672,815,3,9
LBX099LA,0.04912,815,3,9
LBX138LA,0.08864,815,3,9
LBX153LA,0.1536,815,3,9
LBX170LA,0.17456,815,3,9
LBX180LA,0.39936,815,3,9
LBX187LA,0.82448,815,3,9
LBX194LA,0.15024,815,3,9
LBXPCBLA,0.02688,815,3,9
LBXHXCLA,0.27056,815,3,9
LBX118LA,0.0912,815,3,9
LBXD03LA,0.07264,815,3,9
LBXD05LA,0.06384,815,3,9
LBXD07LA,0.1168,815,3,9
LBXF03LA,0.0984,815,3,9
LBXF04LA,0.10608,815,3,9
LBXF05LA,0.06032,815,3,9
LBXF08LA,0.03408,815,3,9
LBX074LA,0.62192,816,3,9
LBX099LA,0.05664,816,3,9
LBX138LA,0.12544,816,3,9
LBX153LA,0.0616,816,3,9
LBX170LA,0.45056,816,3,9
LBX180LA,0.08,816,3,9
LBX187LA,0.10384,816,3,9
LBX194LA,0.11536,816,3,9
LBXPCBLA,0.04512,816,3,9
LBXHXCLA,0.6224,816,3,9
LBX118LA,0.08128,816,3,9
LBXD03LA,0.12368,816,3,9
LBXD05LA,0.02336,816,3,9
LBXD07LA,0.03184,816,3,9
LBXF03LA,0.05488,816,3,9
LBXF04LA,0.99968,816,3,9
LBXF05LA,0.1032,816,3,9
LBXF08LA,0.0224,816,3,9
LBX074LA,0.20304,817,3,9
LBX099LA,0.43616,817,3,9
LBX138LA,0.78048,817,3,9
LBX153LA,0.43216,817,3,9
LBX170LA,0.24448,817,3,9
LBX180LA,0.49968,817,3,9
LBX187LA,0.34912,817,3,9
LBX194LA,0.73408,817,3,9
LBXPCBLA,0.0768,817,3,9
LBXHXCLA,0.12688,817,3,9
LBX118LA,0.99312,817,3,9
LBXD03LA,0.3256,817,3,9
LBXD05LA,0.23088,817,3,9
LBXD07LA,0.66336,817,3,9
LBXF03LA,0.05408,817,3,9
LBXF04LA,0.82496,817,3,9
LBXF05LA,0.05728,817,3,9
LBXF08LA,0.13728,817,3,9
LBX074LA,0.1344,818,1,9
LBX099LA,0.3232,818,1,9
LBX138LA,0.20336,818,1,9
LBX153LA,0.1096,818,1,9
LBX170LA,0.12448,818,1,9
LBX180LA,0.11088,818,1,9
LBX187LA,0.0992,818,1,9
LBX194LA,0.10656,818,1,9
LBXPCBLA,0.15712,818,1,9
LBXHXCLA,0.08688,818,1,9
LBX118LA,0.96576,818,1,9
LBXD03LA,0.06032,818,1,9
LBXD05LA,0.1128,818,1,9
LBXD07LA,0.11872,818,1,9
LBXF03LA,0.49312,818,1,9
LBXF04LA,0.196,818,1,9
LBXF05LA,0.36752,818,1,9
LBXF08LA,0.66288,818,1,9
LBX074LA,0.42224,819,1,9
LBX099LA,0.22928,819,1,9
LBX138LA,0.11888,819,1,9
LBX153LA,0.16592,819,1,9
LBX170LA,0.27744,819,1,9
LBX180LA,0.15984,819,1,9
LBX187LA,0.12544,819,1,9
LBX194LA,0.10784,819,1,9
LBXPCBLA,0.11568,819,1,9
LBXHXCLA,0.12448,819,1,9
LBX118LA,0.10912,819,1,9
LBXD03LA,0.08976,819,1,9
LBXD05LA,0.0784,819,1,9
LBXD07LA,0.05552,819,1,9
LBXF03LA,0.25472,819,1,9
LBXF04LA,0.38144,819,1,9
LBXF05LA,0.34064,819,1,9
LBXF08LA,0.16624,819,1,9
LBX074LA,0.31936,820,4,9
LBX099LA,0.0568,820,4,9
LBX138LA,0.1056,820,4,9
LBX153LA,0.58576,820,4,9
LBX170LA,0.13104,820,4,9
LBX180LA,0.2688,820,4,9
LBX187LA,0.09856,820,4,9
LBX194LA,0.20864,820,4,9
LBXPCBLA,0.25152,820,4,9
LBXHXCLA,0.09536,820,4,9
LBX118LA,0.98208,820,4,9
LBXD03LA,0.26912,820,4,9
LBXD05LA,0.52128,820,4,9
LBXD07LA,0.20112,820,4,9
LBXF03LA,0.12608,820,4,9
LBXF04LA,0.23136,820,4,9
LBXF05LA,0.39024,820,4,9
LBXF08LA,0.30176,820,4,9
LBX074LA,0.13152,821,2,9
LBX099LA,0.08048,821,2,9
LBX138LA,0.17024,821,2,9
LBX153LA,0.16,821,2,9
LBX170LA,0.18272,821,2,9
LBX180LA,0.14208,821,2,9
LBX187LA,0.61056,821,2,9
LBX194LA,0.27856,821,2,9
LBXPCBLA,0.13376,821,2,9
LBXHXCLA,0.0872,821,2,9
LBX118LA,0.08048,821,2,9
LBXD03LA,0.15312,821,2,9
LBXD05LA,0.57152,821,2,9
LBXD07LA,0.4104,821,2,9
LBXF03LA,0.05136,821,2,9
LBXF04LA,0.08832,821,2,9
LBXF05LA,0.10224,821,2,9
LBXF08LA,0.9624,821,2,9
LBX074LA,0.09664,822,2,9
LBX099LA,0.26432,822,2,9
LBX138LA,0.1224,822,2,9
LBX153LA,0.1376,822,2,9
LBX170LA,0.21824,822,2,9
LBX180LA,0.2936,822,2,9
LBX187LA,0.34608,822,2,9
LBX194LA,0.91856,822,2,9
LBXPCBLA,0.10544,822,2,9
LBXHXCLA,0.56432,822,2,9
LBX118LA,0.1128,822,2,9
LBXD03LA,0.19168,822,2,9
LBXD05LA,0.50736,822,2,9
LBXD07LA,0.07552,822,2,9
LBXF03LA,0.05568,822,2,9
LBXF04LA,0.9808,822,2,9
LBXF05LA,0.22272,822,2,9
LBXF08LA,0.0664,822,2,9
LBX074LA,0.348,823,2,9
LBX099LA,0.55232,823,2,9
LBX138LA,0.41696,823,2,9
LBX153LA,0.18368,823,2,9
LBX170LA,0.13216,823,2,9
LBX180LA,0.12016,823,2,9
LBX187LA,0.14576,823,2,9
LBX194LA,0.27376,823,2,9
LBXPCBLA,0.38768,823,2,9
LBXHXCLA,0.16464,823,2,9
LBX118LA,0.30512,823,2,9
LBXD03LA,0.1184,823,2,9
LBXD05LA,0.77728,823,2,9
LBXD07LA,0.14048,823,2,9
LBXF03LA,0.1416,823,2,9
LBXF04LA,0.50976,823,2,9
LBXF05LA,0.33728,823,2,9
LBXF08LA,0.4328,823,2,9
LBX074LA,0.24976,824,1,9
LBX099LA,0.08144,824,1,9
LBX138LA,0.14784,824,1,9
LBX153LA,0.11824,824,1,9
LBX170LA,0.14144,824,1,9
LBX180LA,0.11584,824,1,9
LBX187LA,0.20048,824,1,9
LBX194LA,0.43584,824,1,9
LBXPCBLA,0.31776,824,1,9
LBXHXCLA,0.30944,824,1,9
LBX118LA,0.20512,824,1,9
LBXD03LA,0.13488,824,1,9
LBXD05LA,0.99456,824,1,9
LBXD07LA,0.07056,824,1,9
LBXF03LA,0.36352,824,1,9
LBXF04LA,0.11312,824,1,9
LBXF05LA,0.19216,824,1,9
LBXF08LA,0.15472,824,1,9
LBX074LA,0.08208,825,3,9
LBX099LA,0.54944,825,3,9
LBX138LA,0.1688,825,3,9
LBX153LA,0.272,825,3,9
LBX170LA,0.7848,825,3,9
LBX180LA,0.21792,825,3,9
LBX187LA,0.10528,825,3,9
LBX194LA,0.9728,825,3,9
LBXPCBLA,0.29696,825,3,9
LBXHXCLA,0.05648,825,3,9
LBX118LA,0.12464,825,3,9
LBXD03LA,0.2752,825,3,9
LBXD05LA,0.18464,825,3,9
LBXD07LA,0.05248,825,3,9
LBXF03LA,0.15632,825,3,9
LBXF04LA,0.38192,825,3,9
LBXF05LA,0.58736,825,3,9
LBXF08LA,0.40592,825,3,9
LBX074LA,0.07312,826,4,9
LBX099LA,0.61552,826,4,9
LBX138LA,0.83024,826,4,9
LBX153LA,0.33008,826,4,9
LBX170LA,0.20144,826,4,9
LBX180LA,0.2384,826,4,9
LBX187LA,0.49088,826,4,9
LBX194LA,0.14096,826,4,9
LBXPCBLA,0.05632,826,4,9
LBXHXCLA,0.0432,826,4,9
LBX118LA,0.2368,826,4,9
LBXD03LA,0.10432,826,4,9
LBXD05LA,0.99024,826,4,9
LBXD07LA,0.94576,826,4,9
LBXF03LA,0.03104,826,4,9
LBXF04LA,0.20848,826,4,9
LBXF05LA,0.12624,826,4,9
LBXF08LA,0.06144,826,4,9
LBX074LA,0.18288,827,1,9
LBX099LA,0.09328,827,1,9
LBX138LA,0.128,827,1,9
LBX153LA,0.1376,827,1,9
LBX170LA,0.10544,827,1,9
LBX180LA,0.10896,827,1,9
LBX187LA,0.1328,827,1,9
LBX194LA,0.08656,827,1,9
LBXPCBLA,0.5936,827,1,9
LBXHXCLA,0.15664,827,1,9
LBX118LA,0.40896,827,1,9
LBXD03LA,0.19808,827,1,9
LBXD05LA,0.24384,827,1,9
LBXD07LA,0.51408,827,1,9
LBXF03LA,0.08416,827,1,9
LBXF04LA,0.16144,827,1,9
LBXF05LA,0.18512,827,1,9
LBXF08LA,0.09968,827,1,9
LBX074LA,0.97536,828,2,9
LBX099LA,0.11728,828,2,9
LBX138LA,0.1792,828,2,9
LBX153LA,0.2824,828,2,9
LBX170LA,0.14,828,2,9
LBX180LA,0.29088,828,2,9
LBX187LA,0.11136,828,2,9
LBX194LA,0.42816,828,2,9
LBXPCBLA,0.08352,828,2,9
LBXHXCLA,0.23824,828,2,9
LBX118LA,0.12272,828,2,9
LBXD03LA,0.06272,828,2,9
LBXD05LA,0.08384,828,2,9
LBXD07LA,0.06656,828,2,9
LBXF03LA,0.072,828,2,9
LBXF04LA,0.06464,828,2,9
LBXF05LA,0.73904,828,2,9
LBXF08LA,0.11152,828,2,9
LBX074LA,0.80544,829,2,9
LBX099LA,0.1432,829,2,9
LBX138LA,0.20656,829,2,9
LBX153LA,0.23456,829,2,9
LBX170LA,0.3664,829,2,9
LBX180LA,0.30592,829,2,9
LBX187LA,0.23952,829,2,9
LBX194LA,0.28464,829,2,9
LBXPCBLA,0.17712,829,2,9
LBXHXCLA,0.17216,829,2,9
LBX118LA,0.38,829,2,9
LBXD03LA,0.37456,829,2,9
LBXD05LA,0.74752,829,2,9
LBXD07LA,0.6664,829,2,9
LBXF03LA,0.53712,829,2,9
LBXF04LA,0.26432,829,2,9
LBXF05LA,0.1872,829,2,9
LBXF08LA,0.90688,829,2,9
LBX074LA,0.06944,830,4,9
LBX099LA,0.87184,830,4,9
LBX138LA,0.12144,830,4,9
LBX153LA,0.11408,830,4,9
LBX170LA,0.5768,830,4,9
LBX180LA,0.19184,830,4,9
LBX187LA,0.27776,830,4,9
LBX194LA,0.2728,830,4,9
LBXPCBLA,0.18144,830,4,9
LBXHXCLA,0.11952,830,4,9
LBX118LA,0.13584,830,4,9
LBXD03LA,0.80672,830,4,9
LBXD05LA,0.1232,830,4,9
LBXD07LA,0.09536,830,4,9
LBXF03LA,0.98384,830,4,9
LBXF04LA,0.65696,830,4,9
LBXF05LA,0.87376,830,4,9
LBXF08LA,0.31488,830,4,9
LBX074LA,0.04864,831,3,9
LBX099LA,0.09552,831,3,9
LBX138LA,0.14528,831,3,9
LBX153LA,0.132,831,3,9
LBX170LA,0.42416,831,3,9
LBX180LA,0.63488,831,3,9
LBX187LA,0.1288,831,3,9
LBX194LA,0.2656,831,3,9
LBXPCBLA,0.112,831,3,9
LBXHXCLA,0.35648,831,3,9
LBX118LA,0.09744,831,3,9
LBXD03LA,0.1136,831,3,9
LBXD05LA,0.99536,831,3,9
LBXD07LA,0.11184,831,3,9
LBXF03LA,0.29248,831,3,9
LBXF04LA,0.8808,831,3,9
LBXF05LA,0.10752,831,3,9
LBXF08LA,0.11664,831,3,9
LBX074LA,0.26512,832,2,9
LBX099LA,0.5016,832,2,9
LBX138LA,0.60912,832,2,9
LBX153LA,0.49952,832,2,9
LBX170LA,0.7984,832,2,9
LBX180LA,0.5336,832,2,9
LBX187LA,0.20704,832,2,9
LBX194LA,0.18144,832,2,9
LBXPCBLA,0.42656,832,2,9
LBXHXCLA,0.32752,832,2,9
LBX118LA,0.4832,832,2,9
LBXD03LA,0.22496,832,2,9
LBXD05LA,0.17392,832,2,9
LBXD07LA,0.2808,832,2,9
LBXF03LA,0.25776,832,2,9
LBXF04LA,0.8192,832,2,9
LBXF05LA,0.2696,832,2,9
LBXF08LA,0.67568,832,2,9
LBX074LA,0.0576,833,3,9
LBX099LA,0.02096,833,3,9
LBX138LA,0.0936,833,3,9
LBX153LA,0.08848,833,3,9
LBX170LA,0.46784,833,3,9
LBX180LA,0.14032,833,3,9
LBX187LA,0.11888,833,3,9
LBX194LA,0.18384,833,3,9
LBXPCBLA,0.03088,833,3,9
LBXHXCLA,0.07696,833,3,9
LBX118LA,0.10304,833,3,9
LBXD03LA,0.0304,833,3,9
LBXD05LA,0.03936,833,3,9
LBXD07LA,0.4792,833,3,9
LBXF03LA,0.49168,833,3,9
LBXF04LA,0.39392,833,3,9
LBXF05LA,0.51872,833,3,9
LBXF08LA,0.03888,833,3,9
LBX074LA,0.13152,834,2,9
LBX099LA,0.39952,834,2,9
LBX138LA,0.38704,834,2,9
LBX153LA,0.19904,834,2,9
LBX170LA,0.11168,834,2,9
LBX180LA,0.30832,834,2,9
LBX187LA,0.12496,834,2,9
LBX194LA,0.1224,834,2,9
LBXPCBLA,0.0976,834,2,9
LBXHXCLA,0.07728,834,2,9
LBX118LA,0.14928,834,2,9
LBXD03LA,0.27888,834,2,9
LBXD05LA,0.1064,834,2,9
LBXD07LA,0.15888,834,2,9
LBXF03LA,0.24272,834,2,9
LBXF04LA,0.9416,834,2,9
LBXF05LA,0.08944,834,2,9
LBXF08LA,0.0512,834,2,9
LBX074LA,0.068,835,2,9
LBX099LA,0.18352,835,2,9
LBX138LA,0.108,835,2,9
LBX153LA,0.184,835,2,9
LBX170LA,0.11616,835,2,9
LBX180LA,0.12928,835,2,9
LBX187LA,0.21488,835,2,9
LBX194LA,0.09232,835,2,9
LBXPCBLA,0.06912,835,2,9
LBXHXCLA,0.76528,835,2,9
LBX118LA,0.04832,835,2,9
LBXD03LA,0.11152,835,2,9
LBXD05LA,0.42656,835,2,9
LBXD07LA,0.07808,835,2,9
LBXF03LA,0.07104,835,2,9
LBXF04LA,0.28208,835,2,9
LBXF05LA,0.08288,835,2,9
LBXF08LA,0.04048,835,2,9
LBX074LA,0.65472,836,3,9
LBX099LA,0.0616,836,3,9
LBX138LA,0.09552,836,3,9
LBX153LA,0.09584,836,3,9
LBX170LA,0.08016,836,3,9
LBX180LA,0.08656,836,3,9
LBX187LA,0.05792,836,3,9
LBX194LA,0.15472,836,3,9
LBXPCBLA,0.1904,836,3,9
LBXHXCLA,0.45344,836,3,9
LBX118LA,0.22192,836,3,9
LBXD03LA,0.06816,836,3,9
LBXD05LA,0.97616,836,3,9
LBXD07LA,0.08336,836,3,9
LBXF03LA,0.12272,836,3,9
LBXF04LA,0.11536,836,3,9
LBXF05LA,0.76656,836,3,9
LBXF08LA,0.67136,836,3,9
LBX074LA,0.58304,837,2,9
LBX099LA,0.0992,837,2,9
LBX138LA,0.2744,837,2,9
LBX153LA,0.21536,837,2,9
LBX170LA,0.20656,837,2,9
LBX180LA,0.296,837,2,9
LBX187LA,0.38464,837,2,9
LBX194LA,0.24304,837,2,9
LBXPCBLA,0.12272,837,2,9
LBXHXCLA,0.57376,837,2,9
LBX118LA,0.112,837,2,9
LBXD03LA,0.17328,837,2,9
LBXD05LA,0.97008,837,2,9
LBXD07LA,0.99232,837,2,9
LBXF03LA,0.38432,837,2,9
LBXF04LA,0.32032,837,2,9
LBXF05LA,0.11936,837,2,9
LBXF08LA,0.07408,837,2,9
LBX074LA,0.18384,838,3,9
LBX099LA,0.1304,838,3,9
LBX138LA,0.592,838,3,9
LBX153LA,0.15728,838,3,9
LBX170LA,0.17424,838,3,9
LBX180LA,0.14528,838,3,9
LBX187LA,0.12256,838,3,9
LBX194LA,0.78368,838,3,9
LBXPCBLA,0.07088,838,3,9
LBXHXCLA,0.18048,838,3,9
LBX118LA,0.93184,838,3,9
LBXD03LA,0.06192,838,3,9
LBXD05LA,0.4088,838,3,9
LBXD07LA,0.13936,838,3,9
LBXF03LA,0.04432,838,3,9
LBXF04LA,0.0704,838,3,9
LBXF05LA,0.26176,838,3,9
LBXF08LA,0.65216,838,3,9
LBX074LA,0.26944,839,4,9
LBX099LA,0.16064,839,4,9
LBX138LA,0.3048,839,4,9
LBX153LA,0.26512,839,4,9
LBX170LA,0.25696,839,4,9
LBX180LA,0.2608,839,4,9
LBX187LA,0.96448,839,4,9
LBX194LA,0.14544,839,4,9
LBXPCBLA,0.23168,839,4,9
LBXHXCLA,0.36384,839,4,9
LBX118LA,0.132,839,4,9
LBXD03LA,0.6136,839,4,9
LBXD05LA,0.14704,839,4,9
LBXD07LA,0.10512,839,4,9
LBXF03LA,0.2,839,4,9
LBXF04LA,0.69616,839,4,9
LBXF05LA,0.46208,839,4,9
LBXF08LA,0.99552,839,4,9
LBX074LA,0.2224,840,1,9
LBX099LA,0.28448,840,1,9
LBX138LA,0.18896,840,1,9
LBX153LA,0.17456,840,1,9
LBX170LA,0.22816,840,1,9
LBX180LA,0.20576,840,1,9
LBX187LA,0.2384,840,1,9
LBX194LA,0.10752,840,1,9
LBXPCBLA,0.24752,840,1,9
LBXHXCLA,0.10944,840,1,9
LBX118LA,0.608,840,1,9
LBXD03LA,0.18976,840,1,9
LBXD05LA,0.61376,840,1,9
LBXD07LA,0.4128,840,1,9
LBXF03LA,0.10432,840,1,9
LBXF04LA,0.17024,840,1,9
LBXF05LA,0.56352,840,1,9
LBXF08LA,0.09696,840,1,9
LBX074LA,0.0528,841,3,9
LBX099LA,0.08,841,3,9
LBX138LA,0.06544,841,3,9
LBX153LA,0.04704,841,3,9
LBX170LA,0.08448,841,3,9
LBX180LA,0.05216,841,3,9
LBX187LA,0.95616,841,3,9
LBX194LA,0.10576,841,3,9
LBXPCBLA,0.23296,841,3,9
LBXHXCLA,0.03728,841,3,9
LBX118LA,0.11424,841,3,9
LBXD03LA,0.1024,841,3,9
LBXD05LA,0.10864,841,3,9
LBXD07LA,0.0296,841,3,9
LBXF03LA,0.75792,841,3,9
LBXF04LA,0.1912,841,3,9
LBXF05LA,0.06992,841,3,9
LBXF08LA,0.64464,841,3,9
LBX074LA,0.65936,842,2,9
LBX099LA,0.10496,842,2,9
LBX138LA,0.244,842,2,9
LBX153LA,0.24288,842,2,9
LBX170LA,0.21824,842,2,9
LBX180LA,0.69504,842,2,9
LBX187LA,0.16656,842,2,9
LBX194LA,0.26016,842,2,9
LBXPCBLA,0.4112,842,2,9
LBXHXCLA,0.1504,842,2,9
LBX118LA,0.17168,842,2,9
LBXD03LA,0.39168,842,2,9
LBXD05LA,0.10304,842,2,9
LBXD07LA,0.08864,842,2,9
LBXF03LA,0.15152,842,2,9
LBXF04LA,0.2576,842,2,9
LBXF05LA,0.50064,842,2,9
LBXF08LA,0.49152,842,2,9
LBX074LA,0.10624,843,3,9
LBX099LA,0.1576,843,3,9
LBX138LA,0.2768,843,3,9
LBX153LA,0.1528,843,3,9
LBX170LA,0.13104,843,3,9
LBX180LA,0.11584,843,3,9
LBX187LA,0.09792,843,3,9
LBX194LA,0.08672,843,3,9
LBXPCBLA,0.40432,843,3,9
LBXHXCLA,0.12496,843,3,9
LBX118LA,0.76048,843,3,9
LBXD03LA,0.09968,843,3,9
LBXD05LA,0.1032,843,3,9
LBXD07LA,0.07712,843,3,9
LBXF03LA,0.07296,843,3,9
LBXF04LA,0.32336,843,3,9
LBXF05LA,0.79168,843,3,9
LBXF08LA,0.93872,843,3,9
LBX074LA,0.11184,844,4,9
LBX099LA,0.03776,844,4,9
LBX138LA,0.07504,844,4,9
LBX153LA,0.15984,844,4,9
LBX170LA,0.12496,844,4,9
LBX180LA,0.29184,844,4,9
LBX187LA,0.1704,844,4,9
LBX194LA,0.66144,844,4,9
LBXPCBLA,0.02288,844,4,9
LBXHXCLA,0.0592,844,4,9
LBX118LA,0.2904,844,4,9
LBXD03LA,0.10816,844,4,9
LBXD05LA,0.93312,844,4,9
LBXD07LA,0.10896,844,4,9
LBXF03LA,0.6472,844,4,9
LBXF04LA,0.59056,844,4,9
LBXF05LA,0.31696,844,4,9
LBXF08LA,0.0416,844,4,9
LBX074LA,0.38576,845,1,9
LBX099LA,0.14448,845,1,9
LBX138LA,0.16656,845,1,9
LBX153LA,0.24656,845,1,9
LBX170LA,0.21504,845,1,9
LBX180LA,0.16752,845,1,9
LBX187LA,0.13344,845,1,9
LBX194LA,0.57312,845,1,9
LBXPCBLA,0.10736,845,1,9
LBXHXCLA,0.16192,845,1,9
LBX118LA,0.5976,845,1,9
LBXD03LA,0.12384,845,1,9
LBXD05LA,0.23824,845,1,9
LBXD07LA,0.10192,845,1,9
LBXF03LA,0.1424,845,1,9
LBXF04LA,0.08,845,1,9
LBXF05LA,0.11568,845,1,9
LBXF08LA,0.85072,845,1,9
LBX074LA,0.45968,846,4,9
LBX099LA,0.2064,846,4,9
LBX138LA,0.11904000000000001,846,4,9
LBX153LA,0.14976,846,4,9
LBX170LA,0.13072,846,4,9
LBX180LA,0.15536,846,4,9
LBX187LA,0.1352,846,4,9
LBX194LA,0.95056,846,4,9
LBXPCBLA,0.19792,846,4,9
LBXHXCLA,0.1136,846,4,9
LBX118LA,0.17968,846,4,9
LBXD03LA,0.1352,846,4,9
LBXD05LA,0.06224,846,4,9
LBXD07LA,0.07184,846,4,9
LBXF03LA,0.13312,846,4,9
LBXF04LA,0.28976,846,4,9
LBXF05LA,0.94672,846,4,9
LBXF08LA,0.9984,846,4,9
LBX074LA,0.11408,847,1,9
LBX099LA,0.12576,847,1,9
LBX138LA,0.12672,847,1,9
LBX153LA,0.17232,847,1,9
LBX170LA,0.47536,847,1,9
LBX180LA,0.16144,847,1,9
LBX187LA,0.15984,847,1,9
LBX194LA,0.64384,847,1,9
LBXPCBLA,0.11136,847,1,9
LBXHXCLA,0.10096,847,1,9
LBX118LA,0.26592,847,1,9
LBXD03LA,0.4128,847,1,9
LBXD05LA,0.8216,847,1,9
LBXD07LA,0.12672,847,1,9
LBXF03LA,0.12016,847,1,9
LBXF04LA,0.15104,847,1,9
LBXF05LA,0.09088,847,1,9
LBXF08LA,0.34704,847,1,9
LBX074LA,0.0752,848,2,9
LBX099LA,0.4912,848,2,9
LBX138LA,0.372,848,2,9
LBX153LA,0.24224,848,2,9
LBX170LA,0.11072,848,2,9
LBX180LA,0.12896,848,2,9
LBX187LA,0.2032,848,2,9
LBX194LA,0.14592,848,2,9
LBXPCBLA,0.05296,848,2,9
LBXHXCLA,0.10832,848,2,9
LBX118LA,0.15728,848,2,9
LBXD03LA,0.17088,848,2,9
LBXD05LA,0.13168,848,2,9
LBXD07LA,0.18016,848,2,9
LBXF03LA,0.90784,848,2,9
LBXF04LA,0.11888,848,2,9
LBXF05LA,0.41696,848,2,9
LBXF08LA,0.6392,848,2,9
LBX074LA,0.19552,849,3,9
LBX099LA,0.12672,849,3,9
LBX138LA,0.41104,849,3,9
LBX153LA,0.19552,849,3,9
LBX170LA,0.22768,849,3,9
LBX180LA,0.39328,849,3,9
LBX187LA,0.13824,849,3,9
LBX194LA,0.73232,849,3,9
LBXPCBLA,0.0696,849,3,9
LBXHXCLA,0.1336,849,3,9
LBX118LA,0.51104,849,3,9
LBXD03LA,0.80512,849,3,9
LBXD05LA,0.3608,849,3,9
LBXD07LA,0.19312000000000001,849,3,9
LBXF03LA,0.13456,849,3,9
LBXF04LA,0.24896,849,3,9
LBXF05LA,0.11968,849,3,9
LBXF08LA,0.69712,849,3,9
LBX074LA,0.10272,850,1,9
LBX099LA,0.11968,850,1,9
LBX138LA,0.14016,850,1,9
LBX153LA,0.15312,850,1,9
LBX170LA,0.69008,850,1,9
LBX180LA,0.2392,850,1,9
LBX187LA,0.17456,850,1,9
LBX194LA,0.23536,850,1,9
LBXPCBLA,0.07024,850,1,9
LBXHXCLA,0.09616,850,1,9
LBX118LA,0.09504,850,1,9
LBXD03LA,0.20352,850,1,9
LBXD05LA,0.14304,850,1,9
LBXD07LA,0.2928,850,1,9
LBXF03LA,0.37376,850,1,9
LBXF04LA,0.57184,850,1,9
LBXF05LA,0.27952,850,1,9
LBXF08LA,0.45264,850,1,9
LBX074LA,0.59712,851,4,9
LBX099LA,0.34272,851,4,9
LBX138LA,0.12688,851,4,9
LBX153LA,0.1648,851,4,9
LBX170LA,0.19936,851,4,9
LBX180LA,0.1872,851,4,9
LBX187LA,0.3584,851,4,9
LBX194LA,0.26912,851,4,9
LBXPCBLA,0.88928,851,4,9
LBXHXCLA,0.17728,851,4,9
LBX118LA,0.35776,851,4,9
LBXD03LA,0.1368,851,4,9
LBXD05LA,0.67872,851,4,9
LBXD07LA,0.24448,851,4,9
LBXF03LA,0.3528,851,4,9
LBXF04LA,0.89792,851,4,9
LBXF05LA,0.4952,851,4,9
LBXF08LA,0.95056,851,4,9
LBX074LA,0.39808,852,3,9
LBX099LA,0.18368,852,3,9
LBX138LA,0.51152,852,3,9
LBX153LA,0.45824,852,3,9
LBX170LA,0.33296,852,3,9
LBX180LA,0.27408,852,3,9
LBX187LA,0.66368,852,3,9
LBX194LA,0.76352,852,3,9
LBXPCBLA,0.38432,852,3,9
LBXHXCLA,0.64256,852,3,9
LBX118LA,0.40608,852,3,9
LBXD03LA,0.2272,852,3,9
LBXD05LA,0.1544,852,3,9
LBXD07LA,0.6552,852,3,9
LBXF03LA,0.50768,852,3,9
LBXF04LA,0.24112,852,3,9
LBXF05LA,0.26944,852,3,9
LBXF08LA,0.4072,852,3,9
LBX074LA,0.79808,853,2,9
LBX099LA,0.5184,853,2,9
LBX138LA,0.216,853,2,9
LBX153LA,0.27104,853,2,9
LBX170LA,0.17088,853,2,9
LBX180LA,0.30752,853,2,9
LBX187LA,0.12912,853,2,9
LBX194LA,0.21904,853,2,9
LBXPCBLA,0.25104,853,2,9
LBXHXCLA,0.14992,853,2,9
LBX118LA,0.15872,853,2,9
LBXD03LA,0.44992,853,2,9
LBXD05LA,0.81872,853,2,9
LBXD07LA,0.36448,853,2,9
LBXF03LA,0.09584,853,2,9
LBXF04LA,0.97632,853,2,9
LBXF05LA,0.15088,853,2,9
LBXF08LA,0.0464,853,2,9
LBX074LA,0.08528,854,4,9
LBX099LA,0.06192,854,4,9
LBX138LA,0.07024,854,4,9
LBX153LA,0.07808,854,4,9
LBX170LA,0.2656,854,4,9
LBX180LA,0.68544,854,4,9
LBX187LA,0.08032,854,4,9
LBX194LA,0.20176,854,4,9
LBXPCBLA,0.18688,854,4,9
LBXHXCLA,0.13488,854,4,9
LBX118LA,0.05584,854,4,9
LBXD03LA,0.10384,854,4,9
LBXD05LA,0.31792,854,4,9
LBXD07LA,0.72464,854,4,9
LBXF03LA,0.10752,854,4,9
LBXF04LA,0.87568,854,4,9
LBXF05LA,0.4992,854,4,9
LBXF08LA,0.892,854,4,9
LBX074LA,0.12288,855,2,9
LBX099LA,0.08496,855,2,9
LBX138LA,0.24016,855,2,9
LBX153LA,0.41584,855,2,9
LBX170LA,0.15232,855,2,9
LBX180LA,0.12496,855,2,9
LBX187LA,0.10064,855,2,9
LBX194LA,0.08096,855,2,9
LBXPCBLA,0.09088,855,2,9
LBXHXCLA,0.16208,855,2,9
LBX118LA,0.50176,855,2,9
LBXD03LA,0.07664,855,2,9
LBXD05LA,0.17824,855,2,9
LBXD07LA,0.9376,855,2,9
LBXF03LA,0.09008,855,2,9
LBXF04LA,0.26448,855,2,9
LBXF05LA,0.15616,855,2,9
LBXF08LA,0.12096,855,2,9
LBX074LA,0.65744,856,2,9
LBX099LA,0.20992,856,2,9
LBX138LA,0.19408,856,2,9
LBX153LA,0.27344,856,2,9
LBX170LA,0.26112,856,2,9
LBX180LA,0.24992,856,2,9
LBX187LA,0.3304,856,2,9
LBX194LA,0.85408,856,2,9
LBXPCBLA,0.08864,856,2,9
LBXHXCLA,0.50464,856,2,9
LBX118LA,0.23152,856,2,9
LBXD03LA,0.18912,856,2,9
LBXD05LA,0.9264,856,2,9
LBXD07LA,0.13904,856,2,9
LBXF03LA,0.36336,856,2,9
LBXF04LA,0.69872,856,2,9
LBXF05LA,0.24944,856,2,9
LBXF08LA,0.2192,856,2,9
LBX074LA,0.10736,857,1,9
LBX099LA,0.09408,857,1,9
LBX138LA,0.94272,857,1,9
LBX153LA,0.30064,857,1,9
LBX170LA,0.10912,857,1,9
LBX180LA,0.12752,857,1,9
LBX187LA,0.09296,857,1,9
LBX194LA,0.10016,857,1,9
LBXPCBLA,0.07552,857,1,9
LBXHXCLA,0.08,857,1,9
LBX118LA,0.07648,857,1,9
LBXD03LA,0.07888,857,1,9
LBXD05LA,0.10368,857,1,9
LBXD07LA,0.06192,857,1,9
LBXF03LA,0.11216,857,1,9
LBXF04LA,0.0936,857,1,9
LBXF05LA,0.80416,857,1,9
LBXF08LA,0.62016,857,1,9
LBX074LA,0.13056,858,3,9
LBX099LA,0.94992,858,3,9
LBX138LA,0.46656,858,3,9
LBX153LA,0.19248,858,3,9
LBX170LA,0.10768,858,3,9
LBX180LA,0.12384,858,3,9
LBX187LA,0.10624,858,3,9
LBX194LA,0.61296,858,3,9
LBXPCBLA,0.53968,858,3,9
LBXHXCLA,0.1448,858,3,9
LBX118LA,0.12848,858,3,9
LBXD03LA,0.60912,858,3,9
LBXD05LA,0.34592,858,3,9
LBXD07LA,0.1248,858,3,9
LBXF03LA,0.1144,858,3,9
LBXF04LA,0.16624,858,3,9
LBXF05LA,0.57168,858,3,9
LBXF08LA,0.12592,858,3,9
LBX074LA,0.18128,859,3,9
LBX099LA,0.76464,859,3,9
LBX138LA,0.21536,859,3,9
LBX153LA,0.45936,859,3,9
LBX170LA,0.30256,859,3,9
LBX180LA,0.2744,859,3,9
LBX187LA,0.3328,859,3,9
LBX194LA,0.88064,859,3,9
LBXPCBLA,0.06144,859,3,9
LBXHXCLA,0.12016,859,3,9
LBX118LA,0.1848,859,3,9
LBXD03LA,0.1184,859,3,9
LBXD05LA,0.14192,859,3,9
LBXD07LA,0.1184,859,3,9
LBXF03LA,0.1376,859,3,9
LBXF04LA,0.36064,859,3,9
LBXF05LA,0.13328,859,3,9
LBXF08LA,0.92272,859,3,9
LBX074LA,0.05056,860,2,9
LBX099LA,0.0992,860,2,9
LBX138LA,0.10176,860,2,9
LBX153LA,0.09376,860,2,9
LBX170LA,0.2544,860,2,9
LBX180LA,0.17312,860,2,9
LBX187LA,0.12512,860,2,9
LBX194LA,0.57296,860,2,9
LBXPCBLA,0.06144,860,2,9
LBXHXCLA,0.28736,860,2,9
LBX118LA,0.05392,860,2,9
LBXD03LA,0.06656,860,2,9
LBXD05LA,0.06304,860,2,9
LBXD07LA,0.02992,860,2,9
LBXF03LA,0.03824,860,2,9
LBXF04LA,0.95328,860,2,9
LBXF05LA,0.06432,860,2,9
LBXF08LA,0.05856,860,2,9
LBX074LA,0.25744,861,3,9
LBX099LA,0.32256,861,3,9
LBX138LA,0.17264,861,3,9
LBX153LA,0.22928,861,3,9
LBX170LA,0.2848,861,3,9
LBX180LA,0.08144,861,3,9
LBX187LA,0.1176,861,3,9
LBX194LA,0.35584,861,3,9
LBXPCBLA,0.24656,861,3,9
LBXHXCLA,0.15488,861,3,9
LBX118LA,0.17936,861,3,9
LBXD03LA,0.12704,861,3,9
LBXD05LA,0.94784,861,3,9
LBXD07LA,0.11152,861,3,9
LBXF03LA,0.0928,861,3,9
LBXF04LA,0.93728,861,3,9
LBXF05LA,0.29328,861,3,9
LBXF08LA,0.33808,861,3,9
LBX074LA,0.15232,862,1,9
LBX099LA,0.34576,862,1,9
LBX138LA,0.28368,862,1,9
LBX153LA,0.42576,862,1,9
LBX170LA,0.352,862,1,9
LBX180LA,0.29664,862,1,9
LBX187LA,0.25696,862,1,9
LBX194LA,0.4912,862,1,9
LBXPCBLA,0.9352,862,1,9
LBXHXCLA,0.1504,862,1,9
LBX118LA,0.23408,862,1,9
LBXD03LA,0.32448,862,1,9
LBXD05LA,0.16864,862,1,9
LBXD07LA,0.33296,862,1,9
LBXF03LA,0.3848,862,1,9
LBXF04LA,0.3416,862,1,9
LBXF05LA,0.17536,862,1,9
LBXF08LA,0.5488,862,1,9
LBX074LA,0.35472,863,1,9
LBX099LA,0.35584,863,1,9
LBX138LA,0.1872,863,1,9
LBX153LA,0.38016,863,1,9
LBX170LA,0.17392,863,1,9
LBX180LA,0.2184,863,1,9
LBX187LA,0.24208,863,1,9
LBX194LA,0.21616,863,1,9
LBXPCBLA,0.20384,863,1,9
LBXHXCLA,0.608,863,1,9
LBX118LA,0.22416,863,1,9
LBXD03LA,0.42512,863,1,9
LBXD05LA,0.14816,863,1,9
LBXD07LA,0.09792,863,1,9
LBXF03LA,0.17328,863,1,9
LBXF04LA,0.37008,863,1,9
LBXF05LA,0.20496,863,1,9
LBXF08LA,0.47072,863,1,9
LBX074LA,0.10784,864,1,9
LBX099LA,0.34592,864,1,9
LBX138LA,0.27872,864,1,9
LBX153LA,0.22912,864,1,9
LBX170LA,0.26416,864,1,9
LBX180LA,0.29504,864,1,9
LBX187LA,0.16416,864,1,9
LBX194LA,0.49648,864,1,9
LBXPCBLA,0.14112,864,1,9
LBXHXCLA,0.75168,864,1,9
LBX118LA,0.23904,864,1,9
LBXD03LA,0.0968,864,1,9
LBXD05LA,0.22512,864,1,9
LBXD07LA,0.10016,864,1,9
LBXF03LA,0.3584,864,1,9
LBXF04LA,0.10304,864,1,9
LBXF05LA,0.08816,864,1,9
LBXF08LA,0.87952,864,1,9
LBX074LA,0.05376,865,3,9
LBX099LA,0.0832,865,3,9
LBX138LA,0.15536,865,3,9
LBX153LA,0.28224,865,3,9
LBX170LA,0.29008,865,3,9
LBX180LA,0.1288,865,3,9
LBX187LA,0.39904,865,3,9
LBX194LA,0.81184,865,3,9
LBXPCBLA,0.03072,865,3,9
LBXHXCLA,0.04928,865,3,9
LBX118LA,0.04736,865,3,9
LBXD03LA,0.09136,865,3,9
LBXD05LA,0.04528,865,3,9
LBXD07LA,0.07968,865,3,9
LBXF03LA,0.03504,865,3,9
LBXF04LA,0.98256,865,3,9
LBXF05LA,0.232,865,3,9
LBXF08LA,0.85584,865,3,9
LBX074LA,0.29872,866,3,9
LBX099LA,0.11488,866,3,9
LBX138LA,0.23456,866,3,9
LBX153LA,0.10976,866,3,9
LBX170LA,0.15568,866,3,9
LBX180LA,0.0968,866,3,9
LBX187LA,0.51232,866,3,9
LBX194LA,0.95392,866,3,9
LBXPCBLA,0.1016,866,3,9
LBXHXCLA,0.10752,866,3,9
LBX118LA,0.10832,866,3,9
LBXD03LA,0.10704,866,3,9
LBXD05LA,0.21584,866,3,9
LBXD07LA,0.224,866,3,9
LBXF03LA,0.1872,866,3,9
LBXF04LA,0.55264,866,3,9
LBXF05LA,0.88736,866,3,9
LBXF08LA,0.30224,866,3,9
LBX074LA,0.9392,867,4,9
LBX099LA,0.16976,867,4,9
LBX138LA,0.4368,867,4,9
LBX153LA,0.2608,867,4,9
LBX170LA,0.22992,867,4,9
LBX180LA,0.16144,867,4,9
LBX187LA,0.648,867,4,9
LBX194LA,0.14064,867,4,9
LBXPCBLA,0.16944,867,4,9
LBXHXCLA,0.1392,867,4,9
LBX118LA,0.116,867,4,9
LBXD03LA,0.10112,867,4,9
LBXD05LA,0.08016,867,4,9
LBXD07LA,0.04624,867,4,9
LBXF03LA,0.07216,867,4,9
LBXF04LA,0.81888,867,4,9
LBXF05LA,0.076,867,4,9
LBXF08LA,0.98736,867,4,9
LBX074LA,0.08016,868,1,9
LBX099LA,0.10784,868,1,9
LBX138LA,0.10432,868,1,9
LBX153LA,0.12032,868,1,9
LBX170LA,0.292,868,1,9
LBX180LA,0.12496,868,1,9
LBX187LA,0.16448,868,1,9
LBX194LA,0.66544,868,1,9
LBXPCBLA,0.21488,868,1,9
LBXHXCLA,0.10144,868,1,9
LBX118LA,0.0856,868,1,9
LBXD03LA,0.09424,868,1,9
LBXD05LA,0.29632,868,1,9
LBXD07LA,0.08208,868,1,9
LBXF03LA,0.12992,868,1,9
LBXF04LA,0.08208,868,1,9
LBXF05LA,0.204,868,1,9
LBXF08LA,0.76912,868,1,9
LBX074LA,0.1856,869,1,9
LBX099LA,0.13888,869,1,9
LBX138LA,0.2192,869,1,9
LBX153LA,0.20928,869,1,9
LBX170LA,0.15408,869,1,9
LBX180LA,0.11568,869,1,9
LBX187LA,0.13376,869,1,9
LBX194LA,0.23072,869,1,9
LBXPCBLA,0.09152,869,1,9
LBXHXCLA,0.3152,869,1,9
LBX118LA,0.76128,869,1,9
LBXD03LA,0.47728,869,1,9
LBXD05LA,0.108,869,1,9
LBXD07LA,0.08736,869,1,9
LBXF03LA,0.06192,869,1,9
LBXF04LA,0.19968,869,1,9
LBXF05LA,0.1248,869,1,9
LBXF08LA,0.91408,869,1,9
LBX074LA,0.87168,870,1,9
LBX099LA,0.08016,870,1,9
LBX138LA,0.0944,870,1,9
LBX153LA,0.14144,870,1,9
LBX170LA,0.10496,870,1,9
LBX180LA,0.1016,870,1,9
LBX187LA,0.15616,870,1,9
LBX194LA,0.07936,870,1,9
LBXPCBLA,0.04352,870,1,9
LBXHXCLA,0.1664,870,1,9
LBX118LA,0.0928,870,1,9
LBXD03LA,0.2088,870,1,9
LBXD05LA,0.15328,870,1,9
LBXD07LA,0.12736,870,1,9
LBXF03LA,0.1416,870,1,9
LBXF04LA,0.44784,870,1,9
LBXF05LA,0.07344,870,1,9
LBXF08LA,0.812,870,1,9
LBX074LA,0.216,871,2,9
LBX099LA,0.07536,871,2,9
LBX138LA,0.08848,871,2,9
LBX153LA,0.12976,871,2,9
LBX170LA,0.08448,871,2,9
LBX180LA,0.09312,871,2,9
LBX187LA,0.08736,871,2,9
LBX194LA,0.12512,871,2,9
LBXPCBLA,0.13168,871,2,9
LBXHXCLA,0.06752,871,2,9
LBX118LA,0.07952,871,2,9
LBXD03LA,0.51744,871,2,9
LBXD05LA,0.11824,871,2,9
LBXD07LA,0.07296,871,2,9
LBXF03LA,0.04448,871,2,9
LBXF04LA,0.99664,871,2,9
LBXF05LA,0.28096,871,2,9
LBXF08LA,0.15712,871,2,9
LBX074LA,0.4744,872,4,9
LBX099LA,0.05136,872,4,9
LBX138LA,0.05904,872,4,9
LBX153LA,0.06192,872,4,9
LBX170LA,0.07136,872,4,9
LBX180LA,0.12608,872,4,9
LBX187LA,0.09552,872,4,9
LBX194LA,0.87968,872,4,9
LBXPCBLA,0.01808,872,4,9
LBXHXCLA,0.05328,872,4,9
LBX118LA,0.16864,872,4,9
LBXD03LA,0.17504,872,4,9
LBXD05LA,0.13632,872,4,9
LBXD07LA,0.64608,872,4,9
LBXF03LA,0.04256,872,4,9
LBXF04LA,0.97296,872,4,9
LBXF05LA,0.05824,872,4,9
LBXF08LA,0.236,872,4,9
LBX074LA,0.22848,873,2,9
LBX099LA,0.0936,873,2,9
LBX138LA,0.18416,873,2,9
LBX153LA,0.21184,873,2,9
LBX170LA,0.2904,873,2,9
LBX180LA,0.18384,873,2,9
LBX187LA,0.65712,873,2,9
LBX194LA,0.1624,873,2,9
LBXPCBLA,0.35888,873,2,9
LBXHXCLA,0.31056,873,2,9
LBX118LA,0.19504,873,2,9
LBXD03LA,0.24288,873,2,9
LBXD05LA,0.868,873,2,9
LBXD07LA,0.83584,873,2,9
LBXF03LA,0.5776,873,2,9
LBXF04LA,0.46032,873,2,9
LBXF05LA,0.62128,873,2,9
LBXF08LA,0.2336,873,2,9
LBX074LA,0.95648,874,1,9
LBX099LA,0.33904,874,1,9
LBX138LA,0.2048,874,1,9
LBX153LA,0.27024,874,1,9
LBX170LA,0.1792,874,1,9
LBX180LA,0.196,874,1,9
LBX187LA,0.13104,874,1,9
LBX194LA,0.0984,874,1,9
LBXPCBLA,0.07248,874,1,9
LBXHXCLA,0.57888,874,1,9
LBX118LA,0.1592,874,1,9
LBXD03LA,0.34048,874,1,9
LBXD05LA,0.84288,874,1,9
LBXD07LA,0.1344,874,1,9
LBXF03LA,0.10368,874,1,9
LBXF04LA,0.10992,874,1,9
LBXF05LA,0.11504,874,1,9
LBXF08LA,0.05152,874,1,9
LBX074LA,0.18224,875,1,9
LBX099LA,0.1312,875,1,9
LBX138LA,0.2592,875,1,9
LBX153LA,0.17856,875,1,9
LBX170LA,0.32016,875,1,9
LBX180LA,0.15216,875,1,9
LBX187LA,0.15456,875,1,9
LBX194LA,0.51232,875,1,9
LBXPCBLA,0.13984,875,1,9
LBXHXCLA,0.14768,875,1,9
LBX118LA,0.7168,875,1,9
LBXD03LA,0.11424,875,1,9
LBXD05LA,0.60432,875,1,9
LBXD07LA,0.25856,875,1,9
LBXF03LA,0.1904,875,1,9
LBXF04LA,0.39888,875,1,9
LBXF05LA,0.11104,875,1,9
LBXF08LA,0.08912,875,1,9
LBX074LA,0.1104,876,1,9
LBX099LA,0.12016,876,1,9
LBX138LA,0.17664,876,1,9
LBX153LA,0.1704,876,1,9
LBX170LA,0.20656,876,1,9
LBX180LA,0.36,876,1,9
LBX187LA,0.30176,876,1,9
LBX194LA,0.50256,876,1,9
LBXPCBLA,0.2336,876,1,9
LBXHXCLA,0.22928,876,1,9
LBX118LA,0.25184,876,1,9
LBXD03LA,0.15488,876,1,9
LBXD05LA,0.72848,876,1,9
LBXD07LA,0.11328,876,1,9
LBXF03LA,0.31648,876,1,9
LBXF04LA,0.10224,876,1,9
LBXF05LA,0.13568,876,1,9
LBXF08LA,0.62016,876,1,9
LBX074LA,0.15264,877,4,9
LBX099LA,0.77328,877,4,9
LBX138LA,0.15728,877,4,9
LBX153LA,0.15696,877,4,9
LBX170LA,0.12368,877,4,9
LBX180LA,0.10336,877,4,9
LBX187LA,0.19744,877,4,9
LBX194LA,0.21696,877,4,9
LBXPCBLA,0.06688,877,4,9
LBXHXCLA,0.08288,877,4,9
LBX118LA,0.18016,877,4,9
LBXD03LA,0.07312,877,4,9
LBXD05LA,0.89216,877,4,9
LBXD07LA,0.06624,877,4,9
LBXF03LA,0.2288,877,4,9
LBXF04LA,0.2664,877,4,9
LBXF05LA,0.15008,877,4,9
LBXF08LA,0.09904,877,4,9
LBX074LA,0.37584,878,2,9
LBX099LA,0.06816,878,2,9
LBX138LA,0.26016,878,2,9
LBX153LA,0.47664,878,2,9
LBX170LA,0.76032,878,2,9
LBX180LA,0.26496,878,2,9
LBX187LA,0.11024,878,2,9
LBX194LA,0.21152,878,2,9
LBXPCBLA,0.99088,878,2,9
LBXHXCLA,0.13024,878,2,9
LBX118LA,0.1552,878,2,9
LBXD03LA,0.18512,878,2,9
LBXD05LA,0.21376,878,2,9
LBXD07LA,0.16768,878,2,9
LBXF03LA,0.10656,878,2,9
LBXF04LA,0.65584,878,2,9
LBXF05LA,0.23792,878,2,9
LBXF08LA,0.05392,878,2,9
LBX074LA,0.19056,879,2,9
LBX099LA,0.24608,879,2,9
LBX138LA,0.14736,879,2,9
LBX153LA,0.14832,879,2,9
LBX170LA,0.2232,879,2,9
LBX180LA,0.13584,879,2,9
LBX187LA,0.26032,879,2,9
LBX194LA,0.97776,879,2,9
LBXPCBLA,0.09536,879,2,9
LBXHXCLA,0.17312,879,2,9
LBX118LA,0.3288,879,2,9
LBXD03LA,0.11296,879,2,9
LBXD05LA,0.32384,879,2,9
LBXD07LA,0.22624,879,2,9
LBXF03LA,0.11616,879,2,9
LBXF04LA,0.20656,879,2,9
LBXF05LA,0.39904,879,2,9
LBXF08LA,0.34032,879,2,9
LBX074LA,0.12544,880,2,9
LBX099LA,0.22048,880,2,9
LBX138LA,0.08032,880,2,9
LBX153LA,0.0864,880,2,9
LBX170LA,0.07184,880,2,9
LBX180LA,0.13488,880,2,9
LBX187LA,0.10208,880,2,9
LBX194LA,0.08672,880,2,9
LBXPCBLA,0.09568,880,2,9
LBXHXCLA,0.06896,880,2,9
LBX118LA,0.77712,880,2,9
LBXD03LA,0.05984,880,2,9
LBXD05LA,0.48112,880,2,9
LBXD07LA,0.45952,880,2,9
LBXF03LA,0.07248,880,2,9
LBXF04LA,0.6688,880,2,9
LBXF05LA,0.41648,880,2,9
LBXF08LA,0.1192,880,2,9
LBX074LA,0.05392,881,4,9
LBX099LA,0.02896,881,4,9
LBX138LA,0.26496,881,4,9
LBX153LA,0.12512,881,4,9
LBX170LA,0.07584,881,4,9
LBX180LA,0.05184,881,4,9
LBX187LA,0.41328,881,4,9
LBX194LA,0.75872,881,4,9
LBXPCBLA,0.03808,881,4,9
LBXHXCLA,0.05232,881,4,9
LBX118LA,0.04544,881,4,9
LBXD03LA,0.16912,881,4,9
LBXD05LA,0.50112,881,4,9
LBXD07LA,0.69376,881,4,9
LBXF03LA,0.15648,881,4,9
LBXF04LA,0.79584,881,4,9
LBXF05LA,0.11056,881,4,9
LBXF08LA,0.67712,881,4,9
LBX074LA,0.40128,882,1,9
LBX099LA,0.1064,882,1,9
LBX138LA,0.31552,882,1,9
LBX153LA,0.33136,882,1,9
LBX170LA,0.22336,882,1,9
LBX180LA,0.1536,882,1,9
LBX187LA,0.11408,882,1,9
LBX194LA,0.1048,882,1,9
LBXPCBLA,0.21296,882,1,9
LBXHXCLA,0.35056,882,1,9
LBX118LA,0.15296,882,1,9
LBXD03LA,0.11792,882,1,9
LBXD05LA,0.73872,882,1,9
LBXD07LA,0.52352,882,1,9
LBXF03LA,0.06832,882,1,9
LBXF04LA,0.1272,882,1,9
LBXF05LA,0.12304,882,1,9
LBXF08LA,0.52,882,1,9
LBX074LA,0.09712,883,4,9
LBX099LA,0.97376,883,4,9
LBX138LA,0.08896,883,4,9
LBX153LA,0.05584,883,4,9
LBX170LA,0.12176,883,4,9
LBX180LA,0.05024,883,4,9
LBX187LA,0.08784,883,4,9
LBX194LA,0.1496,883,4,9
LBXPCBLA,0.03232,883,4,9
LBXHXCLA,0.07776,883,4,9
LBX118LA,0.09136,883,4,9
LBXD03LA,0.09312,883,4,9
LBXD05LA,0.04912,883,4,9
LBXD07LA,0.12784,883,4,9
LBXF03LA,0.04064,883,4,9
LBXF04LA,0.73584,883,4,9
LBXF05LA,0.44048,883,4,9
LBXF08LA,0.10112,883,4,9
LBX074LA,0.20064,884,2,9
LBX099LA,0.0952,884,2,9
LBX138LA,0.18112,884,2,9
LBX153LA,0.17264,884,2,9
LBX170LA,0.25664,884,2,9
LBX180LA,0.26848,884,2,9
LBX187LA,0.45664,884,2,9
LBX194LA,0.25776,884,2,9
LBXPCBLA,0.1832,884,2,9
LBXHXCLA,0.19568,884,2,9
LBX118LA,0.1576,884,2,9
LBXD03LA,0.24064,884,2,9
LBXD05LA,0.5864,884,2,9
LBXD07LA,0.7984,884,2,9
LBXF03LA,0.52304,884,2,9
LBXF04LA,0.13952,884,2,9
LBXF05LA,0.10992,884,2,9
LBXF08LA,0.99136,884,2,9
LBX074LA,0.18208,885,2,9
LBX099LA,0.352,885,2,9
LBX138LA,0.22576,885,2,9
LBX153LA,0.30768,885,2,9
LBX170LA,0.64288,885,2,9
LBX180LA,0.29552,885,2,9
LBX187LA,0.23888,885,2,9
LBX194LA,0.3456,885,2,9
LBXPCBLA,0.1704,885,2,9
LBXHXCLA,0.13472,885,2,9
LBX118LA,0.4128,885,2,9
LBXD03LA,0.11424,885,2,9
LBXD05LA,0.536,885,2,9
LBXD07LA,0.1448,885,2,9
LBXF03LA,0.1024,885,2,9
LBXF04LA,0.14544,885,2,9
LBXF05LA,0.08896,885,2,9
LBXF08LA,0.08992,885,2,9
LBX074LA,0.2328,886,1,9
LBX099LA,0.12768,886,1,9
LBX138LA,0.10256,886,1,9
LBX153LA,0.12464,886,1,9
LBX170LA,0.26352,886,1,9
LBX180LA,0.13392,886,1,9
LBX187LA,0.2504,886,1,9
LBX194LA,0.62832,886,1,9
LBXPCBLA,0.0664,886,1,9
LBXHXCLA,0.14064,886,1,9
LBX118LA,0.10592,886,1,9
LBXD03LA,0.11456,886,1,9
LBXD05LA,0.1704,886,1,9
LBXD07LA,0.22512,886,1,9
LBXF03LA,0.10256,886,1,9
LBXF04LA,0.09952,886,1,9
LBXF05LA,0.11824,886,1,9
LBXF08LA,0.8032,886,1,9
LBX074LA,0.3464,887,1,9
LBX099LA,0.07584,887,1,9
LBX138LA,0.09968,887,1,9
LBX153LA,0.13184,887,1,9
LBX170LA,0.09488,887,1,9
LBX180LA,0.1016,887,1,9
LBX187LA,0.1088,887,1,9
LBX194LA,0.14768,887,1,9
LBXPCBLA,0.07248,887,1,9
LBXHXCLA,0.07696,887,1,9
LBX118LA,0.66752,887,1,9
LBXD03LA,0.88576,887,1,9
LBXD05LA,0.10224,887,1,9
LBXD07LA,0.07248,887,1,9
LBXF03LA,0.06768,887,1,9
LBXF04LA,0.13504,887,1,9
LBXF05LA,0.24112,887,1,9
LBXF08LA,0.0848,887,1,9
LBX074LA,0.1032,888,1,9
LBX099LA,0.06672,888,1,9
LBX138LA,0.38768,888,1,9
LBX153LA,0.7816,888,1,9
LBX170LA,0.68016,888,1,9
LBX180LA,0.18048,888,1,9
LBX187LA,0.11088,888,1,9
LBX194LA,0.48736,888,1,9
LBXPCBLA,0.17072,888,1,9
LBXHXCLA,0.37008,888,1,9
LBX118LA,0.08864,888,1,9
LBXD03LA,0.1344,888,1,9
LBXD05LA,0.96352,888,1,9
LBXD07LA,0.06032,888,1,9
LBXF03LA,0.12752,888,1,9
LBXF04LA,0.10176,888,1,9
LBXF05LA,0.68704,888,1,9
LBXF08LA,0.15856,888,1,9
LBX074LA,0.09952,889,2,9
LBX099LA,0.08992,889,2,9
LBX138LA,0.08816,889,2,9
LBX153LA,0.10896,889,2,9
LBX170LA,0.15328,889,2,9
LBX180LA,0.11136,889,2,9
LBX187LA,0.22768,889,2,9
LBX194LA,0.44736,889,2,9
LBXPCBLA,0.22224,889,2,9
LBXHXCLA,0.15712,889,2,9
LBX118LA,0.16624,889,2,9
LBXD03LA,0.07104,889,2,9
LBXD05LA,0.4496,889,2,9
LBXD07LA,0.17712,889,2,9
LBXF03LA,0.28096,889,2,9
LBXF04LA,0.9832,889,2,9
LBXF05LA,0.06688,889,2,9
LBXF08LA,0.03824,889,2,9
LBX074LA,0.23136,890,3,9
LBX099LA,0.07104,890,3,9
LBX138LA,0.10128,890,3,9
LBX153LA,0.22128,890,3,9
LBX170LA,0.0816,890,3,9
LBX180LA,0.07616,890,3,9
LBX187LA,0.09296,890,3,9
LBX194LA,0.0872,890,3,9
LBXPCBLA,0.10464,890,3,9
LBXHXCLA,0.05616,890,3,9
LBX118LA,0.1232,890,3,9
LBXD03LA,0.08064,890,3,9
LBXD05LA,0.44048,890,3,9
LBXD07LA,0.6,890,3,9
LBXF03LA,0.04304,890,3,9
LBXF04LA,0.80592,890,3,9
LBXF05LA,0.0624,890,3,9
LBXF08LA,0.05904,890,3,9
LBX074LA,0.34224,891,2,9
LBX099LA,0.08304,891,2,9
LBX138LA,0.15744,891,2,9
LBX153LA,0.2128,891,2,9
LBX170LA,0.14512,891,2,9
LBX180LA,0.5368,891,2,9
LBX187LA,0.2432,891,2,9
LBX194LA,0.17536,891,2,9
LBXPCBLA,0.10304,891,2,9
LBXHXCLA,0.20256,891,2,9
LBX118LA,0.26592,891,2,9
LBXD03LA,0.13536,891,2,9
LBXD05LA,0.19808,891,2,9
LBXD07LA,0.91616,891,2,9
LBXF03LA,0.08112,891,2,9
LBXF04LA,0.80816,891,2,9
LBXF05LA,0.12928,891,2,9
LBXF08LA,0.11984,891,2,9
LBX074LA,0.14688,892,4,9
LBX099LA,0.0896,892,4,9
LBX138LA,0.07536,892,4,9
LBX153LA,0.18064,892,4,9
LBX170LA,0.16528,892,4,9
LBX180LA,0.516,892,4,9
LBX187LA,0.30912,892,4,9
LBX194LA,0.16624,892,4,9
LBXPCBLA,0.20032,892,4,9
LBXHXCLA,0.3128,892,4,9
LBX118LA,0.93456,892,4,9
LBXD03LA,0.07184,892,4,9
LBXD05LA,0.26016,892,4,9
LBXD07LA,0.32,892,4,9
LBXF03LA,0.11616,892,4,9
LBXF04LA,0.28208,892,4,9
LBXF05LA,0.22112,892,4,9
LBXF08LA,0.85696,892,4,9
LBX074LA,0.03344,893,2,9
LBX099LA,0.05056,893,2,9
LBX138LA,0.23104,893,2,9
LBX153LA,0.1712,893,2,9
LBX170LA,0.1192,893,2,9
LBX180LA,0.17376,893,2,9
LBX187LA,0.15232,893,2,9
LBX194LA,0.7232,893,2,9
LBXPCBLA,0.03712,893,2,9
LBXHXCLA,0.08368,893,2,9
LBX118LA,0.052,893,2,9
LBXD03LA,0.29088,893,2,9
LBXD05LA,0.10592,893,2,9
LBXD07LA,0.06816,893,2,9
LBXF03LA,0.03584,893,2,9
LBXF04LA,0.87152,893,2,9
LBXF05LA,0.0784,893,2,9
LBXF08LA,0.10432,893,2,9
LBX074LA,0.14432,894,3,9
LBX099LA,0.13664,894,3,9
LBX138LA,0.19504,894,3,9
LBX153LA,0.2816,894,3,9
LBX170LA,0.09856,894,3,9
LBX180LA,0.67824,894,3,9
LBX187LA,0.0864,894,3,9
LBX194LA,0.15984,894,3,9
LBXPCBLA,0.08624,894,3,9
LBXHXCLA,0.2736,894,3,9
LBX118LA,0.084,894,3,9
LBXD03LA,0.252,894,3,9
LBXD05LA,0.27536,894,3,9
LBXD07LA,0.22448,894,3,9
LBXF03LA,0.04864,894,3,9
LBXF04LA,0.23536,894,3,9
LBXF05LA,0.15376,894,3,9
LBXF08LA,0.22848,894,3,9
LBX074LA,0.14992,895,1,9
LBX099LA,0.12464,895,1,9
LBX138LA,0.30416,895,1,9
LBX153LA,0.28896,895,1,9
LBX170LA,0.48832,895,1,9
LBX180LA,0.19104,895,1,9
LBX187LA,0.27056,895,1,9
LBX194LA,0.65664,895,1,9
LBXPCBLA,0.09216,895,1,9
LBXHXCLA,0.16352,895,1,9
LBX118LA,0.4784,895,1,9
LBXD03LA,0.86752,895,1,9
LBXD05LA,0.97248,895,1,9
LBXD07LA,0.14368,895,1,9
LBXF03LA,0.10624,895,1,9
LBXF04LA,0.79488,895,1,9
LBXF05LA,0.4032,895,1,9
LBXF08LA,0.10928,895,1,9
LBX074LA,0.12544,896,1,9
LBX099LA,0.10544,896,1,9
LBX138LA,0.20352,896,1,9
LBX153LA,0.29504,896,1,9
LBX170LA,0.20592,896,1,9
LBX180LA,0.1696,896,1,9
LBX187LA,0.17952,896,1,9
LBX194LA,0.6096,896,1,9
LBXPCBLA,0.51056,896,1,9
LBXHXCLA,0.23328,896,1,9
LBX118LA,0.60992,896,1,9
LBXD03LA,0.26736,896,1,9
LBXD05LA,0.3712,896,1,9
LBXD07LA,0.09344,896,1,9
LBXF03LA,0.08336,896,1,9
LBXF04LA,0.11616,896,1,9
LBXF05LA,0.20624,896,1,9
LBXF08LA,0.85824,896,1,9
LBX074LA,0.09936,897,4,9
LBX099LA,0.09472,897,4,9
LBX138LA,0.21072,897,4,9
LBX153LA,0.4184,897,4,9
LBX170LA,0.19072,897,4,9
LBX180LA,0.22192,897,4,9
LBX187LA,0.10208,897,4,9
LBX194LA,0.5016,897,4,9
LBXPCBLA,0.13312,897,4,9
LBXHXCLA,0.13376,897,4,9
LBX118LA,0.63984,897,4,9
LBXD03LA,0.2144,897,4,9
LBXD05LA,0.54784,897,4,9
LBXD07LA,0.3856,897,4,9
LBXF03LA,0.02752,897,4,9
LBXF04LA,0.09712,897,4,9
LBXF05LA,0.16576,897,4,9
LBXF08LA,1,897,4,9
LBX074LA,0.26096,898,3,9
LBX099LA,0.0976,898,3,9
LBX138LA,0.17312,898,3,9
LBX153LA,0.17328,898,3,9
LBX170LA,0.09072,898,3,9
LBX180LA,0.11792,898,3,9
LBX187LA,0.06272,898,3,9
LBX194LA,0.23824,898,3,9
LBXPCBLA,0.94256,898,3,9
LBXHXCLA,0.04784,898,3,9
LBX118LA,0.10704,898,3,9
LBXD03LA,0.59968,898,3,9
LBXD05LA,0.56192,898,3,9
LBXD07LA,0.06304,898,3,9
LBXF03LA,0.06512,898,3,9
LBXF04LA,0.73216,898,3,9
LBXF05LA,0.25168,898,3,9
LBXF08LA,0.08064,898,3,9
LBX074LA,0.1368,899,1,9
LBX099LA,0.09088,899,1,9
LBX138LA,0.18784,899,1,9
LBX153LA,0.16848,899,1,9
LBX170LA,0.35856,899,1,9
LBX180LA,0.16464,899,1,9
LBX187LA,0.26656,899,1,9
LBX194LA,0.5888,899,1,9
LBXPCBLA,0.09968,899,1,9
LBXHXCLA,0.12416,899,1,9
LBX118LA,0.1696,899,1,9
LBXD03LA,0.30608,899,1,9
LBXD05LA,0.75104,899,1,9
LBXD07LA,0.11776,899,1,9
LBXF03LA,0.06224,899,1,9
LBXF04LA,0.14736,899,1,9
LBXF05LA,0.0896,899,1,9
LBXF08LA,0.66864,899,1,9
LBX074LA,0.1384,900,1,9
LBX099LA,0.26176,900,1,9
LBX138LA,0.39184,900,1,9
LBX153LA,0.424,900,1,9
LBX170LA,0.41904,900,1,9
LBX180LA,0.30464,900,1,9
LBX187LA,0.25584,900,1,9
LBX194LA,0.92032,900,1,9
LBXPCBLA,0.86256,900,1,9
LBXHXCLA,0.22352,900,1,9
LBX118LA,0.1984,900,1,9
LBXD03LA,0.2728,900,1,9
LBXD05LA,0.27072,900,1,9
LBXD07LA,0.31632,900,1,9
LBXF03LA,0.51216,900,1,9
LBXF04LA,0.79744,900,1,9
LBXF05LA,0.3872,900,1,9
LBXF08LA,0.29856,900,1,9
LBX074LA,0.24848,1000,3,10
LBX099LA,0.14384,1000,3,10
LBX138LA,0.55312,1000,3,10
LBX153LA,0.50752,1000,3,10
LBX170LA,0.33136,1000,3,10
LBX180LA,0.41504,1000,3,10
LBX187LA,0.30432,1000,3,10
LBX194LA,0.1408,1000,3,10
LBXPCBLA,0.11088,1000,3,10
LBXHXCLA,0.15696,1000,3,10
LBX118LA,0.15552,1000,3,10
LBXD03LA,0.22448,1000,3,10
LBXD05LA,0.22576,1000,3,10
LBXD07LA,0.67696,1000,3,10
LBXF03LA,0.89344,1000,3,10
LBXF04LA,0.8864,1000,3,10
LBXF05LA,0.13264,1000,3,10
LBXF08LA,0.0768,1000,3,10
LBX074LA,0.1728,901,2,10
LBX099LA,0.21248,901,2,10
LBX138LA,0.41424,901,2,10
LBX153LA,0.36896,901,2,10
LBX170LA,0.19088,901,2,10
LBX180LA,0.17632,901,2,10
LBX187LA,0.34064,901,2,10
LBX194LA,0.8288,901,2,10
LBXPCBLA,0.07136,901,2,10
LBXHXCLA,0.24688,901,2,10
LBX118LA,0.38128,901,2,10
LBXD03LA,0.12016,901,2,10
LBXD05LA,0.20896,901,2,10
LBXD07LA,0.21664,901,2,10
LBXF03LA,0.11056,901,2,10
LBXF04LA,0.09936,901,2,10
LBXF05LA,0.06496,901,2,10
LBXF08LA,0.05136,901,2,10
LBX074LA,0.13632,902,2,10
LBX099LA,0.07536,902,2,10
LBX138LA,0.3304,902,2,10
LBX153LA,0.17648,902,2,10
LBX170LA,0.2096,902,2,10
LBX180LA,0.19152,902,2,10
LBX187LA,0.12912,902,2,10
LBX194LA,0.9056,902,2,10
LBXPCBLA,0.5872,902,2,10
LBXHXCLA,0.32,902,2,10
LBX118LA,0.13856,902,2,10
LBXD03LA,0.1408,902,2,10
LBXD05LA,0.24032,902,2,10
LBXD07LA,0.3368,902,2,10
LBXF03LA,0.05248,902,2,10
LBXF04LA,0.91536,902,2,10
LBXF05LA,0.13424,902,2,10
LBXF08LA,0.0384,902,2,10
LBX074LA,0.42304,903,2,10
LBX099LA,0.12432,903,2,10
LBX138LA,0.42048,903,2,10
LBX153LA,0.3336,903,2,10
LBX170LA,0.16352,903,2,10
LBX180LA,0.2696,903,2,10
LBX187LA,0.14688,903,2,10
LBX194LA,0.4528,903,2,10
LBXPCBLA,0.61952,903,2,10
LBXHXCLA,0.0976,903,2,10
LBX118LA,0.1144,903,2,10
LBXD03LA,0.17536,903,2,10
LBXD05LA,0.35648,903,2,10
LBXD07LA,0.26336,903,2,10
LBXF03LA,0.10032,903,2,10
LBXF04LA,0.136,903,2,10
LBXF05LA,0.44256,903,2,10
LBXF08LA,0.0512,903,2,10
LBX074LA,0.15328,904,1,10
LBX099LA,0.22512,904,1,10
LBX138LA,0.15536,904,1,10
LBX153LA,0.24576,904,1,10
LBX170LA,0.1824,904,1,10
LBX180LA,0.2376,904,1,10
LBX187LA,0.62256,904,1,10
LBX194LA,0.19568,904,1,10
LBXPCBLA,0.0912,904,1,10
LBXHXCLA,0.37296,904,1,10
LBX118LA,0.37776,904,1,10
LBXD03LA,0.18464,904,1,10
LBXD05LA,0.87984,904,1,10
LBXD07LA,0.26144,904,1,10
LBXF03LA,0.27056,904,1,10
LBXF04LA,0.1992,904,1,10
LBXF05LA,0.09904,904,1,10
LBXF08LA,0.11936,904,1,10
LBX074LA,0.35008,905,2,10
LBX099LA,0.11536,905,2,10
LBX138LA,0.16688,905,2,10
LBX153LA,0.17728,905,2,10
LBX170LA,0.28672,905,2,10
LBX180LA,0.18624,905,2,10
LBX187LA,0.1576,905,2,10
LBX194LA,0.3512,905,2,10
LBXPCBLA,0.12672,905,2,10
LBXHXCLA,0.15536,905,2,10
LBX118LA,0.84864,905,2,10
LBXD03LA,0.33344,905,2,10
LBXD05LA,0.91088,905,2,10
LBXD07LA,0.36272,905,2,10
LBXF03LA,0.07424,905,2,10
LBXF04LA,0.12576,905,2,10
LBXF05LA,0.07584,905,2,10
LBXF08LA,0.24704,905,2,10
LBX074LA,0.08272,906,1,10
LBX099LA,0.18064,906,1,10
LBX138LA,0.1328,906,1,10
LBX153LA,0.11968,906,1,10
LBX170LA,0.16752,906,1,10
LBX180LA,0.2088,906,1,10
LBX187LA,0.94528,906,1,10
LBX194LA,0.17584,906,1,10
LBXPCBLA,0.07488,906,1,10
LBXHXCLA,0.10336,906,1,10
LBX118LA,0.09136,906,1,10
LBXD03LA,0.08688,906,1,10
LBXD05LA,0.55712,906,1,10
LBXD07LA,0.2728,906,1,10
LBXF03LA,0.06912,906,1,10
LBXF04LA,0.19632,906,1,10
LBXF05LA,0.06928,906,1,10
LBXF08LA,0.05888,906,1,10
LBX074LA,0.23184,907,1,10
LBX099LA,0.10112,907,1,10
LBX138LA,0.16592,907,1,10
LBX153LA,0.1616,907,1,10
LBX170LA,0.20624,907,1,10
LBX180LA,0.13552,907,1,10
LBX187LA,0.17552,907,1,10
LBX194LA,0.90992,907,1,10
LBXPCBLA,0.33264,907,1,10
LBXHXCLA,0.2024,907,1,10
LBX118LA,0.33792,907,1,10
LBXD03LA,0.2536,907,1,10
LBXD05LA,0.6336,907,1,10
LBXD07LA,0.4288,907,1,10
LBXF03LA,0.08208,907,1,10
LBXF04LA,0.13536,907,1,10
LBXF05LA,0.11312,907,1,10
LBXF08LA,0.82064,907,1,10
LBX074LA,0.86064,908,2,10
LBX099LA,0.52048,908,2,10
LBX138LA,0.23856,908,2,10
LBX153LA,0.24112,908,2,10
LBX170LA,0.27152,908,2,10
LBX180LA,0.23056,908,2,10
LBX187LA,0.28512,908,2,10
LBX194LA,0.4152,908,2,10
LBXPCBLA,0.89968,908,2,10
LBXHXCLA,0.10176,908,2,10
LBX118LA,0.39296,908,2,10
LBXD03LA,0.204,908,2,10
LBXD05LA,0.43904,908,2,10
LBXD07LA,0.26368,908,2,10
LBXF03LA,0.17168,908,2,10
LBXF04LA,0.26496,908,2,10
LBXF05LA,0.28688,908,2,10
LBXF08LA,0.09456,908,2,10
LBX074LA,0.12896,909,1,10
LBX099LA,0.11072,909,1,10
LBX138LA,0.32592,909,1,10
LBX153LA,0.4064,909,1,10
LBX170LA,0.17504,909,1,10
LBX180LA,0.24208,909,1,10
LBX187LA,0.22224,909,1,10
LBX194LA,0.5528,909,1,10
LBXPCBLA,0.08192,909,1,10
LBXHXCLA,0.13952,909,1,10
LBX118LA,0.1144,909,1,10
LBXD03LA,0.18592,909,1,10
LBXD05LA,0.26672,909,1,10
LBXD07LA,0.12384,909,1,10
LBXF03LA,0.05648,909,1,10
LBXF04LA,0.24896,909,1,10
LBXF05LA,0.09088,909,1,10
LBXF08LA,0.19328,909,1,10
LBX074LA,0.1744,910,3,10
LBX099LA,0.55456,910,3,10
LBX138LA,0.17216,910,3,10
LBX153LA,0.07632,910,3,10
LBX170LA,0.03024,910,3,10
LBX180LA,0.059520000000000003,910,3,10
LBX187LA,0.0336,910,3,10
LBX194LA,0.08128,910,3,10
LBXPCBLA,0.13776,910,3,10
LBXHXCLA,0.0856,910,3,10
LBX118LA,0.33808,910,3,10
LBXD03LA,0.10496,910,3,10
LBXD05LA,0.59024,910,3,10
LBXD07LA,0.07824,910,3,10
LBXF03LA,0.02864,910,3,10
LBXF04LA,0.08448,910,3,10
LBXF05LA,0.38304,910,3,10
LBXF08LA,0.12416,910,3,10
LBX074LA,0.80432,911,2,10
LBX099LA,0.08048,911,2,10
LBX138LA,0.13536,911,2,10
LBX153LA,0.13072,911,2,10
LBX170LA,0.12864,911,2,10
LBX180LA,0.096,911,2,10
LBX187LA,0.17648,911,2,10
LBX194LA,0.17264,911,2,10
LBXPCBLA,0.23568,911,2,10
LBXHXCLA,0.428,911,2,10
LBX118LA,0.13616,911,2,10
LBXD03LA,0.0848,911,2,10
LBXD05LA,0.0496,911,2,10
LBXD07LA,0.08224,911,2,10
LBXF03LA,0.08704,911,2,10
LBXF04LA,0.64592,911,2,10
LBXF05LA,0.12896,911,2,10
LBXF08LA,0.41488,911,2,10
LBX074LA,0.52464,912,1,10
LBX099LA,0.13088,912,1,10
LBX138LA,0.14992,912,1,10
LBX153LA,0.12608,912,1,10
LBX170LA,0.088,912,1,10
LBX180LA,0.096,912,1,10
LBX187LA,0.09504,912,1,10
LBX194LA,0.07792,912,1,10
LBXPCBLA,0.05328,912,1,10
LBXHXCLA,0.2,912,1,10
LBX118LA,0.09248,912,1,10
LBXD03LA,0.092,912,1,10
LBXD05LA,0.98592,912,1,10
LBXD07LA,0.0616,912,1,10
LBXF03LA,0.05968,912,1,10
LBXF04LA,0.144,912,1,10
LBXF05LA,0.11328,912,1,10
LBXF08LA,0.11952,912,1,10
LBX074LA,0.51136,913,1,10
LBX099LA,0.1328,913,1,10
LBX138LA,0.1184,913,1,10
LBX153LA,0.11536,913,1,10
LBX170LA,0.17504,913,1,10
LBX180LA,0.1,913,1,10
LBX187LA,0.12464,913,1,10
LBX194LA,0.22928,913,1,10
LBXPCBLA,0.12688,913,1,10
LBXHXCLA,0.1064,913,1,10
LBX118LA,0.26272,913,1,10
LBXD03LA,0.07104,913,1,10
LBXD05LA,0.10624,913,1,10
LBXD07LA,0.11584,913,1,10
LBXF03LA,0.06816,913,1,10
LBXF04LA,0.0896,913,1,10
LBXF05LA,0.13936,913,1,10
LBXF08LA,0.05856,913,1,10
LBX074LA,0.18704,914,2,10
LBX099LA,0.2896,914,2,10
LBX138LA,0.46832,914,2,10
LBX153LA,0.34768,914,2,10
LBX170LA,0.2024,914,2,10
LBX180LA,0.45232,914,2,10
LBX187LA,0.16288,914,2,10
LBX194LA,0.16944,914,2,10
LBXPCBLA,0.10656,914,2,10
LBXHXCLA,0.08304,914,2,10
LBX118LA,0.10432,914,2,10
LBXD03LA,0.36336,914,2,10
LBXD05LA,0.08016,914,2,10
LBXD07LA,0.08112,914,2,10
LBXF03LA,0.20656,914,2,10
LBXF04LA,0.97856,914,2,10
LBXF05LA,0.06272,914,2,10
LBXF08LA,0.0384,914,2,10
LBX074LA,0.1,915,2,10
LBX099LA,0.1136,915,2,10
LBX138LA,0.14416,915,2,10
LBX153LA,0.17344,915,2,10
LBX170LA,0.17072,915,2,10
LBX180LA,0.13824,915,2,10
LBX187LA,0.31776,915,2,10
LBX194LA,0.9912,915,2,10
LBXPCBLA,0.15136,915,2,10
LBXHXCLA,0.21872,915,2,10
LBX118LA,0.08096,915,2,10
LBXD03LA,0.23584,915,2,10
LBXD05LA,0.72176,915,2,10
LBXD07LA,0.77376,915,2,10
LBXF03LA,0.08784,915,2,10
LBXF04LA,0.89872,915,2,10
LBXF05LA,0.19248,915,2,10
LBXF08LA,0.72896,915,2,10
LBX074LA,0.06992,916,1,10
LBX099LA,0.07872,916,1,10
LBX138LA,0.10512,916,1,10
LBX153LA,0.13088,916,1,10
LBX170LA,0.21984,916,1,10
LBX180LA,0.24288,916,1,10
LBX187LA,0.12592,916,1,10
LBX194LA,0.54336,916,1,10
LBXPCBLA,0.07136,916,1,10
LBXHXCLA,0.10304,916,1,10
LBX118LA,0.06528,916,1,10
LBXD03LA,0.09472,916,1,10
LBXD05LA,0.6632,916,1,10
LBXD07LA,0.08736,916,1,10
LBXF03LA,0.0568,916,1,10
LBXF04LA,0.08704,916,1,10
LBXF05LA,0.10224,916,1,10
LBXF08LA,0.03968,916,1,10
LBX074LA,0.4736,917,1,10
LBX099LA,0.1216,917,1,10
LBX138LA,0.19344,917,1,10
LBX153LA,0.26496,917,1,10
LBX170LA,0.568,917,1,10
LBX180LA,0.3864,917,1,10
LBX187LA,0.24,917,1,10
LBX194LA,0.98784,917,1,10
LBXPCBLA,0.0976,917,1,10
LBXHXCLA,0.14928,917,1,10
LBX118LA,0.23312,917,1,10
LBXD03LA,0.13776,917,1,10
LBXD05LA,0.09952,917,1,10
LBXD07LA,0.99728000000000006,917,1,10
LBXF03LA,0.2504,917,1,10
LBXF04LA,0.28528,917,1,10
LBXF05LA,0.14848,917,1,10
LBXF08LA,0.07536,917,1,10
LBX074LA,0.28656,918,1,10
LBX099LA,0.2592,918,1,10
LBX138LA,0.35024,918,1,10
LBX153LA,0.52608,918,1,10
LBX170LA,0.4288,918,1,10
LBX180LA,0.26464,918,1,10
LBX187LA,0.476,918,1,10
LBX194LA,0.73664,918,1,10
LBXPCBLA,0.28944,918,1,10
LBXHXCLA,0.17104,918,1,10
LBX118LA,0.55232,918,1,10
LBXD03LA,0.41008,918,1,10
LBXD05LA,0.29184,918,1,10
LBXD07LA,0.50416,918,1,10
LBXF03LA,0.19136,918,1,10
LBXF04LA,0.91696,918,1,10
LBXF05LA,0.1528,918,1,10
LBXF08LA,0.21344,918,1,10
LBX074LA,0.09952,919,1,10
LBX099LA,0.22592,919,1,10
LBX138LA,0.09248,919,1,10
LBX153LA,0.14112,919,1,10
LBX170LA,0.1512,919,1,10
LBX180LA,0.13392,919,1,10
LBX187LA,0.18688,919,1,10
LBX194LA,0.08208,919,1,10
LBXPCBLA,0.05744,919,1,10
LBXHXCLA,0.28912,919,1,10
LBX118LA,0.2904,919,1,10
LBXD03LA,0.62832,919,1,10
LBXD05LA,0.57184,919,1,10
LBXD07LA,0.18832,919,1,10
LBXF03LA,0.37264,919,1,10
LBXF04LA,0.06992,919,1,10
LBXF05LA,0.07696,919,1,10
LBXF08LA,0.04208,919,1,10
LBX074LA,0.4616,920,1,10
LBX099LA,0.31888,920,1,10
LBX138LA,0.22064,920,1,10
LBX153LA,0.16768,920,1,10
LBX170LA,0.15536,920,1,10
LBX180LA,0.28752,920,1,10
LBX187LA,0.35776,920,1,10
LBX194LA,0.54976,920,1,10
LBXPCBLA,0.1,920,1,10
LBXHXCLA,0.13584,920,1,10
LBX118LA,0.1872,920,1,10
LBXD03LA,0.15408,920,1,10
LBXD05LA,0.5832,920,1,10
LBXD07LA,0.11216,920,1,10
LBXF03LA,0.0856,920,1,10
LBXF04LA,0.10832,920,1,10
LBXF05LA,0.31344,920,1,10
LBXF08LA,0.08176,920,1,10
LBX074LA,0.1488,921,4,10
LBX099LA,0.8472,921,4,10
LBX138LA,0.0536,921,4,10
LBX153LA,0.08592,921,4,10
LBX170LA,0.17056,921,4,10
LBX180LA,0.18736,921,4,10
LBX187LA,0.17824,921,4,10
LBX194LA,0.42464,921,4,10
LBXPCBLA,0.05232,921,4,10
LBXHXCLA,0.05504,921,4,10
LBX118LA,0.0408,921,4,10
LBXD03LA,0.0376,921,4,10
LBXD05LA,0.92144,921,4,10
LBXD07LA,0.06816,921,4,10
LBXF03LA,0.028,921,4,10
LBXF04LA,0.10912,921,4,10
LBXF05LA,0.05184,921,4,10
LBXF08LA,0.07168,921,4,10
LBX074LA,0.71824,922,4,10
LBX099LA,0.07472,922,4,10
LBX138LA,0.15488,922,4,10
LBX153LA,0.26768,922,4,10
LBX170LA,0.1344,922,4,10
LBX180LA,0.34848,922,4,10
LBX187LA,0.29888,922,4,10
LBX194LA,0.38688,922,4,10
LBXPCBLA,0.48752,922,4,10
LBXHXCLA,0.13744,922,4,10
LBX118LA,0.58224,922,4,10
LBXD03LA,0.08304,922,4,10
LBXD05LA,0.57424,922,4,10
LBXD07LA,0.14256,922,4,10
LBXF03LA,0.12224,922,4,10
LBXF04LA,0.25984,922,4,10
LBXF05LA,0.6392,922,4,10
LBXF08LA,0.98656,922,4,10
LBX074LA,0.11088,923,1,10
LBX099LA,0.11088,923,1,10
LBX138LA,0.16304,923,1,10
LBX153LA,0.12768,923,1,10
LBX170LA,0.12496,923,1,10
LBX180LA,0.1096,923,1,10
LBX187LA,0.16224,923,1,10
LBX194LA,0.13712,923,1,10
LBXPCBLA,0.968,923,1,10
LBXHXCLA,0.10544,923,1,10
LBX118LA,0.10336,923,1,10
LBXD03LA,0.30464,923,1,10
LBXD05LA,0.092,923,1,10
LBXD07LA,0.28816,923,1,10
LBXF03LA,0.11808,923,1,10
LBXF04LA,0.25536,923,1,10
LBXF05LA,0.20208,923,1,10
LBXF08LA,0.06912,923,1,10
LBX074LA,0.17264,924,2,10
LBX099LA,0.116,924,2,10
LBX138LA,0.10224,924,2,10
LBX153LA,0.10032,924,2,10
LBX170LA,0.34096,924,2,10
LBX180LA,0.12224,924,2,10
LBX187LA,0.12112,924,2,10
LBX194LA,0.17712,924,2,10
LBXPCBLA,0.15216,924,2,10
LBXHXCLA,0.10272,924,2,10
LBX118LA,0.86576,924,2,10
LBXD03LA,0.13632,924,2,10
LBXD05LA,0.19776,924,2,10
LBXD07LA,0.04304,924,2,10
LBXF03LA,0.264,924,2,10
LBXF04LA,0.58512,924,2,10
LBXF05LA,0.704,924,2,10
LBXF08LA,0.07248,924,2,10
LBX074LA,0.13872,925,2,10
LBX099LA,0.22384,925,2,10
LBX138LA,0.41248,925,2,10
LBX153LA,0.32928,925,2,10
LBX170LA,0.71984,925,2,10
LBX180LA,0.4256,925,2,10
LBX187LA,0.51872,925,2,10
LBX194LA,0.41136,925,2,10
LBXPCBLA,0.3456,925,2,10
LBXHXCLA,0.24048,925,2,10
LBX118LA,0.45824,925,2,10
LBXD03LA,0.4208,925,2,10
LBXD05LA,0.95552,925,2,10
LBXD07LA,0.12768,925,2,10
LBXF03LA,0.13488,925,2,10
LBXF04LA,0.67232,925,2,10
LBXF05LA,0.2856,925,2,10
LBXF08LA,0.13632,925,2,10
LBX074LA,0.27088,926,1,10
LBX099LA,0.1552,926,1,10
LBX138LA,0.11744,926,1,10
LBX153LA,0.14304,926,1,10
LBX170LA,0.14528,926,1,10
LBX180LA,0.17568,926,1,10
LBX187LA,0.12304,926,1,10
LBX194LA,0.19008,926,1,10
LBXPCBLA,0.2368,926,1,10
LBXHXCLA,0.22064,926,1,10
LBX118LA,0.33568,926,1,10
LBXD03LA,0.19808,926,1,10
LBXD05LA,0.20096,926,1,10
LBXD07LA,0.11168,926,1,10
LBXF03LA,0.10064,926,1,10
LBXF04LA,0.16064,926,1,10
LBXF05LA,0.30208,926,1,10
LBXF08LA,0.06896,926,1,10
LBX074LA,0.824,927,1,10
LBX099LA,0.25008,927,1,10
LBX138LA,0.12496,927,1,10
LBX153LA,0.13472,927,1,10
LBX170LA,0.21168,927,1,10
LBX180LA,0.63008,927,1,10
LBX187LA,0.16944,927,1,10
LBX194LA,0.14896,927,1,10
LBXPCBLA,0.06816,927,1,10
LBXHXCLA,0.11872,927,1,10
LBX118LA,0.11376,927,1,10
LBXD03LA,0.11632,927,1,10
LBXD05LA,0.38256,927,1,10
LBXD07LA,0.09728,927,1,10
LBXF03LA,0.05776,927,1,10
LBXF04LA,0.15552,927,1,10
LBXF05LA,0.08176,927,1,10
LBXF08LA,0.0968,927,1,10
LBX074LA,0.12688,928,1,10
LBX099LA,0.15808,928,1,10
LBX138LA,0.1368,928,1,10
LBX153LA,0.12928,928,1,10
LBX170LA,0.15552,928,1,10
LBX180LA,0.1344,928,1,10
LBX187LA,0.4912,928,1,10
LBX194LA,0.5704,928,1,10
LBXPCBLA,0.24,928,1,10
LBXHXCLA,0.11744,928,1,10
LBX118LA,0.27376,928,1,10
LBXD03LA,0.09424,928,1,10
LBXD05LA,0.69824,928,1,10
LBXD07LA,0.1216,928,1,10
LBXF03LA,0.06224,928,1,10
LBXF04LA,0.12272,928,1,10
LBXF05LA,0.0656,928,1,10
LBXF08LA,0.07248,928,1,10
LBX074LA,0.13424,929,2,10
LBX099LA,0.15104,929,2,10
LBX138LA,0.17488,929,2,10
LBX153LA,0.24688,929,2,10
LBX170LA,0.31664,929,2,10
LBX180LA,0.88496,929,2,10
LBX187LA,0.42288,929,2,10
LBX194LA,0.83712,929,2,10
LBXPCBLA,0.38304,929,2,10
LBXHXCLA,0.132,929,2,10
LBX118LA,0.20944,929,2,10
LBXD03LA,0.09408,929,2,10
LBXD05LA,0.41168,929,2,10
LBXD07LA,0.09712,929,2,10
LBXF03LA,0.22368,929,2,10
LBXF04LA,0.48608,929,2,10
LBXF05LA,0.13856,929,2,10
LBXF08LA,0.1112,929,2,10
LBX074LA,0.112,930,1,10
LBX099LA,0.31264,930,1,10
LBX138LA,0.13792,930,1,10
LBX153LA,0.13776,930,1,10
LBX170LA,0.20672,930,1,10
LBX180LA,0.12928,930,1,10
LBX187LA,0.11952,930,1,10
LBX194LA,0.12496,930,1,10
LBXPCBLA,0.07168,930,1,10
LBXHXCLA,0.0752,930,1,10
LBX118LA,0.12016,930,1,10
LBXD03LA,0.10592,930,1,10
LBXD05LA,0.85664,930,1,10
LBXD07LA,0.08928,930,1,10
LBXF03LA,0.05552,930,1,10
LBXF04LA,0.14272,930,1,10
LBXF05LA,0.13952,930,1,10
LBXF08LA,0.0736,930,1,10
LBX074LA,0.61808,931,1,10
LBX099LA,0.24096,931,1,10
LBX138LA,0.47984,931,1,10
LBX153LA,0.37584,931,1,10
LBX170LA,0.20544,931,1,10
LBX180LA,0.23936,931,1,10
LBX187LA,0.2184,931,1,10
LBX194LA,0.6168,931,1,10
LBXPCBLA,0.0912,931,1,10
LBXHXCLA,0.12784,931,1,10
LBX118LA,0.15872,931,1,10
LBXD03LA,0.28192,931,1,10
LBXD05LA,0.8632,931,1,10
LBXD07LA,0.11856,931,1,10
LBXF03LA,0.06656,931,1,10
LBXF04LA,0.14672,931,1,10
LBXF05LA,0.07376,931,1,10
LBXF08LA,0.06528,931,1,10
LBX074LA,0.63168,932,2,10
LBX099LA,0.15328,932,2,10
LBX138LA,0.15856,932,2,10
LBX153LA,0.29328,932,2,10
LBX170LA,0.192,932,2,10
LBX180LA,0.4064,932,2,10
LBX187LA,0.31968,932,2,10
LBX194LA,0.24224,932,2,10
LBXPCBLA,0.06928,932,2,10
LBXHXCLA,0.1504,932,2,10
LBX118LA,0.12592,932,2,10
LBXD03LA,0.64224,932,2,10
LBXD05LA,0.11072,932,2,10
LBXD07LA,0.07792,932,2,10
LBXF03LA,0.10048,932,2,10
LBXF04LA,0.99584,932,2,10
LBXF05LA,0.11184,932,2,10
LBXF08LA,0.1096,932,2,10
LBX074LA,0.49552,933,2,10
LBX099LA,0.09424,933,2,10
LBX138LA,0.1664,933,2,10
LBX153LA,0.24272,933,2,10
LBX170LA,0.37744,933,2,10
LBX180LA,0.81072,933,2,10
LBX187LA,0.36288,933,2,10
LBX194LA,0.28592,933,2,10
LBXPCBLA,0.19056,933,2,10
LBXHXCLA,0.12912,933,2,10
LBX118LA,0.09328,933,2,10
LBXD03LA,0.37552,933,2,10
LBXD05LA,0.08976,933,2,10
LBXD07LA,0.08912,933,2,10
LBXF03LA,0.0592,933,2,10
LBXF04LA,0.98672,933,2,10
LBXF05LA,0.13888,933,2,10
LBXF08LA,0.73632,933,2,10
LBX074LA,0.81104,934,1,10
LBX099LA,0.12528,934,1,10
LBX138LA,0.4904,934,1,10
LBX153LA,0.48576,934,1,10
LBX170LA,0.33248,934,1,10
LBX180LA,0.29168,934,1,10
LBX187LA,0.6104,934,1,10
LBX194LA,0.39584,934,1,10
LBXPCBLA,0.90864,934,1,10
LBXHXCLA,0.41744,934,1,10
LBX118LA,0.16624,934,1,10
LBXD03LA,0.39328,934,1,10
LBXD05LA,0.15088,934,1,10
LBXD07LA,0.14512,934,1,10
LBXF03LA,0.86128,934,1,10
LBXF04LA,0.14752,934,1,10
LBXF05LA,0.12032,934,1,10
LBXF08LA,0.0712,934,1,10
LBX074LA,0.22048,935,1,10
LBX099LA,0.12384,935,1,10
LBX138LA,0.12112,935,1,10
LBX153LA,0.23072,935,1,10
LBX170LA,0.38928,935,1,10
LBX180LA,0.19344,935,1,10
LBX187LA,0.17264,935,1,10
LBX194LA,0.11232,935,1,10
LBXPCBLA,0.06496,935,1,10
LBXHXCLA,0.09648,935,1,10
LBX118LA,0.0928,935,1,10
LBXD03LA,0.07664,935,1,10
LBXD05LA,0.0528,935,1,10
LBXD07LA,0.07424,935,1,10
LBXF03LA,0.12784,935,1,10
LBXF04LA,0.06992,935,1,10
LBXF05LA,0.06,935,1,10
LBXF08LA,0.05344,935,1,10
LBX074LA,0.11888,936,2,10
LBX099LA,0.14464,936,2,10
LBX138LA,0.19536,936,2,10
LBX153LA,0.24496,936,2,10
LBX170LA,0.36496,936,2,10
LBX180LA,0.37264,936,2,10
LBX187LA,0.17088,936,2,10
LBX194LA,0.72208,936,2,10
LBXPCBLA,0.66896,936,2,10
LBXHXCLA,0.17824,936,2,10
LBX118LA,0.168,936,2,10
LBXD03LA,0.29248,936,2,10
LBXD05LA,0.39216,936,2,10
LBXD07LA,0.13872,936,2,10
LBXF03LA,0.17712,936,2,10
LBXF04LA,0.61152,936,2,10
LBXF05LA,0.15136,936,2,10
LBXF08LA,0.2704,936,2,10
LBX074LA,0.18752,937,4,10
LBX099LA,0.1408,937,4,10
LBX138LA,0.25264,937,4,10
LBX153LA,0.21328,937,4,10
LBX170LA,0.10304,937,4,10
LBX180LA,0.07344,937,4,10
LBX187LA,0.15056,937,4,10
LBX194LA,0.37184,937,4,10
LBXPCBLA,0.03632,937,4,10
LBXHXCLA,0.05504,937,4,10
LBX118LA,0.90656,937,4,10
LBXD03LA,0.14016,937,4,10
LBXD05LA,0.3784,937,4,10
LBXD07LA,0.13888,937,4,10
LBXF03LA,0.06064,937,4,10
LBXF04LA,0.144,937,4,10
LBXF05LA,0.23104,937,4,10
LBXF08LA,0.03376,937,4,10
LBX074LA,0.19584,938,2,10
LBX099LA,0.21968,938,2,10
LBX138LA,0.12464,938,2,10
LBX153LA,0.15264,938,2,10
LBX170LA,0.74992,938,2,10
LBX180LA,0.15696,938,2,10
LBX187LA,0.11808,938,2,10
LBX194LA,0.1576,938,2,10
LBXPCBLA,0.1296,938,2,10
LBXHXCLA,0.08192,938,2,10
LBX118LA,0.1928,938,2,10
LBXD03LA,0.08656,938,2,10
LBXD05LA,0.89632,938,2,10
LBXD07LA,0.156,938,2,10
LBXF03LA,0.06704,938,2,10
LBXF04LA,0.07168,938,2,10
LBXF05LA,0.05024,938,2,10
LBXF08LA,0.03888,938,2,10
LBX074LA,0.57856,939,3,10
LBX099LA,0.28544,939,3,10
LBX138LA,0.09424,939,3,10
LBX153LA,0.06368,939,3,10
LBX170LA,0.06096,939,3,10
LBX180LA,0.05136,939,3,10
LBX187LA,0.83856,939,3,10
LBX194LA,0.33152,939,3,10
LBXPCBLA,0.4048,939,3,10
LBXHXCLA,0.03536,939,3,10
LBX118LA,0.0856,939,3,10
LBXD03LA,0.06432,939,3,10
LBXD05LA,0.24784,939,3,10
LBXD07LA,0.10032,939,3,10
LBXF03LA,0.03984,939,3,10
LBXF04LA,0.27712,939,3,10
LBXF05LA,0.18144,939,3,10
LBXF08LA,0.06608,939,3,10
LBX074LA,0.18592,940,2,10
LBX099LA,0.12496,940,2,10
LBX138LA,0.32064,940,2,10
LBX153LA,0.16912,940,2,10
LBX170LA,0.17664,940,2,10
LBX180LA,0.19536,940,2,10
LBX187LA,0.17376,940,2,10
LBX194LA,0.79376,940,2,10
LBXPCBLA,0.04896,940,2,10
LBXHXCLA,0.17248,940,2,10
LBX118LA,0.53792,940,2,10
LBXD03LA,0.31312,940,2,10
LBXD05LA,0.12624,940,2,10
LBXD07LA,0.06176,940,2,10
LBXF03LA,0.08064,940,2,10
LBXF04LA,0.0664,940,2,10
LBXF05LA,0.05536,940,2,10
LBXF08LA,0.0464,940,2,10
LBX074LA,0.50496,941,3,10
LBX099LA,0.23264,941,3,10
LBX138LA,0.16656,941,3,10
LBX153LA,0.15152,941,3,10
LBX170LA,0.19536,941,3,10
LBX180LA,0.17904,941,3,10
LBX187LA,0.71504,941,3,10
LBX194LA,0.4264,941,3,10
LBXPCBLA,0.36144,941,3,10
LBXHXCLA,0.12448,941,3,10
LBX118LA,0.93248,941,3,10
LBXD03LA,0.64672,941,3,10
LBXD05LA,0.5072,941,3,10
LBXD07LA,0.68032,941,3,10
LBXF03LA,0.45856,941,3,10
LBXF04LA,0.50496,941,3,10
LBXF05LA,0.37936,941,3,10
LBXF08LA,0.10544,941,3,10
LBX074LA,0.09792,942,1,10
LBX099LA,0.2088,942,1,10
LBX138LA,0.11872,942,1,10
LBX153LA,0.14928,942,1,10
LBX170LA,0.14432,942,1,10
LBX180LA,0.11408,942,1,10
LBX187LA,0.47632,942,1,10
LBX194LA,0.18272,942,1,10
LBXPCBLA,0.29424,942,1,10
LBXHXCLA,0.08288,942,1,10
LBX118LA,0.12144,942,1,10
LBXD03LA,0.10736,942,1,10
LBXD05LA,0.22432,942,1,10
LBXD07LA,0.10832,942,1,10
LBXF03LA,0.0824,942,1,10
LBXF04LA,0.58,942,1,10
LBXF05LA,0.0808,942,1,10
LBXF08LA,0.09264,942,1,10
LBX074LA,0.172,943,1,10
LBX099LA,0.51456,943,1,10
LBX138LA,0.13456,943,1,10
LBX153LA,0.13808,943,1,10
LBX170LA,0.18928,943,1,10
LBX180LA,0.29952,943,1,10
LBX187LA,0.13888,943,1,10
LBX194LA,0.90944,943,1,10
LBXPCBLA,0.09568,943,1,10
LBXHXCLA,0.10912,943,1,10
LBX118LA,0.29696,943,1,10
LBXD03LA,0.09184,943,1,10
LBXD05LA,0.77888,943,1,10
LBXD07LA,0.10032,943,1,10
LBXF03LA,0.0696,943,1,10
LBXF04LA,0.0888,943,1,10
LBXF05LA,0.06752,943,1,10
LBXF08LA,0.05088,943,1,10
LBX074LA,0.36096,944,2,10
LBX099LA,0.16432,944,2,10
LBX138LA,0.18976,944,2,10
LBX153LA,0.2248,944,2,10
LBX170LA,0.54064,944,2,10
LBX180LA,0.2248,944,2,10
LBX187LA,0.18352,944,2,10
LBX194LA,0.44752,944,2,10
LBXPCBLA,0.57248,944,2,10
LBXHXCLA,0.14736,944,2,10
LBX118LA,0.284,944,2,10
LBXD03LA,0.2568,944,2,10
LBXD05LA,0.53408,944,2,10
LBXD07LA,0.20992,944,2,10
LBXF03LA,0.11904000000000001,944,2,10
LBXF04LA,0.94848,944,2,10
LBXF05LA,0.46368,944,2,10
LBXF08LA,0.07952,944,2,10
LBX074LA,0.70672,945,2,10
LBX099LA,0.14608,945,2,10
LBX138LA,0.13568,945,2,10
LBX153LA,0.13456,945,2,10
LBX170LA,0.37552,945,2,10
LBX180LA,0.22096,945,2,10
LBX187LA,0.07984,945,2,10
LBX194LA,0.23264,945,2,10
LBXPCBLA,0.1624,945,2,10
LBXHXCLA,0.08784,945,2,10
LBX118LA,0.32976,945,2,10
LBXD03LA,0.08112,945,2,10
LBXD05LA,0.96576,945,2,10
LBXD07LA,0.0592,945,2,10
LBXF03LA,0.03856,945,2,10
LBXF04LA,0.0568,945,2,10
LBXF05LA,0.07104,945,2,10
LBXF08LA,0.05056,945,2,10
LBX074LA,0.2024,946,4,10
LBX099LA,0.1344,946,4,10
LBX138LA,0.27504,946,4,10
LBX153LA,0.6248,946,4,10
LBX170LA,0.88816,946,4,10
LBX180LA,0.14544,946,4,10
LBX187LA,0.1864,946,4,10
LBX194LA,0.89888,946,4,10
LBXPCBLA,0.06736,946,4,10
LBXHXCLA,0.06272,946,4,10
LBX118LA,0.38656,946,4,10
LBXD03LA,0.4,946,4,10
LBXD05LA,0.11184,946,4,10
LBXD07LA,0.05552,946,4,10
LBXF03LA,0.0696,946,4,10
LBXF04LA,0.38096,946,4,10
LBXF05LA,0.3112,946,4,10
LBXF08LA,0.10752,946,4,10
LBX074LA,0.26032,947,2,10
LBX099LA,0.3272,947,2,10
LBX138LA,0.10848,947,2,10
LBX153LA,0.13072,947,2,10
LBX170LA,0.1352,947,2,10
LBX180LA,0.0984,947,2,10
LBX187LA,0.13104,947,2,10
LBX194LA,0.16944,947,2,10
LBXPCBLA,0.09952,947,2,10
LBXHXCLA,0.11424,947,2,10
LBX118LA,0.9336,947,2,10
LBXD03LA,0.15744,947,2,10
LBXD05LA,0.22784,947,2,10
LBXD07LA,0.08064,947,2,10
LBXF03LA,0.1392,947,2,10
LBXF04LA,0.82928,947,2,10
LBXF05LA,0.11568,947,2,10
LBXF08LA,0.07088,947,2,10
LBX074LA,0.08048,948,2,10
LBX099LA,0.36816,948,2,10
LBX138LA,0.12336,948,2,10
LBX153LA,0.12592,948,2,10
LBX170LA,0.29088,948,2,10
LBX180LA,0.1976,948,2,10
LBX187LA,0.90304,948,2,10
LBX194LA,0.18784,948,2,10
LBXPCBLA,0.15392,948,2,10
LBXHXCLA,0.1416,948,2,10
LBX118LA,0.10208,948,2,10
LBXD03LA,0.26912,948,2,10
LBXD05LA,0.48656,948,2,10
LBXD07LA,0.07728,948,2,10
LBXF03LA,0.09296,948,2,10
LBXF04LA,0.36944,948,2,10
LBXF05LA,0.07216,948,2,10
LBXF08LA,0.16064,948,2,10
LBX074LA,0.512,949,4,10
LBX099LA,0.07968,949,4,10
LBX138LA,0.08752,949,4,10
LBX153LA,0.06384,949,4,10
LBX170LA,0.21712,949,4,10
LBX180LA,0.05648,949,4,10
LBX187LA,0.17648,949,4,10
LBX194LA,0.292,949,4,10
LBXPCBLA,0.29472,949,4,10
LBXHXCLA,0.04784,949,4,10
LBX118LA,0.2984,949,4,10
LBXD03LA,0.07216,949,4,10
LBXD05LA,0.32096,949,4,10
LBXD07LA,0.26416,949,4,10
LBXF03LA,0.148,949,4,10
LBXF04LA,0.86272,949,4,10
LBXF05LA,0.05824,949,4,10
LBXF08LA,0.17648,949,4,10
LBX074LA,0.3392,950,1,10
LBX099LA,0.10832,950,1,10
LBX138LA,0.13712,950,1,10
LBX153LA,0.14368,950,1,10
LBX170LA,0.15184,950,1,10
LBX180LA,0.17664,950,1,10
LBX187LA,0.3144,950,1,10
LBX194LA,0.556,950,1,10
LBXPCBLA,0.13808,950,1,10
LBXHXCLA,0.61184,950,1,10
LBX118LA,0.12096,950,1,10
LBXD03LA,0.5784,950,1,10
LBXD05LA,0.28784,950,1,10
LBXD07LA,0.1368,950,1,10
LBXF03LA,0.09472,950,1,10
LBXF04LA,0.39184,950,1,10
LBXF05LA,0.10048,950,1,10
LBXF08LA,0.11744,950,1,10
LBX074LA,0.38176,951,1,10
LBX099LA,0.1376,951,1,10
LBX138LA,0.13072,951,1,10
LBX153LA,0.15856,951,1,10
LBX170LA,0.18032,951,1,10
LBX180LA,0.13088,951,1,10
LBX187LA,0.26432,951,1,10
LBX194LA,0.29984,951,1,10
LBXPCBLA,0.08816,951,1,10
LBXHXCLA,0.11152,951,1,10
LBX118LA,0.15312,951,1,10
LBXD03LA,0.10896,951,1,10
LBXD05LA,0.924,951,1,10
LBXD07LA,0.12,951,1,10
LBXF03LA,0.11696,951,1,10
LBXF04LA,0.11696,951,1,10
LBXF05LA,0.14016,951,1,10
LBXF08LA,0.10064,951,1,10
LBX074LA,0.29424,952,1,10
LBX099LA,0.19584,952,1,10
LBX138LA,0.20096,952,1,10
LBX153LA,0.14944,952,1,10
LBX170LA,0.17488,952,1,10
LBX180LA,0.1872,952,1,10
LBX187LA,0.23088,952,1,10
LBX194LA,0.54224000000000006,952,1,10
LBXPCBLA,0.096,952,1,10
LBXHXCLA,0.1488,952,1,10
LBX118LA,0.11568,952,1,10
LBXD03LA,0.91664,952,1,10
LBXD05LA,0.2288,952,1,10
LBXD07LA,0.0912,952,1,10
LBXF03LA,0.19184,952,1,10
LBXF04LA,0.11408,952,1,10
LBXF05LA,0.20032,952,1,10
LBXF08LA,0.2032,952,1,10
LBX074LA,0.15712,953,3,10
LBX099LA,0.27856,953,3,10
LBX138LA,0.23552,953,3,10
LBX153LA,0.13632,953,3,10
LBX170LA,0.10784,953,3,10
LBX180LA,0.1184,953,3,10
LBX187LA,0.14944,953,3,10
LBX194LA,0.83808,953,3,10
LBXPCBLA,0.04688,953,3,10
LBXHXCLA,0.0816,953,3,10
LBX118LA,0.23232,953,3,10
LBXD03LA,0.1792,953,3,10
LBXD05LA,0.26608,953,3,10
LBXD07LA,0.24592,953,3,10
LBXF03LA,0.07856,953,3,10
LBXF04LA,0.20656,953,3,10
LBXF05LA,0.059520000000000003,953,3,10
LBXF08LA,0.17376,953,3,10
LBX074LA,0.08272,954,1,10
LBX099LA,0.07056,954,1,10
LBX138LA,0.15424,954,1,10
LBX153LA,0.1968,954,1,10
LBX170LA,0.2272,954,1,10
LBX180LA,0.58544,954,1,10
LBX187LA,0.1152,954,1,10
LBX194LA,0.11536,954,1,10
LBXPCBLA,0.46496,954,1,10
LBXHXCLA,0.15904,954,1,10
LBX118LA,0.0944,954,1,10
LBXD03LA,0.18448,954,1,10
LBXD05LA,0.68368,954,1,10
LBXD07LA,0.07792,954,1,10
LBXF03LA,0.1688,954,1,10
LBXF04LA,0.1456,954,1,10
LBXF05LA,0.0696,954,1,10
LBXF08LA,0.30448,954,1,10
LBX074LA,0.1536,955,2,10
LBX099LA,0.34544,955,2,10
LBX138LA,0.2432,955,2,10
LBX153LA,0.16032,955,2,10
LBX170LA,0.176,955,2,10
LBX180LA,0.15504,955,2,10
LBX187LA,0.81344,955,2,10
LBX194LA,0.31776,955,2,10
LBXPCBLA,0.54608,955,2,10
LBXHXCLA,0.14592,955,2,10
LBX118LA,0.20896,955,2,10
LBXD03LA,0.08752,955,2,10
LBXD05LA,0.07408,955,2,10
LBXD07LA,0.0688,955,2,10
LBXF03LA,0.07952,955,2,10
LBXF04LA,0.81808,955,2,10
LBXF05LA,0.11104,955,2,10
LBXF08LA,0.10432,955,2,10
LBX074LA,0.08208,956,1,10
LBX099LA,0.06128,956,1,10
LBX138LA,0.09344,956,1,10
LBX153LA,0.16512,956,1,10
LBX170LA,0.43888,956,1,10
LBX180LA,0.23328,956,1,10
LBX187LA,0.12352,956,1,10
LBX194LA,0.16144,956,1,10
LBXPCBLA,0.08608,956,1,10
LBXHXCLA,0.092,956,1,10
LBX118LA,0.07104,956,1,10
LBXD03LA,0.07568,956,1,10
LBXD05LA,0.85344,956,1,10
LBXD07LA,0.08992,956,1,10
LBXF03LA,0.07136,956,1,10
LBXF04LA,0.15616,956,1,10
LBXF05LA,0.07136,956,1,10
LBXF08LA,0.1832,956,1,10
LBX074LA,0.1496,957,4,10
LBX099LA,0.62832,957,4,10
LBX138LA,0.18176,957,4,10
LBX153LA,0.3192,957,4,10
LBX170LA,0.18528,957,4,10
LBX180LA,0.29584,957,4,10
LBX187LA,0.27872,957,4,10
LBX194LA,0.25088,957,4,10
LBXPCBLA,0.06352,957,4,10
LBXHXCLA,0.62576,957,4,10
LBX118LA,0.23136,957,4,10
LBXD03LA,0.59072,957,4,10
LBXD05LA,0.07936,957,4,10
LBXD07LA,0.04272,957,4,10
LBXF03LA,0.22416,957,4,10
LBXF04LA,0.24864,957,4,10
LBXF05LA,0.1288,957,4,10
LBXF08LA,0.57936,957,4,10
LBX074LA,0.72912,958,3,10
LBX099LA,0.02784,958,3,10
LBX138LA,0.1848,958,3,10
LBX153LA,0.15136,958,3,10
LBX170LA,0.1656,958,3,10
LBX180LA,0.10208,958,3,10
LBX187LA,0.0672,958,3,10
LBX194LA,0.36704,958,3,10
LBXPCBLA,0.03312,958,3,10
LBXHXCLA,0.029760000000000002,958,3,10
LBX118LA,0.06016,958,3,10
LBXD03LA,0.25232,958,3,10
LBXD05LA,0.3608,958,3,10
LBXD07LA,0.1352,958,3,10
LBXF03LA,0.07392,958,3,10
LBXF04LA,0.09952,958,3,10
LBXF05LA,0.52592,958,3,10
LBXF08LA,0.03664,958,3,10
LBX074LA,0.06336,959,4,10
LBX099LA,0.05056,959,4,10
LBX138LA,0.82096,959,4,10
LBX153LA,0.30752,959,4,10
LBX170LA,0.30544,959,4,10
LBX180LA,0.13152,959,4,10
LBX187LA,0.36768,959,4,10
LBX194LA,0.90624,959,4,10
LBXPCBLA,0.13536,959,4,10
LBXHXCLA,0.1088,959,4,10
LBX118LA,0.09136,959,4,10
LBXD03LA,0.06288,959,4,10
LBXD05LA,0.2504,959,4,10
LBXD07LA,0.14208,959,4,10
LBXF03LA,0.04048,959,4,10
LBXF04LA,0.91952,959,4,10
LBXF05LA,0.38624000000000003,959,4,10
LBXF08LA,0.03504,959,4,10
LBX074LA,0.53584,960,3,10
LBX099LA,0.06,960,3,10
LBX138LA,0.06224,960,3,10
LBX153LA,0.08896,960,3,10
LBX170LA,0.17952,960,3,10
LBX180LA,0.1168,960,3,10
LBX187LA,0.16704,960,3,10
LBX194LA,0.35984,960,3,10
LBXPCBLA,0.36768,960,3,10
LBXHXCLA,0.07664,960,3,10
LBX118LA,0.15744,960,3,10
LBXD03LA,0.23296,960,3,10
LBXD05LA,0.064,960,3,10
LBXD07LA,0.03376,960,3,10
LBXF03LA,0.0296,960,3,10
LBXF04LA,0.7568,960,3,10
LBXF05LA,0.11152,960,3,10
LBXF08LA,0.19488,960,3,10
LBX074LA,0.43552,961,2,10
LBX099LA,0.14512,961,2,10
LBX138LA,0.12864,961,2,10
LBX153LA,0.16256,961,2,10
LBX170LA,0.15232,961,2,10
LBX180LA,0.1728,961,2,10
LBX187LA,0.28672,961,2,10
LBX194LA,0.22048,961,2,10
LBXPCBLA,0.15968,961,2,10
LBXHXCLA,0.11552,961,2,10
LBX118LA,0.61968,961,2,10
LBXD03LA,0.14048,961,2,10
LBXD05LA,0.16464,961,2,10
LBXD07LA,0.09328,961,2,10
LBXF03LA,0.21312,961,2,10
LBXF04LA,0.61248,961,2,10
LBXF05LA,0.20096,961,2,10
LBXF08LA,0.69744,961,2,10
LBX074LA,0.18736,962,1,10
LBX099LA,0.13264,962,1,10
LBX138LA,0.22256,962,1,10
LBX153LA,0.1408,962,1,10
LBX170LA,0.12096,962,1,10
LBX180LA,0.16144,962,1,10
LBX187LA,0.1104,962,1,10
LBX194LA,0.27936,962,1,10
LBXPCBLA,0.36944,962,1,10
LBXHXCLA,0.0896,962,1,10
LBX118LA,0.10784,962,1,10
LBXD03LA,0.10512,962,1,10
LBXD05LA,0.1096,962,1,10
LBXD07LA,0.85776,962,1,10
LBXF03LA,0.14032,962,1,10
LBXF04LA,0.30352,962,1,10
LBXF05LA,0.08992,962,1,10
LBXF08LA,0.05696,962,1,10
LBX074LA,0.25984,963,1,10
LBX099LA,0.63952,963,1,10
LBX138LA,0.28336,963,1,10
LBX153LA,0.2856,963,1,10
LBX170LA,0.2384,963,1,10
LBX180LA,0.5632,963,1,10
LBX187LA,0.17184,963,1,10
LBX194LA,0.176,963,1,10
LBXPCBLA,0.1264,963,1,10
LBXHXCLA,0.51632,963,1,10
LBX118LA,0.1848,963,1,10
LBXD03LA,0.9152,963,1,10
LBXD05LA,0.10912,963,1,10
LBXD07LA,0.18432,963,1,10
LBXF03LA,0.16912,963,1,10
LBXF04LA,0.2208,963,1,10
LBXF05LA,0.1496,963,1,10
LBXF08LA,0.096,963,1,10
LBX074LA,0.12736,964,1,10
LBX099LA,0.1136,964,1,10
LBX138LA,0.15344,964,1,10
LBX153LA,0.13616,964,1,10
LBX170LA,0.16768,964,1,10
LBX180LA,0.12528,964,1,10
LBX187LA,0.1016,964,1,10
LBX194LA,0.09088,964,1,10
LBXPCBLA,0.37344,964,1,10
LBXHXCLA,0.09264,964,1,10
LBX118LA,0.7184,964,1,10
LBXD03LA,0.22608,964,1,10
LBXD05LA,0.2072,964,1,10
LBXD07LA,0.31184,964,1,10
LBXF03LA,0.0632,964,1,10
LBXF04LA,0.0976,964,1,10
LBXF05LA,0.09616,964,1,10
LBXF08LA,0.37792,964,1,10
LBX074LA,0.10208,965,1,10
LBX099LA,0.0856,965,1,10
LBX138LA,0.13744,965,1,10
LBX153LA,0.12864,965,1,10
LBX170LA,0.28576,965,1,10
LBX180LA,0.15408,965,1,10
LBX187LA,0.1392,965,1,10
LBX194LA,0.5072,965,1,10
LBXPCBLA,0.06608,965,1,10
LBXHXCLA,0.15936,965,1,10
LBX118LA,0.12656,965,1,10
LBXD03LA,0.1168,965,1,10
LBXD05LA,0.65328,965,1,10
LBXD07LA,0.21312,965,1,10
LBXF03LA,0.10496,965,1,10
LBXF04LA,0.23376,965,1,10
LBXF05LA,0.19136,965,1,10
LBXF08LA,0.81392,965,1,10
LBX074LA,0.4768,966,1,10
LBX099LA,0.17456,966,1,10
LBX138LA,0.15216,966,1,10
LBX153LA,0.24288,966,1,10
LBX170LA,0.22848,966,1,10
LBX180LA,0.16656,966,1,10
LBX187LA,0.21088,966,1,10
LBX194LA,0.26448,966,1,10
LBXPCBLA,0.064,966,1,10
LBXHXCLA,0.06352,966,1,10
LBX118LA,0.224,966,1,10
LBXD03LA,0.6032,966,1,10
LBXD05LA,0.0856,966,1,10
LBXD07LA,0.44032,966,1,10
LBXF03LA,0.06224,966,1,10
LBXF04LA,0.06208,966,1,10
LBXF05LA,0.08528,966,1,10
LBXF08LA,0.21168,966,1,10
LBX074LA,0.13328,967,2,10
LBX099LA,0.20608,967,2,10
LBX138LA,0.16752,967,2,10
LBX153LA,0.31344,967,2,10
LBX170LA,0.816,967,2,10
LBX180LA,0.192,967,2,10
LBX187LA,0.30704,967,2,10
LBX194LA,0.30032,967,2,10
LBXPCBLA,0.14976,967,2,10
LBXHXCLA,0.14768,967,2,10
LBX118LA,0.1792,967,2,10
LBXD03LA,0.32736,967,2,10
LBXD05LA,0.30112,967,2,10
LBXD07LA,0.16224,967,2,10
LBXF03LA,0.06256,967,2,10
LBXF04LA,0.6832,967,2,10
LBXF05LA,0.21712,967,2,10
LBXF08LA,0.1456,967,2,10
LBX074LA,0.95936,968,2,10
LBX099LA,0.0936,968,2,10
LBX138LA,0.1544,968,2,10
LBX153LA,0.15104,968,2,10
LBX170LA,0.13104,968,2,10
LBX180LA,0.136,968,2,10
LBX187LA,0.09808,968,2,10
LBX194LA,0.25616,968,2,10
LBXPCBLA,0.05072,968,2,10
LBXHXCLA,0.17968,968,2,10
LBX118LA,0.16768,968,2,10
LBXD03LA,0.29328,968,2,10
LBXD05LA,0.48992,968,2,10
LBXD07LA,0.1368,968,2,10
LBXF03LA,0.12176,968,2,10
LBXF04LA,0.28704,968,2,10
LBXF05LA,0.0664,968,2,10
LBXF08LA,0.05856,968,2,10
LBX074LA,0.14144,969,1,10
LBX099LA,0.18288,969,1,10
LBX138LA,0.12096,969,1,10
LBX153LA,0.12736,969,1,10
LBX170LA,0.26032,969,1,10
LBX180LA,0.3568,969,1,10
LBX187LA,0.20096,969,1,10
LBX194LA,0.31456,969,1,10
LBXPCBLA,0.09136,969,1,10
LBXHXCLA,0.1712,969,1,10
LBX118LA,0.12224,969,1,10
LBXD03LA,0.0912,969,1,10
LBXD05LA,0.1,969,1,10
LBXD07LA,0.2368,969,1,10
LBXF03LA,0.0944,969,1,10
LBXF04LA,0.10272,969,1,10
LBXF05LA,0.96272,969,1,10
LBXF08LA,0.5712,969,1,10
LBX074LA,0.34736,970,2,10
LBX099LA,0.15328,970,2,10
LBX138LA,0.2144,970,2,10
LBX153LA,0.29888,970,2,10
LBX170LA,0.39056,970,2,10
LBX180LA,0.38272,970,2,10
LBX187LA,0.30816,970,2,10
LBX194LA,0.20336,970,2,10
LBXPCBLA,0.07776,970,2,10
LBXHXCLA,0.21968,970,2,10
LBX118LA,0.18048,970,2,10
LBXD03LA,0.2768,970,2,10
LBXD05LA,0.32368,970,2,10
LBXD07LA,0.38112,970,2,10
LBXF03LA,0.16672,970,2,10
LBXF04LA,0.24672,970,2,10
LBXF05LA,0.89248,970,2,10
LBXF08LA,0.11472,970,2,10
LBX074LA,0.24096,971,1,10
LBX099LA,0.16416,971,1,10
LBX138LA,0.27424,971,1,10
LBX153LA,0.24256,971,1,10
LBX170LA,0.17952,971,1,10
LBX180LA,0.19424,971,1,10
LBX187LA,0.21776,971,1,10
LBX194LA,0.27024,971,1,10
LBXPCBLA,0.0968,971,1,10
LBXHXCLA,0.25216,971,1,10
LBX118LA,0.67104,971,1,10
LBXD03LA,0.1384,971,1,10
LBXD05LA,0.37888,971,1,10
LBXD07LA,0.2304,971,1,10
LBXF03LA,0.2232,971,1,10
LBXF04LA,0.10768,971,1,10
LBXF05LA,0.11376,971,1,10
LBXF08LA,0.0704,971,1,10
LBX074LA,0.38912,972,2,10
LBX099LA,0.1232,972,2,10
LBX138LA,0.20736,972,2,10
LBX153LA,0.13344,972,2,10
LBX170LA,0.11312,972,2,10
LBX180LA,0.10672,972,2,10
LBX187LA,0.13936,972,2,10
LBX194LA,0.22384,972,2,10
LBXPCBLA,0.07632,972,2,10
LBXHXCLA,0.06944,972,2,10
LBX118LA,0.19504,972,2,10
LBXD03LA,0.07744,972,2,10
LBXD05LA,0.66672,972,2,10
LBXD07LA,0.216,972,2,10
LBXF03LA,0.10896,972,2,10
LBXF04LA,0.9152,972,2,10
LBXF05LA,0.25456,972,2,10
LBXF08LA,0.05808,972,2,10
LBX074LA,0.23632,973,4,10
LBX099LA,0.55568,973,4,10
LBX138LA,0.19088,973,4,10
LBX153LA,0.6104,973,4,10
LBX170LA,0.0544,973,4,10
LBX180LA,0.07856,973,4,10
LBX187LA,0.02992,973,4,10
LBX194LA,0.04976,973,4,10
LBXPCBLA,0.01776,973,4,10
LBXHXCLA,0.18336,973,4,10
LBX118LA,0.10848,973,4,10
LBXD03LA,0.01888,973,4,10
LBXD05LA,0.07168,973,4,10
LBXD07LA,0.0488,973,4,10
LBXF03LA,0.02368,973,4,10
LBXF04LA,0.08496,973,4,10
LBXF05LA,0.07408,973,4,10
LBXF08LA,0.02768,973,4,10
LBX074LA,0.13696,974,1,10
LBX099LA,0.28176,974,1,10
LBX138LA,0.12352,974,1,10
LBX153LA,0.13376,974,1,10
LBX170LA,0.13616,974,1,10
LBX180LA,0.1192,974,1,10
LBX187LA,0.2024,974,1,10
LBX194LA,0.1968,974,1,10
LBXPCBLA,0.11472,974,1,10
LBXHXCLA,0.48896,974,1,10
LBX118LA,0.11008,974,1,10
LBXD03LA,0.10208,974,1,10
LBXD05LA,0.77776,974,1,10
LBXD07LA,0.11552,974,1,10
LBXF03LA,0.05968,974,1,10
LBXF04LA,0.088,974,1,10
LBXF05LA,0.19536,974,1,10
LBXF08LA,0.1016,974,1,10
LBX074LA,0.46912,975,4,10
LBX099LA,0.13088,975,4,10
LBX138LA,0.17552,975,4,10
LBX153LA,0.1824,975,4,10
LBX170LA,0.35296,975,4,10
LBX180LA,0.83728,975,4,10
LBX187LA,0.24064,975,4,10
LBX194LA,0.4296,975,4,10
LBXPCBLA,0.1576,975,4,10
LBXHXCLA,0.06848,975,4,10
LBX118LA,0.31264,975,4,10
LBXD03LA,0.13104,975,4,10
LBXD05LA,0.3184,975,4,10
LBXD07LA,0.18624,975,4,10
LBXF03LA,0.17424,975,4,10
LBXF04LA,0.91488,975,4,10
LBXF05LA,0.0872,975,4,10
LBXF08LA,0.18784,975,4,10
LBX074LA,0.19472,976,4,10
LBX099LA,0.21456,976,4,10
LBX138LA,0.27888,976,4,10
LBX153LA,0.20112,976,4,10
LBX170LA,0.33296,976,4,10
LBX180LA,0.90464,976,4,10
LBX187LA,0.24176,976,4,10
LBX194LA,0.48368,976,4,10
LBXPCBLA,0.10736,976,4,10
LBXHXCLA,0.75072,976,4,10
LBX118LA,0.82,976,4,10
LBXD03LA,0.212,976,4,10
LBXD05LA,0.64208,976,4,10
LBXD07LA,0.10304,976,4,10
LBXF03LA,0.2024,976,4,10
LBXF04LA,0.31632,976,4,10
LBXF05LA,0.66368,976,4,10
LBXF08LA,0.48656,976,4,10
LBX074LA,0.78368,977,4,10
LBX099LA,0.09792,977,4,10
LBX138LA,0.244,977,4,10
LBX153LA,0.6168,977,4,10
LBX170LA,0.14528,977,4,10
LBX180LA,0.1552,977,4,10
LBX187LA,0.76672,977,4,10
LBX194LA,0.2976,977,4,10
LBXPCBLA,0.56912,977,4,10
LBXHXCLA,0.2016,977,4,10
LBX118LA,0.21424,977,4,10
LBXD03LA,0.09056,977,4,10
LBXD05LA,0.96128,977,4,10
LBXD07LA,0.12496,977,4,10
LBXF03LA,0.19808,977,4,10
LBXF04LA,0.52912,977,4,10
LBXF05LA,0.2712,977,4,10
LBXF08LA,0.0608,977,4,10
LBX074LA,0.3744,978,1,10
LBX099LA,0.11376,978,1,10
LBX138LA,0.13904,978,1,10
LBX153LA,0.14048,978,1,10
LBX170LA,0.15392,978,1,10
LBX180LA,0.14096,978,1,10
LBX187LA,0.39488,978,1,10
LBX194LA,0.41872,978,1,10
LBXPCBLA,0.212,978,1,10
LBXHXCLA,0.11392,978,1,10
LBX118LA,0.14896,978,1,10
LBXD03LA,0.12496,978,1,10
LBXD05LA,0.19568,978,1,10
LBXD07LA,0.13152,978,1,10
LBXF03LA,0.17216,978,1,10
LBXF04LA,0.1376,978,1,10
LBXF05LA,0.1176,978,1,10
LBXF08LA,0.27824,978,1,10
LBX074LA,0.41664,979,4,10
LBX099LA,0.05552,979,4,10
LBX138LA,0.1136,979,4,10
LBX153LA,0.2264,979,4,10
LBX170LA,0.04672,979,4,10
LBX180LA,0.08032,979,4,10
LBX187LA,0.3608,979,4,10
LBX194LA,0.08608,979,4,10
LBXPCBLA,0.07296,979,4,10
LBXHXCLA,0.7776,979,4,10
LBX118LA,0.14768,979,4,10
LBXD03LA,0.0672,979,4,10
LBXD05LA,0.6112,979,4,10
LBXD07LA,0.06352,979,4,10
LBXF03LA,0.11456,979,4,10
LBXF04LA,0.91008,979,4,10
LBXF05LA,0.07648,979,4,10
LBXF08LA,0.06528,979,4,10
LBX074LA,0.30224,980,1,10
LBX099LA,0.116,980,1,10
LBX138LA,0.15104,980,1,10
LBX153LA,0.19664,980,1,10
LBX170LA,0.2208,980,1,10
LBX180LA,0.17792,980,1,10
LBX187LA,0.17824,980,1,10
LBX194LA,0.3728,980,1,10
LBXPCBLA,0.39456,980,1,10
LBXHXCLA,0.17328,980,1,10
LBX118LA,0.18032,980,1,10
LBXD03LA,0.86736,980,1,10
LBXD05LA,0.11904000000000001,980,1,10
LBXD07LA,0.12336,980,1,10
LBXF03LA,0.11824,980,1,10
LBXF04LA,0.16544,980,1,10
LBXF05LA,0.11344,980,1,10
LBXF08LA,0.088,980,1,10
LBX074LA,0.22288,981,2,10
LBX099LA,0.1936,981,2,10
LBX138LA,0.6592,981,2,10
LBX153LA,0.68816,981,2,10
LBX170LA,0.292,981,2,10
LBX180LA,0.65984,981,2,10
LBX187LA,0.45024,981,2,10
LBX194LA,0.7016,981,2,10
LBXPCBLA,0.15376,981,2,10
LBXHXCLA,0.10304,981,2,10
LBX118LA,0.13568,981,2,10
LBXD03LA,0.556,981,2,10
LBXD05LA,0.75712,981,2,10
LBXD07LA,0.14304,981,2,10
LBXF03LA,0.12608,981,2,10
LBXF04LA,0.9808,981,2,10
LBXF05LA,0.14944,981,2,10
LBXF08LA,0.25232,981,2,10
LBX074LA,0.74064,982,4,10
LBX099LA,0.09552,982,4,10
LBX138LA,0.11776,982,4,10
LBX153LA,0.13968,982,4,10
LBX170LA,0.15872,982,4,10
LBX180LA,0.15888,982,4,10
LBX187LA,0.24288,982,4,10
LBX194LA,0.82272,982,4,10
LBXPCBLA,0.9856,982,4,10
LBXHXCLA,0.0752,982,4,10
LBX118LA,0.08,982,4,10
LBXD03LA,0.65024,982,4,10
LBXD05LA,0.36592,982,4,10
LBXD07LA,0.09392,982,4,10
LBXF03LA,0.66576,982,4,10
LBXF04LA,0.96976,982,4,10
LBXF05LA,0.14144,982,4,10
LBXF08LA,0.23568,982,4,10
LBX074LA,0.0712,983,2,10
LBX099LA,0.1752,983,2,10
LBX138LA,0.52976,983,2,10
LBX153LA,0.46496,983,2,10
LBX170LA,0.21632,983,2,10
LBX180LA,0.21312,983,2,10
LBX187LA,0.22592,983,2,10
LBX194LA,0.10752,983,2,10
LBXPCBLA,0.13904,983,2,10
LBXHXCLA,0.78224,983,2,10
LBX118LA,0.13456,983,2,10
LBXD03LA,0.19616,983,2,10
LBXD05LA,0.13744,983,2,10
LBXD07LA,0.12752,983,2,10
LBXF03LA,0.17936,983,2,10
LBXF04LA,0.69104,983,2,10
LBXF05LA,0.20864,983,2,10
LBXF08LA,0.04896,983,2,10
LBX074LA,0.23904,984,4,10
LBX099LA,0.50064,984,4,10
LBX138LA,0.93136,984,4,10
LBX153LA,0.5216,984,4,10
LBX170LA,0.22576,984,4,10
LBX180LA,0.28576,984,4,10
LBX187LA,0.57632,984,4,10
LBX194LA,0.97616,984,4,10
LBXPCBLA,0.2848,984,4,10
LBXHXCLA,0.22096,984,4,10
LBX118LA,0.48832,984,4,10
LBXD03LA,0.15792,984,4,10
LBXD05LA,0.93872,984,4,10
LBXD07LA,0.2472,984,4,10
LBXF03LA,0.30352,984,4,10
LBXF04LA,0.7184,984,4,10
LBXF05LA,0.1208,984,4,10
LBXF08LA,0.10224,984,4,10
LBX074LA,0.14528,985,1,10
LBX099LA,0.46288,985,1,10
LBX138LA,0.22112,985,1,10
LBX153LA,0.23056,985,1,10
LBX170LA,0.21584,985,1,10
LBX180LA,0.41488,985,1,10
LBX187LA,0.15632,985,1,10
LBX194LA,0.73248,985,1,10
LBXPCBLA,0.07296,985,1,10
LBXHXCLA,0.13152,985,1,10
LBX118LA,0.22176,985,1,10
LBXD03LA,0.08576,985,1,10
LBXD05LA,0.51648,985,1,10
LBXD07LA,0.1896,985,1,10
LBXF03LA,0.12096,985,1,10
LBXF04LA,0.11168,985,1,10
LBXF05LA,0.10208,985,1,10
LBXF08LA,0.5648,985,1,10
LBX074LA,0.11504,986,3,10
LBX099LA,0.16928,986,3,10
LBX138LA,0.13152,986,3,10
LBX153LA,0.14768,986,3,10
LBX170LA,0.40016,986,3,10
LBX180LA,0.2832,986,3,10
LBX187LA,0.16192,986,3,10
LBX194LA,0.32016,986,3,10
LBXPCBLA,0.12896,986,3,10
LBXHXCLA,0.20496,986,3,10
LBX118LA,0.10576,986,3,10
LBXD03LA,0.20656,986,3,10
LBXD05LA,0.11168,986,3,10
LBXD07LA,0.14048,986,3,10
LBXF03LA,0.06992,986,3,10
LBXF04LA,0.9312,986,3,10
LBXF05LA,0.18352,986,3,10
LBXF08LA,0.0872,986,3,10
LBX074LA,0.14256,987,3,10
LBX099LA,0.2912,987,3,10
LBX138LA,0.11952,987,3,10
LBX153LA,0.31168,987,3,10
LBX170LA,0.32976,987,3,10
LBX180LA,0.19904,987,3,10
LBX187LA,0.12592,987,3,10
LBX194LA,0.08944,987,3,10
LBXPCBLA,0.9368,987,3,10
LBXHXCLA,0.0976,987,3,10
LBX118LA,0.1952,987,3,10
LBXD03LA,0.07152,987,3,10
LBXD05LA,0.15856,987,3,10
LBXD07LA,0.16128,987,3,10
LBXF03LA,0.07808,987,3,10
LBXF04LA,0.20432,987,3,10
LBXF05LA,0.12736,987,3,10
LBXF08LA,0.02656,987,3,10
LBX074LA,0.34016,988,1,10
LBX099LA,0.21344,988,1,10
LBX138LA,0.1608,988,1,10
LBX153LA,0.21856,988,1,10
LBX170LA,0.21248,988,1,10
LBX180LA,0.18784,988,1,10
LBX187LA,0.38896,988,1,10
LBX194LA,0.24112,988,1,10
LBXPCBLA,0.1648,988,1,10
LBXHXCLA,0.16032,988,1,10
LBX118LA,0.13536,988,1,10
LBXD03LA,0.10096,988,1,10
LBXD05LA,0.83184,988,1,10
LBXD07LA,0.15792,988,1,10
LBXF03LA,0.21808,988,1,10
LBXF04LA,0.28512,988,1,10
LBXF05LA,0.10512,988,1,10
LBXF08LA,0.0536,988,1,10
LBX074LA,0.21584,989,3,10
LBX099LA,0.2968,989,3,10
LBX138LA,0.12528,989,3,10
LBX153LA,0.13616,989,3,10
LBX170LA,0.15344,989,3,10
LBX180LA,0.22896,989,3,10
LBX187LA,0.1728,989,3,10
LBX194LA,0.20976,989,3,10
LBXPCBLA,0.99328,989,3,10
LBXHXCLA,0.32192,989,3,10
LBX118LA,0.43024,989,3,10
LBXD03LA,0.24992,989,3,10
LBXD05LA,0.05632,989,3,10
LBXD07LA,0.088,989,3,10
LBXF03LA,0.0992,989,3,10
LBXF04LA,0.20912,989,3,10
LBXF05LA,0.11312,989,3,10
LBXF08LA,0.06752,989,3,10
LBX074LA,0.80976,990,1,10
LBX099LA,0.16288,990,1,10
LBX138LA,0.15952,990,1,10
LBX153LA,0.1624,990,1,10
LBX170LA,0.25248,990,1,10
LBX180LA,0.14704,990,1,10
LBX187LA,0.31552,990,1,10
LBX194LA,0.47872,990,1,10
LBXPCBLA,0.14336,990,1,10
LBXHXCLA,0.11072,990,1,10
LBX118LA,0.16368,990,1,10
LBXD03LA,0.29696,990,1,10
LBXD05LA,0.64704,990,1,10
LBXD07LA,0.13584,990,1,10
LBXF03LA,0.12752,990,1,10
LBXF04LA,0.10032,990,1,10
LBXF05LA,0.21072,990,1,10
LBXF08LA,0.08096,990,1,10
LBX074LA,0.21408,991,3,10
LBX099LA,0.04192,991,3,10
LBX138LA,0.06528,991,3,10
LBX153LA,0.08992,991,3,10
LBX170LA,0.23952,991,3,10
LBX180LA,0.1552,991,3,10
LBX187LA,0.10448,991,3,10
LBX194LA,0.68976,991,3,10
LBXPCBLA,0.08992,991,3,10
LBXHXCLA,0.0504,991,3,10
LBX118LA,0.0928,991,3,10
LBXD03LA,0.04912,991,3,10
LBXD05LA,0.56592,991,3,10
LBXD07LA,0.06224,991,3,10
LBXF03LA,0.05344,991,3,10
LBXF04LA,0.8288,991,3,10
LBXF05LA,0.04976,991,3,10
LBXF08LA,0.05904,991,3,10
LBX074LA,0.8312,992,2,10
LBX099LA,0.15408,992,2,10
LBX138LA,0.11888,992,2,10
LBX153LA,0.14272,992,2,10
LBX170LA,0.12176,992,2,10
LBX180LA,0.0968,992,2,10
LBX187LA,0.18096,992,2,10
LBX194LA,0.07392,992,2,10
LBXPCBLA,0.13616,992,2,10
LBXHXCLA,0.07232,992,2,10
LBX118LA,0.53024,992,2,10
LBXD03LA,0.16048,992,2,10
LBXD05LA,0.90512,992,2,10
LBXD07LA,0.15408,992,2,10
LBXF03LA,0.06304,992,2,10
LBXF04LA,0.11152,992,2,10
LBXF05LA,0.07088,992,2,10
LBXF08LA,0.12704,992,2,10
LBX074LA,0.06752,993,1,10
LBX099LA,0.07424,993,1,10
LBX138LA,0.1232,993,1,10
LBX153LA,0.10608,993,1,10
LBX170LA,0.23792,993,1,10
LBX180LA,0.11968,993,1,10
LBX187LA,0.12016,993,1,10
LBX194LA,0.86304,993,1,10
LBXPCBLA,0.09472,993,1,10
LBXHXCLA,0.1016,993,1,10
LBX118LA,0.1048,993,1,10
LBXD03LA,0.81904,993,1,10
LBXD05LA,0.06992,993,1,10
LBXD07LA,0.0592,993,1,10
LBXF03LA,0.16912,993,1,10
LBXF04LA,0.06832,993,1,10
LBXF05LA,0.05168,993,1,10
LBXF08LA,0.10576,993,1,10
LBX074LA,0.07312,994,2,10
LBX099LA,0.09616,994,2,10
LBX138LA,0.14576,994,2,10
LBX153LA,0.14096,994,2,10
LBX170LA,0.1752,994,2,10
LBX180LA,0.28448,994,2,10
LBX187LA,0.23216,994,2,10
LBX194LA,0.23888,994,2,10
LBXPCBLA,0.06368,994,2,10
LBXHXCLA,0.10256,994,2,10
LBX118LA,0.1056,994,2,10
LBXD03LA,0.3784,994,2,10
LBXD05LA,0.62896,994,2,10
LBXD07LA,0.38592,994,2,10
LBXF03LA,0.7072,994,2,10
LBXF04LA,0.08144,994,2,10
LBXF05LA,0.28224,994,2,10
LBXF08LA,0.04336,994,2,10
LBX074LA,0.1392,995,1,10
LBX099LA,0.12496,995,1,10
LBX138LA,0.2912,995,1,10
LBX153LA,0.61584,995,1,10
LBX170LA,0.16304,995,1,10
LBX180LA,0.6896,995,1,10
LBX187LA,0.40048,995,1,10
LBX194LA,0.54368,995,1,10
LBXPCBLA,0.49616,995,1,10
LBXHXCLA,0.1776,995,1,10
LBX118LA,0.12608,995,1,10
LBXD03LA,0.25552,995,1,10
LBXD05LA,0.09168,995,1,10
LBXD07LA,0.45168,995,1,10
LBXF03LA,0.0784,995,1,10
LBXF04LA,0.0984,995,1,10
LBXF05LA,0.05696,995,1,10
LBXF08LA,0.62032,995,1,10
LBX074LA,0.12304,996,2,10
LBX099LA,0.12032,996,2,10
LBX138LA,0.13984,996,2,10
LBX153LA,0.16544,996,2,10
LBX170LA,0.77936,996,2,10
LBX180LA,0.1872,996,2,10
LBX187LA,0.21424,996,2,10
LBX194LA,0.18272,996,2,10
LBXPCBLA,0.06848,996,2,10
LBXHXCLA,0.11584,996,2,10
LBX118LA,0.09152,996,2,10
LBXD03LA,0.14256,996,2,10
LBXD05LA,0.3016,996,2,10
LBXD07LA,0.44176,996,2,10
LBXF03LA,0.0832,996,2,10
LBXF04LA,0.94912,996,2,10
LBXF05LA,0.1264,996,2,10
LBXF08LA,0.1032,996,2,10
LBX074LA,0.17776,997,1,10
LBX099LA,0.26896,997,1,10
LBX138LA,0.20256,997,1,10
LBX153LA,0.1808,997,1,10
LBX170LA,0.22464,997,1,10
LBX180LA,0.15312,997,1,10
LBX187LA,0.23008,997,1,10
LBX194LA,0.40592,997,1,10
LBXPCBLA,0.08384,997,1,10
LBXHXCLA,0.24512,997,1,10
LBX118LA,0.28304,997,1,10
LBXD03LA,0.12448,997,1,10
LBXD05LA,0.56576,997,1,10
LBXD07LA,0.13088,997,1,10
LBXF03LA,0.10656,997,1,10
LBXF04LA,0.30816,997,1,10
LBXF05LA,0.09808,997,1,10
LBXF08LA,0.07008,997,1,10
LBX074LA,0.17056,998,1,10
LBX099LA,0.12928,998,1,10
LBX138LA,0.1264,998,1,10
LBX153LA,0.15376,998,1,10
LBX170LA,0.15824,998,1,10
LBX180LA,0.29696,998,1,10
LBX187LA,0.43632,998,1,10
LBX194LA,0.19664,998,1,10
LBXPCBLA,0.07312,998,1,10
LBXHXCLA,0.10224,998,1,10
LBX118LA,0.64448,998,1,10
LBXD03LA,0.1488,998,1,10
LBXD05LA,0.19024,998,1,10
LBXD07LA,0.06576,998,1,10
LBXF03LA,0.252,998,1,10
LBXF04LA,0.13184,998,1,10
LBXF05LA,0.07904,998,1,10
LBXF08LA,0.23568,998,1,10
LBX074LA,0.09808,999,1,10
LBX099LA,0.10256,999,1,10
LBX138LA,0.13024,999,1,10
LBX153LA,0.21728,999,1,10
LBX170LA,0.1872,999,1,10
LBX180LA,0.1056,999,1,10
LBX187LA,0.63104,999,1,10
LBX194LA,0.13264,999,1,10
LBXPCBLA,0.96144,999,1,10
LBXHXCLA,0.09232,999,1,10
LBX118LA,0.20992,999,1,10
LBXD03LA,0.12192,999,1,10
LBXD05LA,0.07632,999,1,10
LBXD07LA,0.11952,999,1,10
LBXF03LA,0.16784,999,1,10
LBXF04LA,0.08576,999,1,10
LBXF05LA,0.06928,999,1,10
LBXF08LA,0.05328,999,1,10
LBX074LA,0.40256,1001,2,11
LBX099LA,0.09088,1001,2,11
LBX138LA,0.15728,1001,2,11
LBX153LA,0.2136,1001,2,11
LBX170LA,0.63632,1001,2,11
LBX180LA,0.16336,1001,2,11
LBX187LA,0.14528,1001,2,11
LBX194LA,0.7008,1001,2,11
LBXPCBLA,0.09936,1001,2,11
LBXHXCLA,0.97616,1001,2,11
LBX118LA,0.7224,1001,2,11
LBXD03LA,0.06944,1001,2,11
LBXD05LA,0.0568,1001,2,11
LBXD07LA,0.0672,1001,2,11
LBXF03LA,0.74848,1001,2,11
LBXF04LA,0.188,1001,2,11
LBXF05LA,0.14752,1001,2,11
LBXF08LA,0.1016,1001,2,11
LBX074LA,0.28528,1002,3,11
LBX099LA,0.69072,1002,3,11
LBX138LA,0.27648,1002,3,11
LBX153LA,0.124,1002,3,11
LBX170LA,0.21872,1002,3,11
LBX180LA,0.3464,1002,3,11
LBX187LA,0.28016,1002,3,11
LBX194LA,0.79936,1002,3,11
LBXPCBLA,0.60496,1002,3,11
LBXHXCLA,0.95264,1002,3,11
LBX118LA,0.10784,1002,3,11
LBXD03LA,0.2184,1002,3,11
LBXD05LA,0.34848,1002,3,11
LBXD07LA,0.14352,1002,3,11
LBXF03LA,0.13072,1002,3,11
LBXF04LA,0.93456,1002,3,11
LBXF05LA,0.16112,1002,3,11
LBXF08LA,0.70272,1002,3,11
LBX074LA,0.11152,1003,4,11
LBX099LA,0.24336,1003,4,11
LBX138LA,0.08272,1003,4,11
LBX153LA,0.09104,1003,4,11
LBX170LA,0.21792,1003,4,11
LBX180LA,0.22976,1003,4,11
LBX187LA,0.28224,1003,4,11
LBX194LA,0.90832,1003,4,11
LBXPCBLA,0.06288,1003,4,11
LBXHXCLA,0.11248,1003,4,11
LBX118LA,0.07488,1003,4,11
LBXD03LA,0.11216,1003,4,11
LBXD05LA,0.1552,1003,4,11
LBXD07LA,0.17712,1003,4,11
LBXF03LA,0.1016,1003,4,11
LBXF04LA,0.1256,1003,4,11
LBXF05LA,0.18512,1003,4,11
LBXF08LA,0.92656,1003,4,11
LBX074LA,0.60336,1004,1,11
LBX099LA,0.16992,1004,1,11
LBX138LA,0.28352,1004,1,11
LBX153LA,0.54096,1004,1,11
LBX170LA,0.30144,1004,1,11
LBX180LA,0.51936,1004,1,11
LBX187LA,0.27712,1004,1,11
LBX194LA,0.884,1004,1,11
LBXPCBLA,0.2576,1004,1,11
LBXHXCLA,0.18688,1004,1,11
LBX118LA,0.4096,1004,1,11
LBXD03LA,0.1752,1004,1,11
LBXD05LA,0.6704,1004,1,11
LBXD07LA,0.20864,1004,1,11
LBXF03LA,0.10336,1004,1,11
LBXF04LA,0.69616,1004,1,11
LBXF05LA,0.17216,1004,1,11
LBXF08LA,0.0824,1004,1,11
LBX074LA,0.12304,1005,2,11
LBX099LA,0.096,1005,2,11
LBX138LA,0.14752,1005,2,11
LBX153LA,0.30016,1005,2,11
LBX170LA,0.36624,1005,2,11
LBX180LA,0.68064,1005,2,11
LBX187LA,0.65424,1005,2,11
LBX194LA,0.3888,1005,2,11
LBXPCBLA,0.07088,1005,2,11
LBXHXCLA,0.07328,1005,2,11
LBX118LA,0.40736,1005,2,11
LBXD03LA,0.2416,1005,2,11
LBXD05LA,0.37072,1005,2,11
LBXD07LA,0.15664,1005,2,11
LBXF03LA,0.06224,1005,2,11
LBXF04LA,0.82656,1005,2,11
LBXF05LA,0.17104,1005,2,11
LBXF08LA,0.56448,1005,2,11
LBX074LA,0.13088,1006,1,11
LBX099LA,0.26496,1006,1,11
LBX138LA,0.21552,1006,1,11
LBX153LA,0.1728,1006,1,11
LBX170LA,0.18464,1006,1,11
LBX180LA,0.24256,1006,1,11
LBX187LA,0.1448,1006,1,11
LBX194LA,0.83088,1006,1,11
LBXPCBLA,0.39888,1006,1,11
LBXHXCLA,0.38608,1006,1,11
LBX118LA,0.12896,1006,1,11
LBXD03LA,0.13776,1006,1,11
LBXD05LA,0.44288,1006,1,11
LBXD07LA,0.3288,1006,1,11
LBXF03LA,0.07056,1006,1,11
LBXF04LA,0.08576,1006,1,11
LBXF05LA,0.0664,1006,1,11
LBXF08LA,0.07168,1006,1,11
LBX074LA,0.08944,1007,4,11
LBX099LA,0.10928,1007,4,11
LBX138LA,0.04496,1007,4,11
LBX153LA,0.0864,1007,4,11
LBX170LA,0.35536,1007,4,11
LBX180LA,0.32224,1007,4,11
LBX187LA,0.08448,1007,4,11
LBX194LA,0.13664,1007,4,11
LBXPCBLA,0.05344,1007,4,11
LBXHXCLA,0.11552,1007,4,11
LBX118LA,0.02912,1007,4,11
LBXD03LA,0.032,1007,4,11
LBXD05LA,0.04672,1007,4,11
LBXD07LA,0.22672,1007,4,11
LBXF03LA,0.02832,1007,4,11
LBXF04LA,0.5296,1007,4,11
LBXF05LA,0.81312,1007,4,11
LBXF08LA,0.01696,1007,4,11
LBX074LA,0.27888,1008,2,11
LBX099LA,0.164,1008,2,11
LBX138LA,0.1656,1008,2,11
LBX153LA,0.21936,1008,2,11
LBX170LA,0.26736,1008,2,11
LBX180LA,0.1112,1008,2,11
LBX187LA,0.09712,1008,2,11
LBX194LA,0.15024,1008,2,11
LBXPCBLA,0.71632,1008,2,11
LBXHXCLA,0.10064,1008,2,11
LBX118LA,0.57136,1008,2,11
LBXD03LA,0.05632,1008,2,11
LBXD05LA,0.72144,1008,2,11
LBXD07LA,0.46448,1008,2,11
LBXF03LA,0.0584,1008,2,11
LBXF04LA,0.17024,1008,2,11
LBXF05LA,0.17728,1008,2,11
LBXF08LA,0.0552,1008,2,11
LBX074LA,0.75856,1009,4,11
LBX099LA,0.77024,1009,4,11
LBX138LA,0.55664,1009,4,11
LBX153LA,0.3264,1009,4,11
LBX170LA,0.29104,1009,4,11
LBX180LA,0.3776,1009,4,11
LBX187LA,0.31472,1009,4,11
LBX194LA,0.4792,1009,4,11
LBXPCBLA,0.5832,1009,4,11
LBXHXCLA,0.2152,1009,4,11
LBX118LA,0.1984,1009,4,11
LBXD03LA,0.40688,1009,4,11
LBXD05LA,0.92704,1009,4,11
LBXD07LA,0.08016,1009,4,11
LBXF03LA,0.8072,1009,4,11
LBXF04LA,0.11216,1009,4,11
LBXF05LA,0.8552,1009,4,11
LBXF08LA,0.06224,1009,4,11
LBX074LA,0.46528,1010,1,11
LBX099LA,0.1016,1010,1,11
LBX138LA,0.19328,1010,1,11
LBX153LA,0.13632,1010,1,11
LBX170LA,0.11728,1010,1,11
LBX180LA,0.13056,1010,1,11
LBX187LA,0.1328,1010,1,11
LBX194LA,0.36992,1010,1,11
LBXPCBLA,0.06576,1010,1,11
LBXHXCLA,0.076,1010,1,11
LBX118LA,0.55088,1010,1,11
LBXD03LA,0.14128,1010,1,11
LBXD05LA,0.07744,1010,1,11
LBXD07LA,0.05712,1010,1,11
LBXF03LA,0.09936,1010,1,11
LBXF04LA,0.18,1010,1,11
LBXF05LA,0.12784,1010,1,11
LBXF08LA,0.19776,1010,1,11
LBX074LA,0.20944,1011,1,11
LBX099LA,0.2928,1011,1,11
LBX138LA,0.28624,1011,1,11
LBX153LA,0.4496,1011,1,11
LBX170LA,0.29056,1011,1,11
LBX180LA,0.32592,1011,1,11
LBX187LA,0.31184,1011,1,11
LBX194LA,0.98736,1011,1,11
LBXPCBLA,0.7432,1011,1,11
LBXHXCLA,0.62512,1011,1,11
LBX118LA,0.308,1011,1,11
LBXD03LA,0.192,1011,1,11
LBXD05LA,0.84448,1011,1,11
LBXD07LA,0.38768,1011,1,11
LBXF03LA,0.14272,1011,1,11
LBXF04LA,0.91488,1011,1,11
LBXF05LA,0.19728,1011,1,11
LBXF08LA,0.08832,1011,1,11
LBX074LA,0.29856,1012,1,11
LBX099LA,0.12864,1012,1,11
LBX138LA,0.15632,1012,1,11
LBX153LA,0.1544,1012,1,11
LBX170LA,0.16784,1012,1,11
LBX180LA,0.14608,1012,1,11
LBX187LA,0.16752,1012,1,11
LBX194LA,0.984,1012,1,11
LBXPCBLA,0.13312,1012,1,11
LBXHXCLA,0.1336,1012,1,11
LBX118LA,0.17104,1012,1,11
LBXD03LA,0.26736,1012,1,11
LBXD05LA,0.3112,1012,1,11
LBXD07LA,0.31824,1012,1,11
LBXF03LA,0.10464,1012,1,11
LBXF04LA,0.1416,1012,1,11
LBXF05LA,0.36176,1012,1,11
LBXF08LA,0.12512,1012,1,11
LBX074LA,0.3512,1013,4,11
LBX099LA,0.08656,1013,4,11
LBX138LA,0.18672,1013,4,11
LBX153LA,0.31744,1013,4,11
LBX170LA,0.33504,1013,4,11
LBX180LA,0.29072,1013,4,11
LBX187LA,0.7384,1013,4,11
LBX194LA,0.292,1013,4,11
LBXPCBLA,0.09152,1013,4,11
LBXHXCLA,0.16224,1013,4,11
LBX118LA,0.09664,1013,4,11
LBXD03LA,0.072,1013,4,11
LBXD05LA,0.82992,1013,4,11
LBXD07LA,0.10832,1013,4,11
LBXF03LA,0.86832,1013,4,11
LBXF04LA,0.19168,1013,4,11
LBXF05LA,0.07216,1013,4,11
LBXF08LA,0.056,1013,4,11
LBX074LA,0.44096,1014,1,11
LBX099LA,0.20848,1014,1,11
LBX138LA,0.14224,1014,1,11
LBX153LA,0.15568,1014,1,11
LBX170LA,0.35904,1014,1,11
LBX180LA,0.11632,1014,1,11
LBX187LA,0.18256,1014,1,11
LBX194LA,0.14592,1014,1,11
LBXPCBLA,0.07088,1014,1,11
LBXHXCLA,0.63664,1014,1,11
LBX118LA,0.16592,1014,1,11
LBXD03LA,0.1016,1014,1,11
LBXD05LA,0.37888,1014,1,11
LBXD07LA,0.08272,1014,1,11
LBXF03LA,0.14832,1014,1,11
LBXF04LA,0.11728,1014,1,11
LBXF05LA,0.41248,1014,1,11
LBXF08LA,0.08096,1014,1,11
LBX074LA,0.19104,1015,4,11
LBX099LA,0.02944,1015,4,11
LBX138LA,0.056,1015,4,11
LBX153LA,0.07968,1015,4,11
LBX170LA,0.70736,1015,4,11
LBX180LA,0.3208,1015,4,11
LBX187LA,0.14096,1015,4,11
LBX194LA,0.48528,1015,4,11
LBXPCBLA,0.07776,1015,4,11
LBXHXCLA,0.04016,1015,4,11
LBX118LA,0.39232,1015,4,11
LBXD03LA,0.05712,1015,4,11
LBXD05LA,0.11792,1015,4,11
LBXD07LA,0.0296,1015,4,11
LBXF03LA,0.05536,1015,4,11
LBXF04LA,0.18352,1015,4,11
LBXF05LA,0.13776,1015,4,11
LBXF08LA,0.02416,1015,4,11
LBX074LA,0.13792,1016,3,11
LBX099LA,0.47792,1016,3,11
LBX138LA,0.1648,1016,3,11
LBX153LA,0.14112,1016,3,11
LBX170LA,0.28832,1016,3,11
LBX180LA,0.32704,1016,3,11
LBX187LA,0.29056,1016,3,11
LBX194LA,0.90848,1016,3,11
LBXPCBLA,0.18992,1016,3,11
LBXHXCLA,0.2376,1016,3,11
LBX118LA,0.13776,1016,3,11
LBXD03LA,0.1048,1016,3,11
LBXD05LA,0.28,1016,3,11
LBXD07LA,0.76992,1016,3,11
LBXF03LA,0.19904,1016,3,11
LBXF04LA,0.84096,1016,3,11
LBXF05LA,0.07648,1016,3,11
LBXF08LA,0.14592,1016,3,11
LBX074LA,0.27888,1017,3,11
LBX099LA,0.04864,1017,3,11
LBX138LA,0.10096,1017,3,11
LBX153LA,0.17648,1017,3,11
LBX170LA,0.08352,1017,3,11
LBX180LA,0.12032,1017,3,11
LBX187LA,0.76112,1017,3,11
LBX194LA,0.09296,1017,3,11
LBXPCBLA,0.77024,1017,3,11
LBXHXCLA,0.40736,1017,3,11
LBX118LA,0.21584,1017,3,11
LBXD03LA,0.05264,1017,3,11
LBXD05LA,0.25776,1017,3,11
LBXD07LA,0.42928,1017,3,11
LBXF03LA,0.16192,1017,3,11
LBXF04LA,0.41984,1017,3,11
LBXF05LA,0.4632,1017,3,11
LBXF08LA,0.09888,1017,3,11
LBX074LA,0.74208,1018,2,11
LBX099LA,0.20896,1018,2,11
LBX138LA,0.18576,1018,2,11
LBX153LA,0.23616,1018,2,11
LBX170LA,0.69296,1018,2,11
LBX180LA,0.28176,1018,2,11
LBX187LA,0.44032,1018,2,11
LBX194LA,0.44816,1018,2,11
LBXPCBLA,0.77104,1018,2,11
LBXHXCLA,0.156,1018,2,11
LBX118LA,0.53648,1018,2,11
LBXD03LA,0.20512,1018,2,11
LBXD05LA,0.20032,1018,2,11
LBXD07LA,0.77968,1018,2,11
LBXF03LA,0.12688,1018,2,11
LBXF04LA,0.47952,1018,2,11
LBXF05LA,0.12784,1018,2,11
LBXF08LA,0.14736,1018,2,11
LBX074LA,0.94304,1019,4,11
LBX099LA,0.20976,1019,4,11
LBX138LA,0.09072,1019,4,11
LBX153LA,0.33872,1019,4,11
LBX170LA,0.6584,1019,4,11
LBX180LA,0.20128,1019,4,11
LBX187LA,0.24128,1019,4,11
LBX194LA,0.11472,1019,4,11
LBXPCBLA,0.06896,1019,4,11
LBXHXCLA,0.14976,1019,4,11
LBX118LA,0.11104,1019,4,11
LBXD03LA,0.13776,1019,4,11
LBXD05LA,0.05472,1019,4,11
LBXD07LA,0.1288,1019,4,11
LBXF03LA,0.1576,1019,4,11
LBXF04LA,0.14912,1019,4,11
LBXF05LA,0.06608,1019,4,11
LBXF08LA,0.38848,1019,4,11
LBX074LA,0.97792,1020,4,11
LBX099LA,0.14656,1020,4,11
LBX138LA,0.57984,1020,4,11
LBX153LA,0.2352,1020,4,11
LBX170LA,0.16688,1020,4,11
LBX180LA,0.1408,1020,4,11
LBX187LA,0.39472,1020,4,11
LBX194LA,0.14016,1020,4,11
LBXPCBLA,0.50432,1020,4,11
LBXHXCLA,0.36432,1020,4,11
LBX118LA,0.56112,1020,4,11
LBXD03LA,0.0592,1020,4,11
LBXD05LA,0.26416,1020,4,11
LBXD07LA,0.41856,1020,4,11
LBXF03LA,0.22272,1020,4,11
LBXF04LA,0.21872,1020,4,11
LBXF05LA,0.75888,1020,4,11
LBXF08LA,0.15744,1020,4,11
LBX074LA,0.3416,1021,3,11
LBX099LA,0.59504,1021,3,11
LBX138LA,0.24704,1021,3,11
LBX153LA,0.17936,1021,3,11
LBX170LA,0.26272,1021,3,11
LBX180LA,0.49104,1021,3,11
LBX187LA,0.48672,1021,3,11
LBX194LA,0.99584,1021,3,11
LBXPCBLA,0.0264,1021,3,11
LBXHXCLA,0.12672,1021,3,11
LBX118LA,0.20576,1021,3,11
LBXD03LA,0.23456,1021,3,11
LBXD05LA,0.04624,1021,3,11
LBXD07LA,0.10272,1021,3,11
LBXF03LA,0.12064,1021,3,11
LBXF04LA,0.14624,1021,3,11
LBXF05LA,0.056,1021,3,11
LBXF08LA,0.10768,1021,3,11
LBX074LA,0.55744,1022,2,11
LBX099LA,0.43456,1022,2,11
LBX138LA,0.27376,1022,2,11
LBX153LA,0.34752,1022,2,11
LBX170LA,0.2672,1022,2,11
LBX180LA,0.19456,1022,2,11
LBX187LA,0.2168,1022,2,11
LBX194LA,0.40784,1022,2,11
LBXPCBLA,0.25024,1022,2,11
LBXHXCLA,0.57872,1022,2,11
LBX118LA,0.5128,1022,2,11
LBXD03LA,0.20368,1022,2,11
LBXD05LA,0.11936,1022,2,11
LBXD07LA,0.14608,1022,2,11
LBXF03LA,0.1192,1022,2,11
LBXF04LA,0.92592,1022,2,11
LBXF05LA,0.5616,1022,2,11
LBXF08LA,0.6832,1022,2,11
LBX074LA,0.11488,1023,2,11
LBX099LA,0.1008,1023,2,11
LBX138LA,0.41984,1023,2,11
LBX153LA,0.55904,1023,2,11
LBX170LA,0.18096,1023,2,11
LBX180LA,0.14864,1023,2,11
LBX187LA,0.12848,1023,2,11
LBX194LA,0.1736,1023,2,11
LBXPCBLA,0.08096,1023,2,11
LBXHXCLA,0.55392,1023,2,11
LBX118LA,0.16432,1023,2,11
LBXD03LA,0.07136,1023,2,11
LBXD05LA,0.10752,1023,2,11
LBXD07LA,0.04992,1023,2,11
LBXF03LA,0.06464,1023,2,11
LBXF04LA,0.82112,1023,2,11
LBXF05LA,0.10368,1023,2,11
LBXF08LA,0.03536,1023,2,11
LBX074LA,0.96368,1024,2,11
LBX099LA,0.22144,1024,2,11
LBX138LA,0.17888,1024,2,11
LBX153LA,0.15872,1024,2,11
LBX170LA,0.14624,1024,2,11
LBX180LA,0.18256,1024,2,11
LBX187LA,0.15104,1024,2,11
LBX194LA,0.14016,1024,2,11
LBXPCBLA,0.48,1024,2,11
LBXHXCLA,0.07904,1024,2,11
LBX118LA,0.15152,1024,2,11
LBXD03LA,0.1184,1024,2,11
LBXD05LA,0.83888,1024,2,11
LBXD07LA,0.2312,1024,2,11
LBXF03LA,0.07552,1024,2,11
LBXF04LA,0.16192,1024,2,11
LBXF05LA,0.08304,1024,2,11
LBXF08LA,0.21328,1024,2,11
LBX074LA,0.09488,1025,1,11
LBX099LA,0.14784,1025,1,11
LBX138LA,0.12992,1025,1,11
LBX153LA,0.13088,1025,1,11
LBX170LA,0.32144,1025,1,11
LBX180LA,0.1072,1025,1,11
LBX187LA,0.53536,1025,1,11
LBX194LA,0.29152,1025,1,11
LBXPCBLA,0.19024,1025,1,11
LBXHXCLA,0.07376,1025,1,11
LBX118LA,0.09616,1025,1,11
LBXD03LA,0.07312,1025,1,11
LBXD05LA,0.07904,1025,1,11
LBXD07LA,0.05872,1025,1,11
LBXF03LA,0.11344,1025,1,11
LBXF04LA,0.06576,1025,1,11
LBXF05LA,0.06192,1025,1,11
LBXF08LA,0.05616,1025,1,11
LBX074LA,0.67264,1026,4,11
LBX099LA,0.15984,1026,4,11
LBX138LA,0.2048,1026,4,11
LBX153LA,0.13776,1026,4,11
LBX170LA,0.07088,1026,4,11
LBX180LA,0.08288,1026,4,11
LBX187LA,0.10512,1026,4,11
LBX194LA,0.10512,1026,4,11
LBXPCBLA,0.98672,1026,4,11
LBXHXCLA,0.096,1026,4,11
LBX118LA,0.92496,1026,4,11
LBXD03LA,0.08224,1026,4,11
LBXD05LA,0.8728,1026,4,11
LBXD07LA,0.116,1026,4,11
LBXF03LA,0.33536,1026,4,11
LBXF04LA,0.1736,1026,4,11
LBXF05LA,0.89728,1026,4,11
LBXF08LA,0.24016,1026,4,11
LBX074LA,0.31056,1027,1,11
LBX099LA,0.1288,1027,1,11
LBX138LA,0.4456,1027,1,11
LBX153LA,0.276,1027,1,11
LBX170LA,0.21744,1027,1,11
LBX180LA,0.19584,1027,1,11
LBX187LA,0.39696,1027,1,11
LBX194LA,0.29808,1027,1,11
LBXPCBLA,0.10304,1027,1,11
LBXHXCLA,0.1144,1027,1,11
LBX118LA,0.27808,1027,1,11
LBXD03LA,0.10912,1027,1,11
LBXD05LA,0.99648,1027,1,11
LBXD07LA,0.11232,1027,1,11
LBXF03LA,0.09552,1027,1,11
LBXF04LA,0.09872,1027,1,11
LBXF05LA,0.09744,1027,1,11
LBXF08LA,0.08768,1027,1,11
LBX074LA,0.1432,1028,1,11
LBX099LA,0.13104,1028,1,11
LBX138LA,0.58656,1028,1,11
LBX153LA,0.34032,1028,1,11
LBX170LA,0.19648,1028,1,11
LBX180LA,0.20064,1028,1,11
LBX187LA,0.66496,1028,1,11
LBX194LA,0.45808,1028,1,11
LBXPCBLA,0.79936,1028,1,11
LBXHXCLA,0.19184,1028,1,11
LBX118LA,0.15312,1028,1,11
LBXD03LA,0.1232,1028,1,11
LBXD05LA,0.66432,1028,1,11
LBXD07LA,0.10368,1028,1,11
LBXF03LA,0.10112,1028,1,11
LBXF04LA,0.07712,1028,1,11
LBXF05LA,0.08176,1028,1,11
LBXF08LA,0.07344,1028,1,11
LBX074LA,0.25472,1029,2,11
LBX099LA,0.35408,1029,2,11
LBX138LA,0.19488,1029,2,11
LBX153LA,0.20016,1029,2,11
LBX170LA,0.26192,1029,2,11
LBX180LA,0.2344,1029,2,11
LBX187LA,0.384,1029,2,11
LBX194LA,0.87664,1029,2,11
LBXPCBLA,0.07648,1029,2,11
LBXHXCLA,0.3848,1029,2,11
LBX118LA,0.22656,1029,2,11
LBXD03LA,0.14176,1029,2,11
LBXD05LA,0.19968,1029,2,11
LBXD07LA,0.12176,1029,2,11
LBXF03LA,0.23552,1029,2,11
LBXF04LA,0.18816,1029,2,11
LBXF05LA,0.13808,1029,2,11
LBXF08LA,0.11648,1029,2,11
LBX074LA,0.78912,1030,1,11
LBX099LA,0.10304,1030,1,11
LBX138LA,0.12848,1030,1,11
LBX153LA,0.11056,1030,1,11
LBX170LA,0.14016,1030,1,11
LBX180LA,0.12528,1030,1,11
LBX187LA,0.13088,1030,1,11
LBX194LA,0.36,1030,1,11
LBXPCBLA,0.06272,1030,1,11
LBXHXCLA,0.08848,1030,1,11
LBX118LA,0.15136,1030,1,11
LBXD03LA,0.10672,1030,1,11
LBXD05LA,0.46208,1030,1,11
LBXD07LA,0.11792,1030,1,11
LBXF03LA,0.0624,1030,1,11
LBXF04LA,0.0856,1030,1,11
LBXF05LA,0.09184,1030,1,11
LBXF08LA,0.07584,1030,1,11
LBX074LA,0.11936,1031,1,11
LBX099LA,0.10512,1031,1,11
LBX138LA,0.14256,1031,1,11
LBX153LA,0.1536,1031,1,11
LBX170LA,0.23792,1031,1,11
LBX180LA,0.22432,1031,1,11
LBX187LA,0.2216,1031,1,11
LBX194LA,0.99648,1031,1,11
LBXPCBLA,0.152,1031,1,11
LBXHXCLA,0.24112,1031,1,11
LBX118LA,0.28464,1031,1,11
LBXD03LA,0.12512,1031,1,11
LBXD05LA,0.88752,1031,1,11
LBXD07LA,0.29568,1031,1,11
LBXF03LA,0.09824,1031,1,11
LBXF04LA,0.0872,1031,1,11
LBXF05LA,0.1552,1031,1,11
LBXF08LA,0.06112,1031,1,11
LBX074LA,0.2032,1032,2,11
LBX099LA,0.16048,1032,2,11
LBX138LA,0.15904,1032,2,11
LBX153LA,0.15824,1032,2,11
LBX170LA,0.3984,1032,2,11
LBX180LA,0.24928,1032,2,11
LBX187LA,0.17456,1032,2,11
LBX194LA,0.94128,1032,2,11
LBXPCBLA,0.32768,1032,2,11
LBXHXCLA,0.22544,1032,2,11
LBX118LA,0.10368,1032,2,11
LBXD03LA,0.14304,1032,2,11
LBXD05LA,0.20768,1032,2,11
LBXD07LA,0.17824,1032,2,11
LBXF03LA,0.13456,1032,2,11
LBXF04LA,0.948,1032,2,11
LBXF05LA,0.10112,1032,2,11
LBXF08LA,0.05808,1032,2,11
LBX074LA,0.77744,1033,1,11
LBX099LA,0.17744,1033,1,11
LBX138LA,0.12048,1033,1,11
LBX153LA,0.12448,1033,1,11
LBX170LA,0.12528,1033,1,11
LBX180LA,0.13376,1033,1,11
LBX187LA,0.14896,1033,1,11
LBX194LA,0.20336,1033,1,11
LBXPCBLA,0.07856,1033,1,11
LBXHXCLA,0.07888,1033,1,11
LBX118LA,0.22,1033,1,11
LBXD03LA,0.11984,1033,1,11
LBXD05LA,0.06336,1033,1,11
LBXD07LA,0.06928,1033,1,11
LBXF03LA,0.05072,1033,1,11
LBXF04LA,0.06096,1033,1,11
LBXF05LA,0.17136,1033,1,11
LBXF08LA,0.94752,1033,1,11
LBX074LA,0.07392,1034,4,11
LBX099LA,0.28752,1034,4,11
LBX138LA,0.15552,1034,4,11
LBX153LA,0.21312,1034,4,11
LBX170LA,0.12144,1034,4,11
LBX180LA,0.572,1034,4,11
LBX187LA,0.18784,1034,4,11
LBX194LA,0.12912,1034,4,11
LBXPCBLA,0.05472,1034,4,11
LBXHXCLA,0.23472,1034,4,11
LBX118LA,0.1384,1034,4,11
LBXD03LA,0.05152,1034,4,11
LBXD05LA,0.896,1034,4,11
LBXD07LA,0.04256,1034,4,11
LBXF03LA,0.19952,1034,4,11
LBXF04LA,0.15184,1034,4,11
LBXF05LA,0.04144,1034,4,11
LBXF08LA,0.236,1034,4,11
LBX074LA,0.51456,1035,3,11
LBX099LA,0.1264,1035,3,11
LBX138LA,0.35776,1035,3,11
LBX153LA,0.59504,1035,3,11
LBX170LA,0.7992,1035,3,11
LBX180LA,0.67824,1035,3,11
LBX187LA,0.30384,1035,3,11
LBX194LA,0.2352,1035,3,11
LBXPCBLA,0.28448,1035,3,11
LBXHXCLA,0.30864,1035,3,11
LBX118LA,0.47968,1035,3,11
LBXD03LA,0.43472,1035,3,11
LBXD05LA,0.40496,1035,3,11
LBXD07LA,0.49248,1035,3,11
LBXF03LA,0.26224,1035,3,11
LBXF04LA,0.5968,1035,3,11
LBXF05LA,0.24784,1035,3,11
LBXF08LA,0.10832,1035,3,11
LBX074LA,0.32496,1036,1,11
LBX099LA,0.09152,1036,1,11
LBX138LA,0.11968,1036,1,11
LBX153LA,0.12624,1036,1,11
LBX170LA,0.2352,1036,1,11
LBX180LA,0.15296,1036,1,11
LBX187LA,0.11648,1036,1,11
LBX194LA,0.99776,1036,1,11
LBXPCBLA,0.10528,1036,1,11
LBXHXCLA,0.10784,1036,1,11
LBX118LA,0.14592,1036,1,11
LBXD03LA,0.13792,1036,1,11
LBXD05LA,0.96976,1036,1,11
LBXD07LA,0.13216,1036,1,11
LBXF03LA,0.0672,1036,1,11
LBXF04LA,0.24288,1036,1,11
LBXF05LA,0.18912,1036,1,11
LBXF08LA,0.07392,1036,1,11
LBX074LA,0.09984,1037,1,11
LBX099LA,0.132,1037,1,11
LBX138LA,0.65888,1037,1,11
LBX153LA,0.48784,1037,1,11
LBX170LA,0.33936,1037,1,11
LBX180LA,0.29888,1037,1,11
LBX187LA,0.20944,1037,1,11
LBX194LA,0.90736000000000006,1037,1,11
LBXPCBLA,0.14992,1037,1,11
LBXHXCLA,0.8304,1037,1,11
LBX118LA,0.1536,1037,1,11
LBXD03LA,0.13936,1037,1,11
LBXD05LA,0.48368,1037,1,11
LBXD07LA,0.1432,1037,1,11
LBXF03LA,0.0864,1037,1,11
LBXF04LA,0.09648,1037,1,11
LBXF05LA,0.08832,1037,1,11
LBXF08LA,0.0552,1037,1,11
LBX074LA,0.96816,1038,1,11
LBX099LA,0.18688,1038,1,11
LBX138LA,0.11152,1038,1,11
LBX153LA,0.10096,1038,1,11
LBX170LA,0.12816,1038,1,11
LBX180LA,0.10864,1038,1,11
LBX187LA,0.12928,1038,1,11
LBX194LA,0.2792,1038,1,11
LBXPCBLA,0.42208,1038,1,11
LBXHXCLA,0.08,1038,1,11
LBX118LA,0.13952,1038,1,11
LBXD03LA,0.09552,1038,1,11
LBXD05LA,0.20672,1038,1,11
LBXD07LA,0.2336,1038,1,11
LBXF03LA,0.10752,1038,1,11
LBXF04LA,0.14128,1038,1,11
LBXF05LA,0.59344,1038,1,11
LBXF08LA,0.31008,1038,1,11
LBX074LA,0.84752,1039,4,11
LBX099LA,0.2496,1039,4,11
LBX138LA,0.3504,1039,4,11
LBX153LA,0.19632,1039,4,11
LBX170LA,0.08624,1039,4,11
LBX180LA,0.09648,1039,4,11
LBX187LA,0.14592,1039,4,11
LBX194LA,0.07648,1039,4,11
LBXPCBLA,0.05488,1039,4,11
LBXHXCLA,0.70192,1039,4,11
LBX118LA,0.17952,1039,4,11
LBXD03LA,0.03888,1039,4,11
LBXD05LA,0.34848,1039,4,11
LBXD07LA,0.25744,1039,4,11
LBXF03LA,0.14352,1039,4,11
LBXF04LA,0.47536,1039,4,11
LBXF05LA,0.03776,1039,4,11
LBXF08LA,0.01344,1039,4,11
LBX074LA,0.3096,1040,3,11
LBX099LA,0.07088,1040,3,11
LBX138LA,0.0904,1040,3,11
LBX153LA,0.1192,1040,3,11
LBX170LA,0.40608,1040,3,11
LBX180LA,0.59472,1040,3,11
LBX187LA,0.17232,1040,3,11
LBX194LA,0.7736,1040,3,11
LBXPCBLA,0.0688,1040,3,11
LBXHXCLA,0.10592,1040,3,11
LBX118LA,0.13008,1040,3,11
LBXD03LA,0.08,1040,3,11
LBXD05LA,0.48496,1040,3,11
LBXD07LA,0.05408,1040,3,11
LBXF03LA,0.21008,1040,3,11
LBXF04LA,0.97696,1040,3,11
LBXF05LA,0.12672,1040,3,11
LBXF08LA,0.0216,1040,3,11
LBX074LA,0.70656,1041,2,11
LBX099LA,0.27456,1041,2,11
LBX138LA,0.10912,1041,2,11
LBX153LA,0.12352,1041,2,11
LBX170LA,0.14144,1041,2,11
LBX180LA,0.12832,1041,2,11
LBX187LA,0.24048,1041,2,11
LBX194LA,0.17984,1041,2,11
LBXPCBLA,0.09296,1041,2,11
LBXHXCLA,0.07008,1041,2,11
LBX118LA,0.24512,1041,2,11
LBXD03LA,0.1376,1041,2,11
LBXD05LA,0.1368,1041,2,11
LBXD07LA,0.12784,1041,2,11
LBXF03LA,0.17984,1041,2,11
LBXF04LA,0.6592,1041,2,11
LBXF05LA,0.33504,1041,2,11
LBXF08LA,0.15616,1041,2,11
LBX074LA,0.12144,1042,3,11
LBX099LA,0.74944,1042,3,11
LBX138LA,0.09488,1042,3,11
LBX153LA,0.09552,1042,3,11
LBX170LA,0.24912,1042,3,11
LBX180LA,0.09888,1042,3,11
LBX187LA,0.37648,1042,3,11
LBX194LA,0.27296,1042,3,11
LBXPCBLA,0.25328,1042,3,11
LBXHXCLA,0.4856,1042,3,11
LBX118LA,0.16976,1042,3,11
LBXD03LA,0.0752,1042,3,11
LBXD05LA,0.048,1042,3,11
LBXD07LA,0.09632,1042,3,11
LBXF03LA,0.95328,1042,3,11
LBXF04LA,0.1632,1042,3,11
LBXF05LA,0.12928,1042,3,11
LBXF08LA,0.05408,1042,3,11
LBX074LA,0.55824,1043,1,11
LBX099LA,0.81552,1043,1,11
LBX138LA,0.46,1043,1,11
LBX153LA,0.46672,1043,1,11
LBX170LA,0.5672,1043,1,11
LBX180LA,0.57088,1043,1,11
LBX187LA,0.3136,1043,1,11
LBX194LA,0.7304,1043,1,11
LBXPCBLA,0.1912,1043,1,11
LBXHXCLA,0.556,1043,1,11
LBX118LA,0.83248,1043,1,11
LBXD03LA,0.14096,1043,1,11
LBXD05LA,0.98048,1043,1,11
LBXD07LA,0.14976,1043,1,11
LBXF03LA,0.34864,1043,1,11
LBXF04LA,0.8328,1043,1,11
LBXF05LA,0.10496,1043,1,11
LBXF08LA,0.99744,1043,1,11
LBX074LA,0.39568,1044,4,11
LBX099LA,0.0808,1044,4,11
LBX138LA,0.09344,1044,4,11
LBX153LA,0.14448,1044,4,11
LBX170LA,0.35616,1044,4,11
LBX180LA,0.1392,1044,4,11
LBX187LA,0.25888,1044,4,11
LBX194LA,0.91696,1044,4,11
LBXPCBLA,0.19968,1044,4,11
LBXHXCLA,0.1344,1044,4,11
LBX118LA,0.12896,1044,4,11
LBXD03LA,0.10272,1044,4,11
LBXD05LA,0.37232,1044,4,11
LBXD07LA,0.15312,1044,4,11
LBXF03LA,0.05856,1044,4,11
LBXF04LA,0.07472,1044,4,11
LBXF05LA,0.176,1044,4,11
LBXF08LA,0.24528,1044,4,11
LBX074LA,0.46096,1045,1,11
LBX099LA,0.12304,1045,1,11
LBX138LA,0.17424,1045,1,11
LBX153LA,0.23968,1045,1,11
LBX170LA,0.2552,1045,1,11
LBX180LA,0.20048,1045,1,11
LBX187LA,0.1728,1045,1,11
LBX194LA,0.4904,1045,1,11
LBXPCBLA,0.3472,1045,1,11
LBXHXCLA,0.104,1045,1,11
LBX118LA,0.3664,1045,1,11
LBXD03LA,0.13216,1045,1,11
LBXD05LA,0.56672,1045,1,11
LBXD07LA,0.16752,1045,1,11
LBXF03LA,0.08,1045,1,11
LBXF04LA,0.07872,1045,1,11
LBXF05LA,0.1176,1045,1,11
LBXF08LA,0.0768,1045,1,11
LBX074LA,0.4984,1046,4,11
LBX099LA,0.08368,1046,4,11
LBX138LA,0.14112,1046,4,11
LBX153LA,0.24048,1046,4,11
LBX170LA,0.08608,1046,4,11
LBX180LA,0.27824,1046,4,11
LBX187LA,0.08544,1046,4,11
LBX194LA,0.13952,1046,4,11
LBXPCBLA,0.0392,1046,4,11
LBXHXCLA,0.09936,1046,4,11
LBX118LA,0.57056,1046,4,11
LBXD03LA,0.11552,1046,4,11
LBXD05LA,0.99376,1046,4,11
LBXD07LA,0.0936,1046,4,11
LBXF03LA,0.07264,1046,4,11
LBXF04LA,0.1144,1046,4,11
LBXF05LA,0.07184,1046,4,11
LBXF08LA,0.04448,1046,4,11
LBX074LA,0.5552,1047,2,11
LBX099LA,0.2136,1047,2,11
LBX138LA,0.14096,1047,2,11
LBX153LA,0.14384,1047,2,11
LBX170LA,0.13136,1047,2,11
LBX180LA,0.14208,1047,2,11
LBX187LA,0.14752,1047,2,11
LBX194LA,0.25584,1047,2,11
LBXPCBLA,0.08672,1047,2,11
LBXHXCLA,0.10352,1047,2,11
LBX118LA,0.41504,1047,2,11
LBXD03LA,0.18608,1047,2,11
LBXD05LA,0.13248,1047,2,11
LBXD07LA,0.96848,1047,2,11
LBXF03LA,0.08016,1047,2,11
LBXF04LA,0.12848,1047,2,11
LBXF05LA,0.1696,1047,2,11
LBXF08LA,0.03936,1047,2,11
LBX074LA,0.21632,1048,4,11
LBX099LA,0.98752,1048,4,11
LBX138LA,0.10912,1048,4,11
LBX153LA,0.09632,1048,4,11
LBX170LA,0.36448,1048,4,11
LBX180LA,0.07824,1048,4,11
LBX187LA,0.21408,1048,4,11
LBX194LA,0.18768,1048,4,11
LBXPCBLA,0.45056,1048,4,11
LBXHXCLA,0.208,1048,4,11
LBX118LA,0.24368,1048,4,11
LBXD03LA,0.05872,1048,4,11
LBXD05LA,0.35104,1048,4,11
LBXD07LA,0.04256,1048,4,11
LBXF03LA,0.13696,1048,4,11
LBXF04LA,0.48528,1048,4,11
LBXF05LA,0.17344,1048,4,11
LBXF08LA,0.12368,1048,4,11
LBX074LA,0.74928,1049,1,11
LBX099LA,0.15424,1049,1,11
LBX138LA,0.13216,1049,1,11
LBX153LA,0.136,1049,1,11
LBX170LA,0.13744,1049,1,11
LBX180LA,0.22352,1049,1,11
LBX187LA,0.12672,1049,1,11
LBX194LA,0.0768,1049,1,11
LBXPCBLA,0.05456,1049,1,11
LBXHXCLA,0.16608,1049,1,11
LBX118LA,0.32272,1049,1,11
LBXD03LA,0.07792,1049,1,11
LBXD05LA,0.05232,1049,1,11
LBXD07LA,0.0624,1049,1,11
LBXF03LA,0.07072,1049,1,11
LBXF04LA,0.06608,1049,1,11
LBXF05LA,0.05536,1049,1,11
LBXF08LA,0.06176,1049,1,11
LBX074LA,0.136,1050,1,11
LBX099LA,0.12944,1050,1,11
LBX138LA,0.13344,1050,1,11
LBX153LA,0.18224,1050,1,11
LBX170LA,0.14864,1050,1,11
LBX180LA,0.144,1050,1,11
LBX187LA,0.17696,1050,1,11
LBX194LA,0.132,1050,1,11
LBXPCBLA,0.07056,1050,1,11
LBXHXCLA,0.84944,1050,1,11
LBX118LA,0.1144,1050,1,11
LBXD03LA,0.14016,1050,1,11
LBXD05LA,0.10128,1050,1,11
LBXD07LA,0.07648,1050,1,11
LBXF03LA,0.09568,1050,1,11
LBXF04LA,0.27312,1050,1,11
LBXF05LA,0.14976,1050,1,11
LBXF08LA,0.12048,1050,1,11
LBX074LA,0.95504,1051,3,11
LBX099LA,0.09744,1051,3,11
LBX138LA,0.15264,1051,3,11
LBX153LA,0.12064,1051,3,11
LBX170LA,0.15248,1051,3,11
LBX180LA,0.20816,1051,3,11
LBX187LA,0.32288,1051,3,11
LBX194LA,0.0928,1051,3,11
LBXPCBLA,0.1144,1051,3,11
LBXHXCLA,0.23168,1051,3,11
LBX118LA,0.15184,1051,3,11
LBXD03LA,0.51984,1051,3,11
LBXD05LA,0.1504,1051,3,11
LBXD07LA,0.07872,1051,3,11
LBXF03LA,0.04864,1051,3,11
LBXF04LA,0.6496,1051,3,11
LBXF05LA,0.24112,1051,3,11
LBXF08LA,0.04096,1051,3,11
LBX074LA,0.3376,1052,1,11
LBX099LA,0.20864,1052,1,11
LBX138LA,0.416,1052,1,11
LBX153LA,0.21776,1052,1,11
LBX170LA,0.28336,1052,1,11
LBX180LA,0.27696,1052,1,11
LBX187LA,0.43312,1052,1,11
LBX194LA,0.42544,1052,1,11
LBXPCBLA,0.8696,1052,1,11
LBXHXCLA,0.10416,1052,1,11
LBX118LA,0.12784,1052,1,11
LBXD03LA,0.16816,1052,1,11
LBXD05LA,0.10032,1052,1,11
LBXD07LA,0.06432,1052,1,11
LBXF03LA,0.06912,1052,1,11
LBXF04LA,0.14464,1052,1,11
LBXF05LA,0.34176,1052,1,11
LBXF08LA,0.04672,1052,1,11
LBX074LA,0.36784,1053,4,11
LBX099LA,0.75728,1053,4,11
LBX138LA,0.12944,1053,4,11
LBX153LA,0.2584,1053,4,11
LBX170LA,0.152,1053,4,11
LBX180LA,0.14656,1053,4,11
LBX187LA,0.1472,1053,4,11
LBX194LA,0.54064,1053,4,11
LBXPCBLA,0.44352,1053,4,11
LBXHXCLA,0.132,1053,4,11
LBX118LA,0.47776,1053,4,11
LBXD03LA,0.8016,1053,4,11
LBXD05LA,0.0984,1053,4,11
LBXD07LA,0.1288,1053,4,11
LBXF03LA,0.07664,1053,4,11
LBXF04LA,0.73184,1053,4,11
LBXF05LA,0.71264,1053,4,11
LBXF08LA,0.39152,1053,4,11
LBX074LA,0.74256,1054,2,11
LBX099LA,0.74112,1054,2,11
LBX138LA,0.33344,1054,2,11
LBX153LA,0.38928,1054,2,11
LBX170LA,0.21088,1054,2,11
LBX180LA,0.33392,1054,2,11
LBX187LA,0.18688,1054,2,11
LBX194LA,0.24832,1054,2,11
LBXPCBLA,0.08608,1054,2,11
LBXHXCLA,0.59072,1054,2,11
LBX118LA,0.42784,1054,2,11
LBXD03LA,0.0904,1054,2,11
LBXD05LA,0.14624,1054,2,11
LBXD07LA,0.09056,1054,2,11
LBXF03LA,0.0704,1054,2,11
LBXF04LA,0.16464,1054,2,11
LBXF05LA,0.17584,1054,2,11
LBXF08LA,0.05104,1054,2,11
LBX074LA,0.42416,1055,3,11
LBX099LA,0.12864,1055,3,11
LBX138LA,0.26016,1055,3,11
LBX153LA,0.15888,1055,3,11
LBX170LA,0.23248,1055,3,11
LBX180LA,0.1456,1055,3,11
LBX187LA,0.28096,1055,3,11
LBX194LA,0.916,1055,3,11
LBXPCBLA,0.07504,1055,3,11
LBXHXCLA,0.10816,1055,3,11
LBX118LA,0.1456,1055,3,11
LBXD03LA,0.18224,1055,3,11
LBXD05LA,0.10544,1055,3,11
LBXD07LA,0.16528,1055,3,11
LBXF03LA,0.10096,1055,3,11
LBXF04LA,0.16224,1055,3,11
LBXF05LA,0.0968,1055,3,11
LBXF08LA,0.29408,1055,3,11
LBX074LA,0.27712,1056,3,11
LBX099LA,0.08768,1056,3,11
LBX138LA,0.13696,1056,3,11
LBX153LA,0.2072,1056,3,11
LBX170LA,0.61664,1056,3,11
LBX180LA,0.20352,1056,3,11
LBX187LA,0.13008,1056,3,11
LBX194LA,0.38992,1056,3,11
LBXPCBLA,0.13936,1056,3,11
LBXHXCLA,0.056,1056,3,11
LBX118LA,0.75712,1056,3,11
LBXD03LA,0.06784,1056,3,11
LBXD05LA,0.10656,1056,3,11
LBXD07LA,0.21184,1056,3,11
LBXF03LA,0.212,1056,3,11
LBXF04LA,0.10944,1056,3,11
LBXF05LA,0.0456,1056,3,11
LBXF08LA,0.0456,1056,3,11
LBX074LA,0.13632,1057,1,11
LBX099LA,0.2472,1057,1,11
LBX138LA,0.2416,1057,1,11
LBX153LA,0.18688,1057,1,11
LBX170LA,0.20608,1057,1,11
LBX180LA,0.19904,1057,1,11
LBX187LA,0.10944,1057,1,11
LBX194LA,0.2928,1057,1,11
LBXPCBLA,0.08512,1057,1,11
LBXHXCLA,0.07312,1057,1,11
LBX118LA,0.53424,1057,1,11
LBXD03LA,0.18864,1057,1,11
LBXD05LA,0.3624,1057,1,11
LBXD07LA,0.13152,1057,1,11
LBXF03LA,0.05808,1057,1,11
LBXF04LA,0.06752,1057,1,11
LBXF05LA,0.06256,1057,1,11
LBXF08LA,0.07264,1057,1,11
LBX074LA,0.69136,1058,3,11
LBX099LA,0.1096,1058,3,11
LBX138LA,0.1568,1058,3,11
LBX153LA,0.20208,1058,3,11
LBX170LA,0.16896,1058,3,11
LBX180LA,0.21456,1058,3,11
LBX187LA,0.2488,1058,3,11
LBX194LA,0.2096,1058,3,11
LBXPCBLA,0.11744,1058,3,11
LBXHXCLA,0.14192,1058,3,11
LBX118LA,0.22336,1058,3,11
LBXD03LA,0.07632,1058,3,11
LBXD05LA,0.92992,1058,3,11
LBXD07LA,0.13168,1058,3,11
LBXF03LA,0.10368,1058,3,11
LBXF04LA,0.37536,1058,3,11
LBXF05LA,0.12032,1058,3,11
LBXF08LA,0.16512,1058,3,11
LBX074LA,0.284,1059,3,11
LBX099LA,0.216,1059,3,11
LBX138LA,0.18368,1059,3,11
LBX153LA,0.30112,1059,3,11
LBX170LA,0.53904,1059,3,11
LBX180LA,0.27024,1059,3,11
LBX187LA,0.83136,1059,3,11
LBX194LA,0.25088,1059,3,11
LBXPCBLA,0.26096,1059,3,11
LBXHXCLA,0.23488,1059,3,11
LBX118LA,0.8248,1059,3,11
LBXD03LA,0.19312000000000001,1059,3,11
LBXD05LA,0.1192,1059,3,11
LBXD07LA,0.06416,1059,3,11
LBXF03LA,0.18736,1059,3,11
LBXF04LA,0.88064,1059,3,11
LBXF05LA,0.35856,1059,3,11
LBXF08LA,0.0888,1059,3,11
LBX074LA,0.95184,1060,2,11
LBX099LA,0.1128,1060,2,11
LBX138LA,0.12384,1060,2,11
LBX153LA,0.18128,1060,2,11
LBX170LA,0.25744,1060,2,11
LBX180LA,0.69088,1060,2,11
LBX187LA,0.47984,1060,2,11
LBX194LA,0.21872,1060,2,11
LBXPCBLA,0.08144,1060,2,11
LBXHXCLA,0.11472,1060,2,11
LBX118LA,0.20928,1060,2,11
LBXD03LA,0.10624,1060,2,11
LBXD05LA,0.98432,1060,2,11
LBXD07LA,0.26496,1060,2,11
LBXF03LA,0.10032,1060,2,11
LBXF04LA,0.36576,1060,2,11
LBXF05LA,0.07552,1060,2,11
LBXF08LA,0.31552,1060,2,11
LBX074LA,0.792,1061,2,11
LBX099LA,0.10864,1061,2,11
LBX138LA,0.07152,1061,2,11
LBX153LA,0.07424,1061,2,11
LBX170LA,0.0584,1061,2,11
LBX180LA,0.12768,1061,2,11
LBX187LA,0.04976,1061,2,11
LBX194LA,0.13616,1061,2,11
LBXPCBLA,0.04464,1061,2,11
LBXHXCLA,0.029760000000000002,1061,2,11
LBX118LA,0.08128,1061,2,11
LBXD03LA,0.0416,1061,2,11
LBXD05LA,0.4488,1061,2,11
LBXD07LA,0.51968,1061,2,11
LBXF03LA,0.04,1061,2,11
LBXF04LA,0.05536,1061,2,11
LBXF05LA,0.04,1061,2,11
LBXF08LA,0.07456,1061,2,11
LBX074LA,0.54432,1062,1,11
LBX099LA,0.23328,1062,1,11
LBX138LA,0.19056,1062,1,11
LBX153LA,0.1952,1062,1,11
LBX170LA,0.31328,1062,1,11
LBX180LA,0.21184,1062,1,11
LBX187LA,0.30688,1062,1,11
LBX194LA,0.6664,1062,1,11
LBXPCBLA,0.13856,1062,1,11
LBXHXCLA,0.14576,1062,1,11
LBX118LA,0.332,1062,1,11
LBXD03LA,0.11296,1062,1,11
LBXD05LA,0.7312,1062,1,11
LBXD07LA,0.10976,1062,1,11
LBXF03LA,0.07504,1062,1,11
LBXF04LA,0.1584,1062,1,11
LBXF05LA,0.08624,1062,1,11
LBXF08LA,0.0904,1062,1,11
LBX074LA,0.23392,1063,1,11
LBX099LA,0.30336,1063,1,11
LBX138LA,0.5288,1063,1,11
LBX153LA,0.28656,1063,1,11
LBX170LA,0.66064,1063,1,11
LBX180LA,0.91424,1063,1,11
LBX187LA,0.2552,1063,1,11
LBX194LA,0.35488,1063,1,11
LBXPCBLA,0.1128,1063,1,11
LBXHXCLA,0.09056,1063,1,11
LBX118LA,0.11968,1063,1,11
LBXD03LA,0.15072,1063,1,11
LBXD05LA,0.1376,1063,1,11
LBXD07LA,0.05936,1063,1,11
LBXF03LA,0.04832,1063,1,11
LBXF04LA,0.09584,1063,1,11
LBXF05LA,0.11632,1063,1,11
LBXF08LA,0.0976,1063,1,11
LBX074LA,0.96,1064,2,11
LBX099LA,0.12832,1064,2,11
LBX138LA,0.1336,1064,2,11
LBX153LA,0.09968,1064,2,11
LBX170LA,0.29376,1064,2,11
LBX180LA,0.14752,1064,2,11
LBX187LA,0.10704,1064,2,11
LBX194LA,0.284,1064,2,11
LBXPCBLA,0.25552,1064,2,11
LBXHXCLA,0.06784,1064,2,11
LBX118LA,0.17744,1064,2,11
LBXD03LA,0.0912,1064,2,11
LBXD05LA,0.05072,1064,2,11
LBXD07LA,0.26992,1064,2,11
LBXF03LA,0.07104,1064,2,11
LBXF04LA,0.33616,1064,2,11
LBXF05LA,0.11968,1064,2,11
LBXF08LA,0.03056,1064,2,11
LBX074LA,0.26576,1065,2,11
LBX099LA,0.13776,1065,2,11
LBX138LA,0.43552,1065,2,11
LBX153LA,0.29472,1065,2,11
LBX170LA,0.23728,1065,2,11
LBX180LA,0.18512,1065,2,11
LBX187LA,0.13792,1065,2,11
LBX194LA,0.13808,1065,2,11
LBXPCBLA,0.3752,1065,2,11
LBXHXCLA,0.21136,1065,2,11
LBX118LA,0.28848,1065,2,11
LBXD03LA,0.1688,1065,2,11
LBXD05LA,0.34976,1065,2,11
LBXD07LA,0.2232,1065,2,11
LBXF03LA,0.11008,1065,2,11
LBXF04LA,0.8856,1065,2,11
LBXF05LA,0.31792,1065,2,11
LBXF08LA,0.06416,1065,2,11
LBX074LA,0.11712,1066,4,11
LBX099LA,0.06688,1066,4,11
LBX138LA,0.32624,1066,4,11
LBX153LA,0.104,1066,4,11
LBX170LA,0.67088,1066,4,11
LBX180LA,0.25792,1066,4,11
LBX187LA,0.08272,1066,4,11
LBX194LA,0.26816,1066,4,11
LBXPCBLA,0.4432,1066,4,11
LBXHXCLA,0.12912,1066,4,11
LBX118LA,0.29424,1066,4,11
LBXD03LA,0.12656,1066,4,11
LBXD05LA,0.216,1066,4,11
LBXD07LA,0.24976,1066,4,11
LBXF03LA,0.79952,1066,4,11
LBXF04LA,0.17008,1066,4,11
LBXF05LA,0.04992,1066,4,11
LBXF08LA,0.07312,1066,4,11
LBX074LA,0.13536,1067,2,11
LBX099LA,0.42736,1067,2,11
LBX138LA,0.19216,1067,2,11
LBX153LA,0.23136,1067,2,11
LBX170LA,0.26,1067,2,11
LBX180LA,0.2672,1067,2,11
LBX187LA,0.76352,1067,2,11
LBX194LA,0.4504,1067,2,11
LBXPCBLA,0.08976,1067,2,11
LBXHXCLA,0.16704,1067,2,11
LBX118LA,0.27312,1067,2,11
LBXD03LA,0.2096,1067,2,11
LBXD05LA,0.2592,1067,2,11
LBXD07LA,0.27216,1067,2,11
LBXF03LA,0.16016,1067,2,11
LBXF04LA,0.74736,1067,2,11
LBXF05LA,0.44448,1067,2,11
LBXF08LA,0.15904,1067,2,11
LBX074LA,0.1264,1068,2,11
LBX099LA,0.15872,1068,2,11
LBX138LA,0.29344,1068,2,11
LBX153LA,0.288,1068,2,11
LBX170LA,0.5376,1068,2,11
LBX180LA,0.30704,1068,2,11
LBX187LA,0.3064,1068,2,11
LBX194LA,0.79152,1068,2,11
LBXPCBLA,0.1232,1068,2,11
LBXHXCLA,0.25728,1068,2,11
LBX118LA,0.1664,1068,2,11
LBXD03LA,0.50304,1068,2,11
LBXD05LA,0.64272,1068,2,11
LBXD07LA,0.14416,1068,2,11
LBXF03LA,0.16528,1068,2,11
LBXF04LA,0.69744,1068,2,11
LBXF05LA,0.24416,1068,2,11
LBXF08LA,0.20688,1068,2,11
LBX074LA,0.89232,1069,3,11
LBX099LA,0.06784,1069,3,11
LBX138LA,0.24416,1069,3,11
LBX153LA,0.21808,1069,3,11
LBX170LA,0.14064,1069,3,11
LBX180LA,0.12352,1069,3,11
LBX187LA,0.17664,1069,3,11
LBX194LA,0.17472,1069,3,11
LBXPCBLA,0.35504,1069,3,11
LBXHXCLA,0.37888,1069,3,11
LBX118LA,0.17712,1069,3,11
LBXD03LA,0.12064,1069,3,11
LBXD05LA,0.98624,1069,3,11
LBXD07LA,0.07824,1069,3,11
LBXF03LA,0.06592,1069,3,11
LBXF04LA,0.57824,1069,3,11
LBXF05LA,0.06592,1069,3,11
LBXF08LA,0.05456,1069,3,11
LBX074LA,0.16288,1070,2,11
LBX099LA,0.15024,1070,2,11
LBX138LA,0.1424,1070,2,11
LBX153LA,0.15744,1070,2,11
LBX170LA,0.28336,1070,2,11
LBX180LA,0.1808,1070,2,11
LBX187LA,0.51904,1070,2,11
LBX194LA,0.7256,1070,2,11
LBXPCBLA,0.55584,1070,2,11
LBXHXCLA,0.80448,1070,2,11
LBX118LA,0.19584,1070,2,11
LBXD03LA,0.20896,1070,2,11
LBXD05LA,0.10352,1070,2,11
LBXD07LA,0.08816,1070,2,11
LBXF03LA,0.13872,1070,2,11
LBXF04LA,0.22544,1070,2,11
LBXF05LA,0.17488,1070,2,11
LBXF08LA,0.1456,1070,2,11
LBX074LA,0.40032,1071,4,11
LBX099LA,0.0576,1071,4,11
LBX138LA,0.06064,1071,4,11
LBX153LA,0.0712,1071,4,11
LBX170LA,0.24032,1071,4,11
LBX180LA,0.14848,1071,4,11
LBX187LA,0.1192,1071,4,11
LBX194LA,0.96448,1071,4,11
LBXPCBLA,0.08944,1071,4,11
LBXHXCLA,0.17808,1071,4,11
LBX118LA,0.25488,1071,4,11
LBXD03LA,0.05008,1071,4,11
LBXD05LA,0.16288,1071,4,11
LBXD07LA,0.42512,1071,4,11
LBXF03LA,0.10432,1071,4,11
LBXF04LA,0.38304,1071,4,11
LBXF05LA,0.0456,1071,4,11
LBXF08LA,0.06064,1071,4,11
LBX074LA,0.31488,1072,3,11
LBX099LA,0.10896,1072,3,11
LBX138LA,0.16464,1072,3,11
LBX153LA,0.34944,1072,3,11
LBX170LA,0.15536,1072,3,11
LBX180LA,0.16128,1072,3,11
LBX187LA,0.17056,1072,3,11
LBX194LA,0.20928,1072,3,11
LBXPCBLA,0.22416,1072,3,11
LBXHXCLA,0.15344,1072,3,11
LBX118LA,0.36,1072,3,11
LBXD03LA,0.22832,1072,3,11
LBXD05LA,0.6952,1072,3,11
LBXD07LA,0.92736,1072,3,11
LBXF03LA,0.03536,1072,3,11
LBXF04LA,0.21424,1072,3,11
LBXF05LA,0.05712,1072,3,11
LBXF08LA,0.0328,1072,3,11
LBX074LA,0.13728,1073,1,11
LBX099LA,0.08736,1073,1,11
LBX138LA,0.17232,1073,1,11
LBX153LA,0.14976,1073,1,11
LBX170LA,0.28048,1073,1,11
LBX180LA,0.18176,1073,1,11
LBX187LA,0.17936,1073,1,11
LBX194LA,0.35776,1073,1,11
LBXPCBLA,0.11776,1073,1,11
LBXHXCLA,0.13904,1073,1,11
LBX118LA,0.10224,1073,1,11
LBXD03LA,0.09008,1073,1,11
LBXD05LA,0.96176,1073,1,11
LBXD07LA,0.19984,1073,1,11
LBXF03LA,0.15776,1073,1,11
LBXF04LA,0.12272,1073,1,11
LBXF05LA,0.09872,1073,1,11
LBXF08LA,0.24432,1073,1,11
LBX074LA,0.52992,1074,1,11
LBX099LA,0.30816,1074,1,11
LBX138LA,0.34352,1074,1,11
LBX153LA,0.25424,1074,1,11
LBX170LA,0.17904,1074,1,11
LBX180LA,0.18112,1074,1,11
LBX187LA,0.15872,1074,1,11
LBX194LA,0.96768,1074,1,11
LBXPCBLA,0.19088,1074,1,11
LBXHXCLA,0.15392,1074,1,11
LBX118LA,0.53136,1074,1,11
LBXD03LA,0.13088,1074,1,11
LBXD05LA,0.26016,1074,1,11
LBXD07LA,0.1984,1074,1,11
LBXF03LA,0.1376,1074,1,11
LBXF04LA,0.12704,1074,1,11
LBXF05LA,0.1968,1074,1,11
LBXF08LA,0.53296,1074,1,11
LBX074LA,0.34672,1075,1,11
LBX099LA,0.2,1075,1,11
LBX138LA,0.2736,1075,1,11
LBX153LA,0.32064,1075,1,11
LBX170LA,0.20512,1075,1,11
LBX180LA,0.22144,1075,1,11
LBX187LA,0.16512,1075,1,11
LBX194LA,0.93152,1075,1,11
LBXPCBLA,0.07632,1075,1,11
LBXHXCLA,0.09056,1075,1,11
LBX118LA,0.13984,1075,1,11
LBXD03LA,0.11024,1075,1,11
LBXD05LA,0.59808,1075,1,11
LBXD07LA,0.41952,1075,1,11
LBXF03LA,0.07392,1075,1,11
LBXF04LA,0.108,1075,1,11
LBXF05LA,0.08256,1075,1,11
LBXF08LA,0.07024,1075,1,11
LBX074LA,0.11776,1076,1,11
LBX099LA,0.0976,1076,1,11
LBX138LA,0.10784,1076,1,11
LBX153LA,0.13424,1076,1,11
LBX170LA,0.08432,1076,1,11
LBX180LA,0.08848,1076,1,11
LBX187LA,0.08272,1076,1,11
LBX194LA,0.10208,1076,1,11
LBXPCBLA,0.07856,1076,1,11
LBXHXCLA,0.1088,1076,1,11
LBX118LA,0.11056,1076,1,11
LBXD03LA,0.24384,1076,1,11
LBXD05LA,0.29904,1076,1,11
LBXD07LA,0.79216,1076,1,11
LBXF03LA,0.14336,1076,1,11
LBXF04LA,0.29136,1076,1,11
LBXF05LA,0.1032,1076,1,11
LBXF08LA,0.10752,1076,1,11
LBX074LA,0.37376,1077,1,11
LBX099LA,0.1488,1077,1,11
LBX138LA,0.15648,1077,1,11
LBX153LA,0.16608,1077,1,11
LBX170LA,0.18608,1077,1,11
LBX180LA,0.16016,1077,1,11
LBX187LA,0.16656,1077,1,11
LBX194LA,0.95344,1077,1,11
LBXPCBLA,0.14016,1077,1,11
LBXHXCLA,0.19488,1077,1,11
LBX118LA,0.1144,1077,1,11
LBXD03LA,0.09744,1077,1,11
LBXD05LA,0.8216,1077,1,11
LBXD07LA,0.0952,1077,1,11
LBXF03LA,0.08544,1077,1,11
LBXF04LA,0.10976,1077,1,11
LBXF05LA,0.06256,1077,1,11
LBXF08LA,0.07296,1077,1,11
LBX074LA,0.81856,1078,2,11
LBX099LA,0.33424,1078,2,11
LBX138LA,0.2976,1078,2,11
LBX153LA,0.41616,1078,2,11
LBX170LA,0.24656,1078,2,11
LBX180LA,0.14272,1078,2,11
LBX187LA,0.34576,1078,2,11
LBX194LA,0.2616,1078,2,11
LBXPCBLA,0.148,1078,2,11
LBXHXCLA,0.1176,1078,2,11
LBX118LA,0.32656,1078,2,11
LBXD03LA,0.19712,1078,2,11
LBXD05LA,0.0952,1078,2,11
LBXD07LA,0.15392,1078,2,11
LBXF03LA,0.14048,1078,2,11
LBXF04LA,0.77744,1078,2,11
LBXF05LA,0.1504,1078,2,11
LBXF08LA,0.06688,1078,2,11
LBX074LA,0.19424,1079,1,11
LBX099LA,0.45872,1079,1,11
LBX138LA,0.23776,1079,1,11
LBX153LA,0.3,1079,1,11
LBX170LA,0.29024,1079,1,11
LBX180LA,0.27296,1079,1,11
LBX187LA,0.72528,1079,1,11
LBX194LA,0.3776,1079,1,11
LBXPCBLA,0.14768,1079,1,11
LBXHXCLA,0.35536,1079,1,11
LBX118LA,0.39312,1079,1,11
LBXD03LA,0.30064,1079,1,11
LBXD05LA,0.54896,1079,1,11
LBXD07LA,0.13072,1079,1,11
LBXF03LA,0.23552,1079,1,11
LBXF04LA,0.34127999999999997,1079,1,11
LBXF05LA,0.49632,1079,1,11
LBXF08LA,0.07728,1079,1,11
LBX074LA,0.11984,1080,2,11
LBX099LA,0.08016,1080,2,11
LBX138LA,0.16832,1080,2,11
LBX153LA,0.13872,1080,2,11
LBX170LA,0.80912,1080,2,11
LBX180LA,0.2048,1080,2,11
LBX187LA,0.11936,1080,2,11
LBX194LA,0.14656,1080,2,11
LBXPCBLA,0.03792,1080,2,11
LBXHXCLA,0.0688,1080,2,11
LBX118LA,0.09424,1080,2,11
LBXD03LA,0.09008,1080,2,11
LBXD05LA,0.07232,1080,2,11
LBXD07LA,0.05648,1080,2,11
LBXF03LA,0.08352,1080,2,11
LBXF04LA,0.2104,1080,2,11
LBXF05LA,0.0528,1080,2,11
LBXF08LA,0.03184,1080,2,11
LBX074LA,0.11536,1081,4,11
LBX099LA,0.2008,1081,4,11
LBX138LA,0.06208,1081,4,11
LBX153LA,0.07696,1081,4,11
LBX170LA,0.0576,1081,4,11
LBX180LA,0.10544,1081,4,11
LBX187LA,0.15008,1081,4,11
LBX194LA,0.89648,1081,4,11
LBXPCBLA,0.08448,1081,4,11
LBXHXCLA,0.10976,1081,4,11
LBX118LA,0.08768,1081,4,11
LBXD03LA,0.5536,1081,4,11
LBXD05LA,0.27264,1081,4,11
LBXD07LA,0.0664,1081,4,11
LBXF03LA,0.04944,1081,4,11
LBXF04LA,0.65472,1081,4,11
LBXF05LA,0.50928,1081,4,11
LBXF08LA,0.21824,1081,4,11
LBX074LA,0.12176,1082,1,11
LBX099LA,0.18192,1082,1,11
LBX138LA,0.3232,1082,1,11
LBX153LA,0.28016,1082,1,11
LBX170LA,0.16656,1082,1,11
LBX180LA,0.18304,1082,1,11
LBX187LA,0.14784,1082,1,11
LBX194LA,0.35904,1082,1,11
LBXPCBLA,0.05888,1082,1,11
LBXHXCLA,0.084,1082,1,11
LBX118LA,0.95632,1082,1,11
LBXD03LA,0.63712,1082,1,11
LBXD05LA,0.088,1082,1,11
LBXD07LA,0.0904,1082,1,11
LBXF03LA,0.16784,1082,1,11
LBXF04LA,0.09712,1082,1,11
LBXF05LA,0.15312,1082,1,11
LBXF08LA,0.07216,1082,1,11
LBX074LA,0.12992,1083,1,11
LBX099LA,0.09232,1083,1,11
LBX138LA,0.16608,1083,1,11
LBX153LA,0.11312,1083,1,11
LBX170LA,0.2528,1083,1,11
LBX180LA,0.15136,1083,1,11
LBX187LA,0.4984,1083,1,11
LBX194LA,0.1576,1083,1,11
LBXPCBLA,0.73088,1083,1,11
LBXHXCLA,0.08416,1083,1,11
LBX118LA,0.08976,1083,1,11
LBXD03LA,0.14016,1083,1,11
LBXD05LA,0.54304,1083,1,11
LBXD07LA,0.14064,1083,1,11
LBXF03LA,0.05088,1083,1,11
LBXF04LA,0.08048,1083,1,11
LBXF05LA,0.0632,1083,1,11
LBXF08LA,0.06464,1083,1,11
LBX074LA,0.16624,1084,3,11
LBX099LA,0.42672,1084,3,11
LBX138LA,0.1072,1084,3,11
LBX153LA,0.12624,1084,3,11
LBX170LA,0.27104,1084,3,11
LBX180LA,0.31024,1084,3,11
LBX187LA,0.21792,1084,3,11
LBX194LA,0.9744,1084,3,11
LBXPCBLA,0.16576,1084,3,11
LBXHXCLA,0.15008,1084,3,11
LBX118LA,0.76048,1084,3,11
LBXD03LA,0.09184,1084,3,11
LBXD05LA,0.17008,1084,3,11
LBXD07LA,0.0616,1084,3,11
LBXF03LA,0.21936,1084,3,11
LBXF04LA,0.95344,1084,3,11
LBXF05LA,0.35728,1084,3,11
LBXF08LA,0.17328,1084,3,11
LBX074LA,0.26224,1085,2,11
LBX099LA,0.18736,1085,2,11
LBX138LA,0.1776,1085,2,11
LBX153LA,0.26928,1085,2,11
LBX170LA,0.66208,1085,2,11
LBX180LA,0.23152,1085,2,11
LBX187LA,0.17904,1085,2,11
LBX194LA,0.31488,1085,2,11
LBXPCBLA,0.31216,1085,2,11
LBXHXCLA,0.10592,1085,2,11
LBX118LA,0.39136,1085,2,11
LBXD03LA,0.39792,1085,2,11
LBXD05LA,0.58624,1085,2,11
LBXD07LA,0.1528,1085,2,11
LBXF03LA,0.18576,1085,2,11
LBXF04LA,0.43904,1085,2,11
LBXF05LA,0.51024,1085,2,11
LBXF08LA,0.10144,1085,2,11
LBX074LA,0.27168,1086,1,11
LBX099LA,0.12208,1086,1,11
LBX138LA,0.2344,1086,1,11
LBX153LA,0.43728,1086,1,11
LBX170LA,0.20448,1086,1,11
LBX180LA,0.26,1086,1,11
LBX187LA,0.41008,1086,1,11
LBX194LA,0.21312,1086,1,11
LBXPCBLA,0.42528,1086,1,11
LBXHXCLA,0.1416,1086,1,11
LBX118LA,0.19824,1086,1,11
LBXD03LA,0.38576,1086,1,11
LBXD05LA,0.76496,1086,1,11
LBXD07LA,0.15408,1086,1,11
LBXF03LA,0.32832,1086,1,11
LBXF04LA,0.11664,1086,1,11
LBXF05LA,0.10944,1086,1,11
LBXF08LA,0.0968,1086,1,11
LBX074LA,0.39312,1087,1,11
LBX099LA,0.15696,1087,1,11
LBX138LA,0.09632,1087,1,11
LBX153LA,0.1352,1087,1,11
LBX170LA,0.32352,1087,1,11
LBX180LA,0.15248,1087,1,11
LBX187LA,0.1424,1087,1,11
LBX194LA,0.14192,1087,1,11
LBXPCBLA,0.07792,1087,1,11
LBXHXCLA,0.1488,1087,1,11
LBX118LA,0.21312,1087,1,11
LBXD03LA,0.06896,1087,1,11
LBXD05LA,0.11552,1087,1,11
LBXD07LA,0.09568,1087,1,11
LBXF03LA,0.1048,1087,1,11
LBXF04LA,0.07008,1087,1,11
LBXF05LA,0.07888,1087,1,11
LBXF08LA,0.04656,1087,1,11
LBX074LA,0.12368,1088,1,11
LBX099LA,0.43152,1088,1,11
LBX138LA,0.13584,1088,1,11
LBX153LA,0.1536,1088,1,11
LBX170LA,0.48784,1088,1,11
LBX180LA,0.30784,1088,1,11
LBX187LA,0.14592,1088,1,11
LBX194LA,0.228,1088,1,11
LBXPCBLA,0.21488,1088,1,11
LBXHXCLA,0.10432,1088,1,11
LBX118LA,0.2528,1088,1,11
LBXD03LA,0.092,1088,1,11
LBXD05LA,0.73376,1088,1,11
LBXD07LA,0.11776,1088,1,11
LBXF03LA,0.05936,1088,1,11
LBXF04LA,0.10064,1088,1,11
LBXF05LA,0.11728,1088,1,11
LBXF08LA,0.56336,1088,1,11
LBX074LA,0.98576,1089,3,11
LBX099LA,0.07888,1089,3,11
LBX138LA,0.16992,1089,3,11
LBX153LA,0.17632,1089,3,11
LBX170LA,0.75472,1089,3,11
LBX180LA,0.15024,1089,3,11
LBX187LA,0.05936,1089,3,11
LBX194LA,0.06576,1089,3,11
LBXPCBLA,0.20912,1089,3,11
LBXHXCLA,0.2328,1089,3,11
LBX118LA,0.12912,1089,3,11
LBXD03LA,0.0784,1089,3,11
LBXD05LA,0.27328,1089,3,11
LBXD07LA,0.24704,1089,3,11
LBXF03LA,0.28496,1089,3,11
LBXF04LA,0.15776,1089,3,11
LBXF05LA,0.07744,1089,3,11
LBXF08LA,0.05136,1089,3,11
LBX074LA,0.236,1090,4,11
LBX099LA,0.33104,1090,4,11
LBX138LA,0.2768,1090,4,11
LBX153LA,0.71408,1090,4,11
LBX170LA,0.32704,1090,4,11
LBX180LA,0.25488,1090,4,11
LBX187LA,0.28672,1090,4,11
LBX194LA,0.19104,1090,4,11
LBXPCBLA,0.18944,1090,4,11
LBXHXCLA,0.16352,1090,4,11
LBX118LA,0.12352,1090,4,11
LBXD03LA,0.06608,1090,4,11
LBXD05LA,0.0744,1090,4,11
LBXD07LA,0.94672,1090,4,11
LBXF03LA,0.06784,1090,4,11
LBXF04LA,0.12848,1090,4,11
LBXF05LA,0.08144,1090,4,11
LBXF08LA,0.2296,1090,4,11
LBX074LA,0.18624,1091,1,11
LBX099LA,0.15984,1091,1,11
LBX138LA,0.144,1091,1,11
LBX153LA,0.14304,1091,1,11
LBX170LA,0.17248,1091,1,11
LBX180LA,0.2496,1091,1,11
LBX187LA,0.352,1091,1,11
LBX194LA,0.84704,1091,1,11
LBXPCBLA,0.1096,1091,1,11
LBXHXCLA,0.0736,1091,1,11
LBX118LA,0.1432,1091,1,11
LBXD03LA,0.10384,1091,1,11
LBXD05LA,0.96,1091,1,11
LBXD07LA,0.19856,1091,1,11
LBXF03LA,0.07712,1091,1,11
LBXF04LA,0.1008,1091,1,11
LBXF05LA,0.08976,1091,1,11
LBXF08LA,0.09248,1091,1,11
LBX074LA,0.56528,1092,1,11
LBX099LA,0.22736,1092,1,11
LBX138LA,0.13888,1092,1,11
LBX153LA,0.1328,1092,1,11
LBX170LA,0.1328,1092,1,11
LBX180LA,0.13632,1092,1,11
LBX187LA,0.16624,1092,1,11
LBX194LA,0.17568,1092,1,11
LBXPCBLA,0.07648,1092,1,11
LBXHXCLA,0.10016,1092,1,11
LBX118LA,0.1448,1092,1,11
LBXD03LA,0.31264,1092,1,11
LBXD05LA,0.11664,1092,1,11
LBXD07LA,0.11632,1092,1,11
LBXF03LA,0.0784,1092,1,11
LBXF04LA,0.22912,1092,1,11
LBXF05LA,0.45744,1092,1,11
LBXF08LA,0.10112,1092,1,11
LBX074LA,0.7904,1093,2,11
LBX099LA,0.18352,1093,2,11
LBX138LA,0.21584,1093,2,11
LBX153LA,0.36544,1093,2,11
LBX170LA,0.32208,1093,2,11
LBX180LA,0.91488,1093,2,11
LBX187LA,0.18432,1093,2,11
LBX194LA,0.43712,1093,2,11
LBXPCBLA,0.27936,1093,2,11
LBXHXCLA,0.9112,1093,2,11
LBX118LA,0.54592,1093,2,11
LBXD03LA,0.52288,1093,2,11
LBXD05LA,0.87312,1093,2,11
LBXD07LA,0.2928,1093,2,11
LBXF03LA,0.15104,1093,2,11
LBXF04LA,0.62,1093,2,11
LBXF05LA,0.19888,1093,2,11
LBXF08LA,0.1464,1093,2,11
LBX074LA,0.1568,1094,3,11
LBX099LA,0.86848,1094,3,11
LBX138LA,0.2344,1094,3,11
LBX153LA,0.31856,1094,3,11
LBX170LA,0.19088,1094,3,11
LBX180LA,0.1936,1094,3,11
LBX187LA,0.20752,1094,3,11
LBX194LA,0.27584,1094,3,11
LBXPCBLA,0.3232,1094,3,11
LBXHXCLA,0.11088,1094,3,11
LBX118LA,0.3384,1094,3,11
LBXD03LA,0.30352,1094,3,11
LBXD05LA,0.30192,1094,3,11
LBXD07LA,0.12,1094,3,11
LBXF03LA,0.05984,1094,3,11
LBXF04LA,0.90112,1094,3,11
LBXF05LA,0.65936,1094,3,11
LBXF08LA,0.51216,1094,3,11
LBX074LA,0.93584,1095,4,11
LBX099LA,0.05808,1095,4,11
LBX138LA,0.23952,1095,4,11
LBX153LA,0.09024,1095,4,11
LBX170LA,0.32096,1095,4,11
LBX180LA,0.0856,1095,4,11
LBX187LA,0.20784,1095,4,11
LBX194LA,0.1792,1095,4,11
LBXPCBLA,0.94672,1095,4,11
LBXHXCLA,0.04256,1095,4,11
LBX118LA,0.13808,1095,4,11
LBXD03LA,0.23984,1095,4,11
LBXD05LA,0.2728,1095,4,11
LBXD07LA,0.20752,1095,4,11
LBXF03LA,0.1072,1095,4,11
LBXF04LA,0.11936,1095,4,11
LBXF05LA,0.02864,1095,4,11
LBXF08LA,0.02064,1095,4,11
LBX074LA,0.2056,1096,2,11
LBX099LA,0.77568,1096,2,11
LBX138LA,0.15392,1096,2,11
LBX153LA,0.40672,1096,2,11
LBX170LA,0.62576,1096,2,11
LBX180LA,0.3128,1096,2,11
LBX187LA,0.20896,1096,2,11
LBX194LA,0.084,1096,2,11
LBXPCBLA,0.14256,1096,2,11
LBXHXCLA,0.72448,1096,2,11
LBX118LA,0.1272,1096,2,11
LBXD03LA,0.1088,1096,2,11
LBXD05LA,0.02864,1096,2,11
LBXD07LA,0.04992,1096,2,11
LBXF03LA,0.7304,1096,2,11
LBXF04LA,0.09136,1096,2,11
LBXF05LA,0.07712,1096,2,11
LBXF08LA,0.02816,1096,2,11
LBX074LA,0.09376,1097,4,11
LBX099LA,0.05264,1097,4,11
LBX138LA,0.04016,1097,4,11
LBX153LA,0.05472,1097,4,11
LBX170LA,0.13808,1097,4,11
LBX180LA,0.21824,1097,4,11
LBX187LA,0.16464,1097,4,11
LBX194LA,0.85488,1097,4,11
LBXPCBLA,0.07296,1097,4,11
LBXHXCLA,0.048,1097,4,11
LBX118LA,0.0752,1097,4,11
LBXD03LA,0.19984,1097,4,11
LBXD05LA,0.23568,1097,4,11
LBXD07LA,0.084,1097,4,11
LBXF03LA,0.06512,1097,4,11
LBXF04LA,0.91776,1097,4,11
LBXF05LA,0.06288,1097,4,11
LBXF08LA,0.64624,1097,4,11
LBX074LA,0.25696,1098,4,11
LBX099LA,0.13328,1098,4,11
LBX138LA,0.40144,1098,4,11
LBX153LA,0.65296,1098,4,11
LBX170LA,0.31824,1098,4,11
LBX180LA,0.33792,1098,4,11
LBX187LA,0.15856,1098,4,11
LBX194LA,0.5568,1098,4,11
LBXPCBLA,0.29856,1098,4,11
LBXHXCLA,0.1,1098,4,11
LBX118LA,0.09712,1098,4,11
LBXD03LA,0.3,1098,4,11
LBXD05LA,0.23392,1098,4,11
LBXD07LA,0.15504,1098,4,11
LBXF03LA,0.10912,1098,4,11
LBXF04LA,0.52912,1098,4,11
LBXF05LA,0.11424,1098,4,11
LBXF08LA,0.69984,1098,4,11
LBX074LA,0.14352,1099,3,11
LBX099LA,0.2192,1099,3,11
LBX138LA,0.24848,1099,3,11
LBX153LA,0.3968,1099,3,11
LBX170LA,0.34496,1099,3,11
LBX180LA,0.424,1099,3,11
LBX187LA,0.12832,1099,3,11
LBX194LA,0.72544,1099,3,11
LBXPCBLA,0.1264,1099,3,11
LBXHXCLA,0.08336,1099,3,11
LBX118LA,0.12096,1099,3,11
LBXD03LA,0.2416,1099,3,11
LBXD05LA,0.64896,1099,3,11
LBXD07LA,0.1112,1099,3,11
LBXF03LA,0.17808,1099,3,11
LBXF04LA,0.81696,1099,3,11
LBXF05LA,0.05936,1099,3,11
LBXF08LA,0.1848,1099,3,11
LBX074LA,0.13264,1100,1,11
LBX099LA,0.08304,1100,1,11
LBX138LA,0.0864,1100,1,11
LBX153LA,0.10528,1100,1,11
LBX170LA,0.112,1100,1,11
LBX180LA,0.08608,1100,1,11
LBX187LA,0.07712,1100,1,11
LBX194LA,0.09888,1100,1,11
LBXPCBLA,0.32544,1100,1,11
LBXHXCLA,0.2016,1100,1,11
LBX118LA,0.07648,1100,1,11
LBXD03LA,0.70944,1100,1,11
LBXD05LA,0.09184,1100,1,11
LBXD07LA,0.14576,1100,1,11
LBXF03LA,0.104,1100,1,11
LBXF04LA,0.09008,1100,1,11
LBXF05LA,0.14144,1100,1,11
LBXF08LA,0.0456,1100,1,11
LBX074LA,0.15856,1101,2,12
LBX099LA,0.09952,1101,2,12
LBX138LA,0.15536,1101,2,12
LBX153LA,0.1568,1101,2,12
LBX170LA,0.2576,1101,2,12
LBX180LA,0.36688,1101,2,12
LBX187LA,0.28032,1101,2,12
LBX194LA,0.60896,1101,2,12
LBXPCBLA,0.28272,1101,2,12
LBXHXCLA,0.14,1101,2,12
LBX118LA,0.20448,1101,2,12
LBXD03LA,0.3984,1101,2,12
LBXD05LA,0.14944,1101,2,12
LBXD07LA,0.06624,1101,2,12
LBXF03LA,0.08,1101,2,12
LBXF04LA,0.36976,1101,2,12
LBXF05LA,0.13984,1101,2,12
LBXF08LA,0.08448,1101,2,12
LBX074LA,0.74512,1102,2,12
LBX099LA,0.17776,1102,2,12
LBX138LA,0.19808,1102,2,12
LBX153LA,0.23744,1102,2,12
LBX170LA,0.46576,1102,2,12
LBX180LA,0.28352,1102,2,12
LBX187LA,0.39472,1102,2,12
LBX194LA,0.28688,1102,2,12
LBXPCBLA,0.14528,1102,2,12
LBXHXCLA,0.52112,1102,2,12
LBX118LA,0.25312,1102,2,12
LBXD03LA,0.17984,1102,2,12
LBXD05LA,0.40352,1102,2,12
LBXD07LA,0.18736,1102,2,12
LBXF03LA,0.1136,1102,2,12
LBXF04LA,0.53392,1102,2,12
LBXF05LA,0.6384,1102,2,12
LBXF08LA,0.11056,1102,2,12
LBX074LA,0.41152,1103,2,12
LBX099LA,0.34656,1103,2,12
LBX138LA,0.1552,1103,2,12
LBX153LA,0.21648,1103,2,12
LBX170LA,0.1808,1103,2,12
LBX180LA,0.23152,1103,2,12
LBX187LA,0.17904,1103,2,12
LBX194LA,0.64064,1103,2,12
LBXPCBLA,0.38,1103,2,12
LBXHXCLA,0.09088,1103,2,12
LBX118LA,0.33808,1103,2,12
LBXD03LA,0.17712,1103,2,12
LBXD05LA,0.1752,1103,2,12
LBXD07LA,0.15952,1103,2,12
LBXF03LA,0.06672,1103,2,12
LBXF04LA,0.21856,1103,2,12
LBXF05LA,0.61552,1103,2,12
LBXF08LA,0.94816,1103,2,12
LBX074LA,0.50192,1104,2,12
LBX099LA,0.1352,1104,2,12
LBX138LA,0.09168,1104,2,12
LBX153LA,0.09584,1104,2,12
LBX170LA,0.20608,1104,2,12
LBX180LA,0.10912,1104,2,12
LBX187LA,0.11152,1104,2,12
LBX194LA,0.08816,1104,2,12
LBXPCBLA,0.1248,1104,2,12
LBXHXCLA,0.1896,1104,2,12
LBX118LA,0.09888,1104,2,12
LBXD03LA,0.08432,1104,2,12
LBXD05LA,0.06224,1104,2,12
LBXD07LA,0.07184,1104,2,12
LBXF03LA,0.31584,1104,2,12
LBXF04LA,0.60352,1104,2,12
LBXF05LA,0.33056,1104,2,12
LBXF08LA,0.0336,1104,2,12
LBX074LA,0.40464,1105,2,12
LBX099LA,0.23184,1105,2,12
LBX138LA,0.1984,1105,2,12
LBX153LA,0.28032,1105,2,12
LBX170LA,0.20048,1105,2,12
LBX180LA,0.30176,1105,2,12
LBX187LA,0.20992,1105,2,12
LBX194LA,0.16512,1105,2,12
LBXPCBLA,0.09152,1105,2,12
LBXHXCLA,0.23168,1105,2,12
LBX118LA,0.35984,1105,2,12
LBXD03LA,0.32864,1105,2,12
LBXD05LA,0.37216,1105,2,12
LBXD07LA,0.11712,1105,2,12
LBXF03LA,0.12048,1105,2,12
LBXF04LA,0.40864,1105,2,12
LBXF05LA,0.10928,1105,2,12
LBXF08LA,0.3144,1105,2,12
LBX074LA,0.45456,1106,2,12
LBX099LA,0.13552,1106,2,12
LBX138LA,0.25104,1106,2,12
LBX153LA,0.38784,1106,2,12
LBX170LA,0.17408,1106,2,12
LBX180LA,0.30592,1106,2,12
LBX187LA,0.43616,1106,2,12
LBX194LA,0.17104,1106,2,12
LBXPCBLA,0.08288,1106,2,12
LBXHXCLA,0.10064,1106,2,12
LBX118LA,0.32112,1106,2,12
LBXD03LA,0.40016,1106,2,12
LBXD05LA,0.34512,1106,2,12
LBXD07LA,0.25232,1106,2,12
LBXF03LA,0.22912,1106,2,12
LBXF04LA,0.48368,1106,2,12
LBXF05LA,0.16496,1106,2,12
LBXF08LA,0.12576,1106,2,12
LBX074LA,0.63504,1107,2,12
LBX099LA,0.10256,1107,2,12
LBX138LA,0.1088,1107,2,12
LBX153LA,0.13456,1107,2,12
LBX170LA,0.27888,1107,2,12
LBX180LA,0.64736,1107,2,12
LBX187LA,0.13872,1107,2,12
LBX194LA,0.1432,1107,2,12
LBXPCBLA,0.04384,1107,2,12
LBXHXCLA,0.1048,1107,2,12
LBX118LA,0.12064,1107,2,12
LBXD03LA,0.05904,1107,2,12
LBXD05LA,0.6904,1107,2,12
LBXD07LA,0.2488,1107,2,12
LBXF03LA,0.15104,1107,2,12
LBXF04LA,0.0512,1107,2,12
LBXF05LA,0.0928,1107,2,12
LBXF08LA,0.05904,1107,2,12
LBX074LA,0.7096,1108,3,12
LBX099LA,0.17792,1108,3,12
LBX138LA,0.20688,1108,3,12
LBX153LA,0.21792,1108,3,12
LBX170LA,0.14528,1108,3,12
LBX180LA,0.18624,1108,3,12
LBX187LA,0.55984,1108,3,12
LBX194LA,0.33872,1108,3,12
LBXPCBLA,0.0672,1108,3,12
LBXHXCLA,0.0936,1108,3,12
LBX118LA,0.1008,1108,3,12
LBXD03LA,0.28176,1108,3,12
LBXD05LA,0.33168,1108,3,12
LBXD07LA,0.5256,1108,3,12
LBXF03LA,0.07472,1108,3,12
LBXF04LA,0.6752,1108,3,12
LBXF05LA,0.176,1108,3,12
LBXF08LA,0.05376,1108,3,12
LBX074LA,0.07536,1109,2,12
LBX099LA,0.14832,1109,2,12
LBX138LA,0.12432,1109,2,12
LBX153LA,0.16448,1109,2,12
LBX170LA,0.18432,1109,2,12
LBX180LA,0.13808,1109,2,12
LBX187LA,0.15312,1109,2,12
LBX194LA,0.14656,1109,2,12
LBXPCBLA,0.29456,1109,2,12
LBXHXCLA,0.20272,1109,2,12
LBX118LA,0.06528,1109,2,12
LBXD03LA,0.40192,1109,2,12
LBXD05LA,0.67936,1109,2,12
LBXD07LA,0.15584,1109,2,12
LBXF03LA,0.30096,1109,2,12
LBXF04LA,0.15664,1109,2,12
LBXF05LA,0.07088,1109,2,12
LBXF08LA,0.0496,1109,2,12
LBX074LA,0.22464,1110,3,12
LBX099LA,0.13072,1110,3,12
LBX138LA,0.26896,1110,3,12
LBX153LA,0.14816,1110,3,12
LBX170LA,0.25232,1110,3,12
LBX180LA,0.23072,1110,3,12
LBX187LA,0.3128,1110,3,12
LBX194LA,0.80864,1110,3,12
LBXPCBLA,0.05216,1110,3,12
LBXHXCLA,0.152,1110,3,12
LBX118LA,0.10208,1110,3,12
LBXD03LA,0.60688,1110,3,12
LBXD05LA,0.51936,1110,3,12
LBXD07LA,0.45104,1110,3,12
LBXF03LA,0.18528,1110,3,12
LBXF04LA,0.23632,1110,3,12
LBXF05LA,0.09104,1110,3,12
LBXF08LA,0.14112,1110,3,12
LBX074LA,0.54384,1111,3,12
LBX099LA,0.09328,1111,3,12
LBX138LA,0.29248,1111,3,12
LBX153LA,0.34368,1111,3,12
LBX170LA,0.87776,1111,3,12
LBX180LA,0.22752,1111,3,12
LBX187LA,0.56096,1111,3,12
LBX194LA,0.70528,1111,3,12
LBXPCBLA,0.36832,1111,3,12
LBXHXCLA,0.11088,1111,3,12
LBX118LA,0.27936,1111,3,12
LBXD03LA,0.25952,1111,3,12
LBXD05LA,0.04832,1111,3,12
LBXD07LA,0.07312,1111,3,12
LBXF03LA,0.16016,1111,3,12
LBXF04LA,0.52112,1111,3,12
LBXF05LA,0.09728,1111,3,12
LBXF08LA,0.18928,1111,3,12
LBX074LA,0.24608,1112,2,12
LBX099LA,0.22128,1112,2,12
LBX138LA,0.14448,1112,2,12
LBX153LA,0.21776,1112,2,12
LBX170LA,0.3872,1112,2,12
LBX180LA,0.2104,1112,2,12
LBX187LA,0.14688,1112,2,12
LBX194LA,0.67712,1112,2,12
LBXPCBLA,0.09536,1112,2,12
LBXHXCLA,0.15168,1112,2,12
LBX118LA,0.11584,1112,2,12
LBXD03LA,0.14656,1112,2,12
LBXD05LA,0.28768,1112,2,12
LBXD07LA,0.08576,1112,2,12
LBXF03LA,0.11088,1112,2,12
LBXF04LA,0.9368,1112,2,12
LBXF05LA,0.25936,1112,2,12
LBXF08LA,0.07264,1112,2,12
LBX074LA,0.28704,1113,1,12
LBX099LA,0.1416,1113,1,12
LBX138LA,0.22752,1113,1,12
LBX153LA,0.21936,1113,1,12
LBX170LA,0.28928,1113,1,12
LBX180LA,0.14608,1113,1,12
LBX187LA,0.2776,1113,1,12
LBX194LA,0.1048,1113,1,12
LBXPCBLA,0.0968,1113,1,12
LBXHXCLA,0.10688,1113,1,12
LBX118LA,0.57328,1113,1,12
LBXD03LA,0.28384,1113,1,12
LBXD05LA,0.58512,1113,1,12
LBXD07LA,0.43216,1113,1,12
LBXF03LA,0.07904,1113,1,12
LBXF04LA,0.22,1113,1,12
LBXF05LA,0.19296,1113,1,12
LBXF08LA,0.07264,1113,1,12
LBX074LA,0.1608,1114,2,12
LBX099LA,0.26784,1114,2,12
LBX138LA,0.19008,1114,2,12
LBX153LA,0.15728,1114,2,12
LBX170LA,0.13936,1114,2,12
LBX180LA,0.15744,1114,2,12
LBX187LA,0.21328,1114,2,12
LBX194LA,0.8376,1114,2,12
LBXPCBLA,0.05184,1114,2,12
LBXHXCLA,0.1832,1114,2,12
LBX118LA,0.12544,1114,2,12
LBXD03LA,0.07152,1114,2,12
LBXD05LA,0.09376,1114,2,12
LBXD07LA,0.37072,1114,2,12
LBXF03LA,0.24496,1114,2,12
LBXF04LA,0.18656,1114,2,12
LBXF05LA,0.10464,1114,2,12
LBXF08LA,0.0632,1114,2,12
LBX074LA,0.09056,1115,2,12
LBX099LA,0.11584,1115,2,12
LBX138LA,0.09344,1115,2,12
LBX153LA,0.11376,1115,2,12
LBX170LA,0.1328,1115,2,12
LBX180LA,0.38848,1115,2,12
LBX187LA,0.46176,1115,2,12
LBX194LA,0.30464,1115,2,12
LBXPCBLA,0.07248,1115,2,12
LBXHXCLA,0.16288,1115,2,12
LBX118LA,0.06272,1115,2,12
LBXD03LA,0.17648,1115,2,12
LBXD05LA,0.85056,1115,2,12
LBXD07LA,0.08752,1115,2,12
LBXF03LA,0.09456,1115,2,12
LBXF04LA,0.73248,1115,2,12
LBXF05LA,0.37824,1115,2,12
LBXF08LA,0.05584,1115,2,12
LBX074LA,0.37152,1116,1,12
LBX099LA,0.1128,1116,1,12
LBX138LA,0.2664,1116,1,12
LBX153LA,0.1672,1116,1,12
LBX170LA,0.28144,1116,1,12
LBX180LA,0.15296,1116,1,12
LBX187LA,0.12736,1116,1,12
LBX194LA,0.30048,1116,1,12
LBXPCBLA,0.0824,1116,1,12
LBXHXCLA,0.11408,1116,1,12
LBX118LA,0.11008,1116,1,12
LBXD03LA,0.13104,1116,1,12
LBXD05LA,0.09488,1116,1,12
LBXD07LA,0.12864,1116,1,12
LBXF03LA,0.61408,1116,1,12
LBXF04LA,0.12288,1116,1,12
LBXF05LA,0.96784,1116,1,12
LBXF08LA,0.71248,1116,1,12
LBX074LA,0.65776,1117,1,12
LBX099LA,0.09776,1117,1,12
LBX138LA,0.15472,1117,1,12
LBX153LA,0.25552,1117,1,12
LBX170LA,0.14416,1117,1,12
LBX180LA,0.33936,1117,1,12
LBX187LA,0.11856,1117,1,12
LBX194LA,0.09488,1117,1,12
LBXPCBLA,0.0848,1117,1,12
LBXHXCLA,0.19968,1117,1,12
LBX118LA,0.17056,1117,1,12
LBXD03LA,0.11328,1117,1,12
LBXD05LA,0.1472,1117,1,12
LBXD07LA,0.09232,1117,1,12
LBXF03LA,0.09504,1117,1,12
LBXF04LA,0.09008,1117,1,12
LBXF05LA,0.42912,1117,1,12
LBXF08LA,0.08624,1117,1,12
LBX074LA,0.65264,1118,2,12
LBX099LA,0.15696,1118,2,12
LBX138LA,0.28768,1118,2,12
LBX153LA,0.2304,1118,2,12
LBX170LA,0.20672,1118,2,12
LBX180LA,0.27616,1118,2,12
LBX187LA,0.332,1118,2,12
LBX194LA,0.24064,1118,2,12
LBXPCBLA,0.07184,1118,2,12
LBXHXCLA,0.28736,1118,2,12
LBX118LA,0.1712,1118,2,12
LBXD03LA,0.09728,1118,2,12
LBXD05LA,0.096,1118,2,12
LBXD07LA,0.33792,1118,2,12
LBXF03LA,0.12608,1118,2,12
LBXF04LA,0.1624,1118,2,12
LBXF05LA,0.11072,1118,2,12
LBXF08LA,0.08624,1118,2,12
LBX074LA,0.1904,1119,3,12
LBX099LA,0.0984,1119,3,12
LBX138LA,0.07216,1119,3,12
LBX153LA,0.07088,1119,3,12
LBX170LA,0.12112,1119,3,12
LBX180LA,0.10128,1119,3,12
LBX187LA,0.70704,1119,3,12
LBX194LA,0.2328,1119,3,12
LBXPCBLA,0.10992,1119,3,12
LBXHXCLA,0.08128,1119,3,12
LBX118LA,0.07584,1119,3,12
LBXD03LA,0.10672,1119,3,12
LBXD05LA,0.31072,1119,3,12
LBXD07LA,0.10736,1119,3,12
LBXF03LA,0.13904,1119,3,12
LBXF04LA,0.81808,1119,3,12
LBXF05LA,0.0624,1119,3,12
LBXF08LA,0.06848,1119,3,12
LBX074LA,0.15312,1120,2,12
LBX099LA,0.42096,1120,2,12
LBX138LA,0.2512,1120,2,12
LBX153LA,0.21776,1120,2,12
LBX170LA,0.23312,1120,2,12
LBX180LA,0.23056,1120,2,12
LBX187LA,0.23248,1120,2,12
LBX194LA,0.11952,1120,2,12
LBXPCBLA,0.3824,1120,2,12
LBXHXCLA,0.24624,1120,2,12
LBX118LA,0.69648,1120,2,12
LBXD03LA,0.17536,1120,2,12
LBXD05LA,0.31216,1120,2,12
LBXD07LA,0.10416,1120,2,12
LBXF03LA,0.14096,1120,2,12
LBXF04LA,0.78912,1120,2,12
LBXF05LA,0.268,1120,2,12
LBXF08LA,0.0696,1120,2,12
LBX074LA,0.18832,1121,3,12
LBX099LA,0.4432,1121,3,12
LBX138LA,0.21104,1121,3,12
LBX153LA,0.48576,1121,3,12
LBX170LA,0.15808,1121,3,12
LBX180LA,0.49088,1121,3,12
LBX187LA,0.1112,1121,3,12
LBX194LA,0.17008,1121,3,12
LBXPCBLA,0.07456,1121,3,12
LBXHXCLA,0.08528,1121,3,12
LBX118LA,0.44528,1121,3,12
LBXD03LA,0.58976,1121,3,12
LBXD05LA,0.23728,1121,3,12
LBXD07LA,0.09968,1121,3,12
LBXF03LA,0.20464,1121,3,12
LBXF04LA,0.79232,1121,3,12
LBXF05LA,0.1032,1121,3,12
LBXF08LA,0.60112,1121,3,12
LBX074LA,0.0976,1122,2,12
LBX099LA,0.184,1122,2,12
LBX138LA,0.13312,1122,2,12
LBX153LA,0.14256,1122,2,12
LBX170LA,0.23648,1122,2,12
LBX180LA,0.14656,1122,2,12
LBX187LA,0.13664,1122,2,12
LBX194LA,0.47856,1122,2,12
LBXPCBLA,0.07376,1122,2,12
LBXHXCLA,0.32224,1122,2,12
LBX118LA,0.09312,1122,2,12
LBXD03LA,0.136,1122,2,12
LBXD05LA,0.39184,1122,2,12
LBXD07LA,0.08016,1122,2,12
LBXF03LA,0.19312000000000001,1122,2,12
LBXF04LA,0.29936,1122,2,12
LBXF05LA,0.09776,1122,2,12
LBXF08LA,0.05152,1122,2,12
LBX074LA,0.11504,1123,1,12
LBX099LA,0.12208,1123,1,12
LBX138LA,0.14192,1123,1,12
LBX153LA,0.14112,1123,1,12
LBX170LA,0.22304,1123,1,12
LBX180LA,0.22512,1123,1,12
LBX187LA,0.30512,1123,1,12
LBX194LA,0.23408,1123,1,12
LBXPCBLA,0.83296,1123,1,12
LBXHXCLA,0.1208,1123,1,12
LBX118LA,0.13616,1123,1,12
LBXD03LA,0.0928,1123,1,12
LBXD05LA,0.13472,1123,1,12
LBXD07LA,0.11152,1123,1,12
LBXF03LA,0.08528,1123,1,12
LBXF04LA,0.45328,1123,1,12
LBXF05LA,0.19152,1123,1,12
LBXF08LA,0.11824,1123,1,12
LBX074LA,0.37568,1124,3,12
LBX099LA,0.1072,1124,3,12
LBX138LA,0.67584,1124,3,12
LBX153LA,0.28144,1124,3,12
LBX170LA,0.3688,1124,3,12
LBX180LA,0.32272,1124,3,12
LBX187LA,0.1376,1124,3,12
LBX194LA,0.7888,1124,3,12
LBXPCBLA,0.17616,1124,3,12
LBXHXCLA,0.488,1124,3,12
LBX118LA,0.8696,1124,3,12
LBXD03LA,0.13504,1124,3,12
LBXD05LA,0.19056,1124,3,12
LBXD07LA,0.22064,1124,3,12
LBXF03LA,0.09216,1124,3,12
LBXF04LA,0.09376,1124,3,12
LBXF05LA,0.10624,1124,3,12
LBXF08LA,0.09216,1124,3,12
LBX074LA,0.21104,1125,3,12
LBX099LA,0.11792,1125,3,12
LBX138LA,0.33584,1125,3,12
LBX153LA,0.2216,1125,3,12
LBX170LA,0.18096,1125,3,12
LBX180LA,0.15616,1125,3,12
LBX187LA,0.8448,1125,3,12
LBX194LA,0.1136,1125,3,12
LBXPCBLA,0.21248,1125,3,12
LBXHXCLA,0.19568,1125,3,12
LBX118LA,0.51616,1125,3,12
LBXD03LA,0.2048,1125,3,12
LBXD05LA,0.09536,1125,3,12
LBXD07LA,0.2344,1125,3,12
LBXF03LA,0.88896,1125,3,12
LBXF04LA,0.68672,1125,3,12
LBXF05LA,0.11984,1125,3,12
LBXF08LA,0.10624,1125,3,12
LBX074LA,0.936,1126,1,12
LBX099LA,0.10224,1126,1,12
LBX138LA,0.11936,1126,1,12
LBX153LA,0.10144,1126,1,12
LBX170LA,0.11984,1126,1,12
LBX180LA,0.09376,1126,1,12
LBX187LA,0.16768,1126,1,12
LBX194LA,0.1224,1126,1,12
LBXPCBLA,0.05536,1126,1,12
LBXHXCLA,0.09408,1126,1,12
LBX118LA,0.144,1126,1,12
LBXD03LA,0.07568,1126,1,12
LBXD05LA,0.98736,1126,1,12
LBXD07LA,0.27312,1126,1,12
LBXF03LA,0.14,1126,1,12
LBXF04LA,0.13728,1126,1,12
LBXF05LA,0.09568,1126,1,12
LBXF08LA,0.05328,1126,1,12
LBX074LA,0.1712,1127,4,12
LBX099LA,0.0376,1127,4,12
LBX138LA,0.1616,1127,4,12
LBX153LA,0.37216,1127,4,12
LBX170LA,0.09984,1127,4,12
LBX180LA,0.11392,1127,4,12
LBX187LA,0.03184,1127,4,12
LBX194LA,0.11552,1127,4,12
LBXPCBLA,0.0968,1127,4,12
LBXHXCLA,0.07312,1127,4,12
LBX118LA,0.11296,1127,4,12
LBXD03LA,0.07936,1127,4,12
LBXD05LA,0.07952,1127,4,12
LBXD07LA,0.02304,1127,4,12
LBXF03LA,0.07088,1127,4,12
LBXF04LA,0.99552,1127,4,12
LBXF05LA,0.0976,1127,4,12
LBXF08LA,0.01872,1127,4,12
LBX074LA,0.15504,1128,3,12
LBX099LA,0.416,1128,3,12
LBX138LA,0.42368,1128,3,12
LBX153LA,0.42464,1128,3,12
LBX170LA,0.1496,1128,3,12
LBX180LA,0.38256,1128,3,12
LBX187LA,0.15888,1128,3,12
LBX194LA,0.18816,1128,3,12
LBXPCBLA,0.27776,1128,3,12
LBXHXCLA,0.52544,1128,3,12
LBX118LA,0.31792,1128,3,12
LBXD03LA,0.33312,1128,3,12
LBXD05LA,0.99728000000000006,1128,3,12
LBXD07LA,0.09264,1128,3,12
LBXF03LA,0.44224,1128,3,12
LBXF04LA,0.56112,1128,3,12
LBXF05LA,0.2392,1128,3,12
LBXF08LA,0.04272,1128,3,12
LBX074LA,0.35872,1129,2,12
LBX099LA,0.87408,1129,2,12
LBX138LA,0.30096,1129,2,12
LBX153LA,0.35536,1129,2,12
LBX170LA,0.30944,1129,2,12
LBX180LA,0.15776,1129,2,12
LBX187LA,0.26704,1129,2,12
LBX194LA,0.6712,1129,2,12
LBXPCBLA,0.09872,1129,2,12
LBXHXCLA,0.11088,1129,2,12
LBX118LA,0.3664,1129,2,12
LBXD03LA,0.09392,1129,2,12
LBXD05LA,0.15344,1129,2,12
LBXD07LA,0.31728,1129,2,12
LBXF03LA,0.17136,1129,2,12
LBXF04LA,0.90592,1129,2,12
LBXF05LA,0.09936,1129,2,12
LBXF08LA,0.04624,1129,2,12
LBX074LA,0.35216,1130,2,12
LBX099LA,0.18368,1130,2,12
LBX138LA,0.08896,1130,2,12
LBX153LA,0.05424,1130,2,12
LBX170LA,0.0808,1130,2,12
LBX180LA,0.096,1130,2,12
LBX187LA,0.08064,1130,2,12
LBX194LA,0.08496,1130,2,12
LBXPCBLA,0.1024,1130,2,12
LBXHXCLA,0.87696,1130,2,12
LBX118LA,0.36848,1130,2,12
LBXD03LA,0.07408,1130,2,12
LBXD05LA,0.97744,1130,2,12
LBXD07LA,0.06176,1130,2,12
LBXF03LA,0.03312,1130,2,12
LBXF04LA,0.12144,1130,2,12
LBXF05LA,0.05424,1130,2,12
LBXF08LA,0.06144,1130,2,12
LBX074LA,0.06832,1131,3,12
LBX099LA,0.05056,1131,3,12
LBX138LA,0.10464,1131,3,12
LBX153LA,0.21984,1131,3,12
LBX170LA,0.68128,1131,3,12
LBX180LA,0.43776,1131,3,12
LBX187LA,0.152,1131,3,12
LBX194LA,0.68944,1131,3,12
LBXPCBLA,0.05088,1131,3,12
LBXHXCLA,0.24864,1131,3,12
LBX118LA,0.11024,1131,3,12
LBXD03LA,0.044,1131,3,12
LBXD05LA,0.14944,1131,3,12
LBXD07LA,0.03664,1131,3,12
LBXF03LA,0.12944,1131,3,12
LBXF04LA,0.67952,1131,3,12
LBXF05LA,0.23712,1131,3,12
LBXF08LA,0.82016,1131,3,12
LBX074LA,0.41232,1132,2,12
LBX099LA,0.16144,1132,2,12
LBX138LA,0.11248,1132,2,12
LBX153LA,0.09056,1132,2,12
LBX170LA,0.21696,1132,2,12
LBX180LA,0.1208,1132,2,12
LBX187LA,0.13024,1132,2,12
LBX194LA,0.30256,1132,2,12
LBXPCBLA,0.04944,1132,2,12
LBXHXCLA,0.06624,1132,2,12
LBX118LA,0.56336,1132,2,12
LBXD03LA,0.12416,1132,2,12
LBXD05LA,0.61456,1132,2,12
LBXD07LA,0.06496,1132,2,12
LBXF03LA,0.05376,1132,2,12
LBXF04LA,0.27024,1132,2,12
LBXF05LA,0.67072,1132,2,12
LBXF08LA,0.04528,1132,2,12
LBX074LA,0.84832,1133,3,12
LBX099LA,0.05488,1133,3,12
LBX138LA,0.12784,1133,3,12
LBX153LA,0.05536,1133,3,12
LBX170LA,0.09168,1133,3,12
LBX180LA,0.0568,1133,3,12
LBX187LA,0.64464,1133,3,12
LBX194LA,0.15776,1133,3,12
LBXPCBLA,0.13728,1133,3,12
LBXHXCLA,0.09424,1133,3,12
LBX118LA,0.2296,1133,3,12
LBXD03LA,0.1328,1133,3,12
LBXD05LA,0.56864,1133,3,12
LBXD07LA,0.07632,1133,3,12
LBXF03LA,0.16752,1133,3,12
LBXF04LA,0.1896,1133,3,12
LBXF05LA,0.03536,1133,3,12
LBXF08LA,0.00944,1133,3,12
LBX074LA,0.89968,1134,2,12
LBX099LA,0.09552,1134,2,12
LBX138LA,0.23488,1134,2,12
LBX153LA,0.26608,1134,2,12
LBX170LA,0.1808,1134,2,12
LBX180LA,0.21952,1134,2,12
LBX187LA,0.16928,1134,2,12
LBX194LA,0.54464,1134,2,12
LBXPCBLA,0.11168,1134,2,12
LBXHXCLA,0.08272,1134,2,12
LBX118LA,0.27376,1134,2,12
LBXD03LA,0.17008,1134,2,12
LBXD05LA,0.6544,1134,2,12
LBXD07LA,0.52736,1134,2,12
LBXF03LA,0.06736,1134,2,12
LBXF04LA,0.19968,1134,2,12
LBXF05LA,0.1184,1134,2,12
LBXF08LA,0.0832,1134,2,12
LBX074LA,0.52048,1135,2,12
LBX099LA,0.3064,1135,2,12
LBX138LA,0.38048,1135,2,12
LBX153LA,0.34848,1135,2,12
LBX170LA,0.3672,1135,2,12
LBX180LA,0.15936,1135,2,12
LBX187LA,0.82688,1135,2,12
LBX194LA,0.32592,1135,2,12
LBXPCBLA,0.07216,1135,2,12
LBXHXCLA,0.128,1135,2,12
LBX118LA,0.58272,1135,2,12
LBXD03LA,0.10608,1135,2,12
LBXD05LA,0.18096,1135,2,12
LBXD07LA,0.07856,1135,2,12
LBXF03LA,0.11424,1135,2,12
LBXF04LA,0.25792,1135,2,12
LBXF05LA,0.30624,1135,2,12
LBXF08LA,0.86144,1135,2,12
LBX074LA,0.11344,1136,3,12
LBX099LA,0.09504,1136,3,12
LBX138LA,0.23264,1136,3,12
LBX153LA,0.15488,1136,3,12
LBX170LA,0.39504,1136,3,12
LBX180LA,0.16848,1136,3,12
LBX187LA,0.10368,1136,3,12
LBX194LA,0.82352,1136,3,12
LBXPCBLA,0.88224,1136,3,12
LBXHXCLA,0.09136,1136,3,12
LBX118LA,0.3384,1136,3,12
LBXD03LA,0.15344,1136,3,12
LBXD05LA,0.20352,1136,3,12
LBXD07LA,0.26064,1136,3,12
LBXF03LA,0.0776,1136,3,12
LBXF04LA,0.34448,1136,3,12
LBXF05LA,0.07872,1136,3,12
LBXF08LA,0.06992,1136,3,12
LBX074LA,0.14448,1137,2,12
LBX099LA,0.26,1137,2,12
LBX138LA,0.15088,1137,2,12
LBX153LA,0.27968,1137,2,12
LBX170LA,0.29168,1137,2,12
LBX180LA,0.2336,1137,2,12
LBX187LA,0.41872,1137,2,12
LBX194LA,0.7784,1137,2,12
LBXPCBLA,0.26592,1137,2,12
LBXHXCLA,0.1504,1137,2,12
LBX118LA,0.23328,1137,2,12
LBXD03LA,0.1872,1137,2,12
LBXD05LA,0.10208,1137,2,12
LBXD07LA,0.06256,1137,2,12
LBXF03LA,0.07616,1137,2,12
LBXF04LA,0.76352,1137,2,12
LBXF05LA,0.13408,1137,2,12
LBXF08LA,0.044,1137,2,12
LBX074LA,0.85952,1138,2,12
LBX099LA,0.124,1138,2,12
LBX138LA,0.21568,1138,2,12
LBX153LA,0.19312000000000001,1138,2,12
LBX170LA,0.19664,1138,2,12
LBX180LA,0.19264,1138,2,12
LBX187LA,0.112,1138,2,12
LBX194LA,0.14304,1138,2,12
LBXPCBLA,0.1464,1138,2,12
LBXHXCLA,0.28784,1138,2,12
LBX118LA,0.60368,1138,2,12
LBXD03LA,0.12368,1138,2,12
LBXD05LA,0.06912,1138,2,12
LBXD07LA,0.43088,1138,2,12
LBXF03LA,0.10096,1138,2,12
LBXF04LA,0.864,1138,2,12
LBXF05LA,0.172,1138,2,12
LBXF08LA,0.052,1138,2,12
LBX074LA,0.3712,1139,1,12
LBX099LA,0.21952,1139,1,12
LBX138LA,0.32016,1139,1,12
LBX153LA,0.3088,1139,1,12
LBX170LA,0.28064,1139,1,12
LBX180LA,0.67616,1139,1,12
LBX187LA,0.4664,1139,1,12
LBX194LA,0.99968,1139,1,12
LBXPCBLA,0.15984,1139,1,12
LBXHXCLA,0.10864,1139,1,12
LBX118LA,0.56928,1139,1,12
LBXD03LA,0.116,1139,1,12
LBXD05LA,0.2984,1139,1,12
LBXD07LA,0.0952,1139,1,12
LBXF03LA,0.10352,1139,1,12
LBXF04LA,0.22128,1139,1,12
LBXF05LA,0.10336,1139,1,12
LBXF08LA,0.10576,1139,1,12
LBX074LA,0.1008,1140,1,12
LBX099LA,0.20176,1140,1,12
LBX138LA,0.16368,1140,1,12
LBX153LA,0.1528,1140,1,12
LBX170LA,0.61104,1140,1,12
LBX180LA,0.26336,1140,1,12
LBX187LA,0.29408,1140,1,12
LBX194LA,0.11728,1140,1,12
LBXPCBLA,0.0912,1140,1,12
LBXHXCLA,0.10112,1140,1,12
LBX118LA,0.0912,1140,1,12
LBXD03LA,0.08576,1140,1,12
LBXD05LA,0.0584,1140,1,12
LBXD07LA,0.10544,1140,1,12
LBXF03LA,0.16048,1140,1,12
LBXF04LA,0.21104,1140,1,12
LBXF05LA,0.0704,1140,1,12
LBXF08LA,0.05776,1140,1,12
LBX074LA,0.13008,1141,1,12
LBX099LA,0.084,1141,1,12
LBX138LA,0.14736,1141,1,12
LBX153LA,0.22048,1141,1,12
LBX170LA,0.16,1141,1,12
LBX180LA,0.1688,1141,1,12
LBX187LA,0.19312000000000001,1141,1,12
LBX194LA,0.55408,1141,1,12
LBXPCBLA,0.29072,1141,1,12
LBXHXCLA,0.12016,1141,1,12
LBX118LA,0.2152,1141,1,12
LBXD03LA,0.09504,1141,1,12
LBXD05LA,0.86752,1141,1,12
LBXD07LA,0.14096,1141,1,12
LBXF03LA,0.14176,1141,1,12
LBXF04LA,0.14656,1141,1,12
LBXF05LA,0.25072,1141,1,12
LBXF08LA,0.06816,1141,1,12
LBX074LA,0.07584,1142,3,12
LBX099LA,0.15424,1142,3,12
LBX138LA,0.24064,1142,3,12
LBX153LA,0.16704,1142,3,12
LBX170LA,0.15296,1142,3,12
LBX180LA,0.1192,1142,3,12
LBX187LA,0.33968,1142,3,12
LBX194LA,0.17472,1142,3,12
LBXPCBLA,0.12992,1142,3,12
LBXHXCLA,0.18384,1142,3,12
LBX118LA,0.14624,1142,3,12
LBXD03LA,0.12128,1142,3,12
LBXD05LA,0.29024,1142,3,12
LBXD07LA,0.1616,1142,3,12
LBXF03LA,0.08496,1142,3,12
LBXF04LA,0.808,1142,3,12
LBXF05LA,0.16016,1142,3,12
LBXF08LA,0.23392,1142,3,12
LBX074LA,0.10288,1143,4,12
LBX099LA,0.73824,1143,4,12
LBX138LA,0.3344,1143,4,12
LBX153LA,0.14848,1143,4,12
LBX170LA,0.07616,1143,4,12
LBX180LA,0.04352,1143,4,12
LBX187LA,0.13344,1143,4,12
LBX194LA,0.22912,1143,4,12
LBXPCBLA,0.26336,1143,4,12
LBXHXCLA,0.07584,1143,4,12
LBX118LA,0.06992,1143,4,12
LBXD03LA,0.04512,1143,4,12
LBXD05LA,0.02272,1143,4,12
LBXD07LA,0.12016,1143,4,12
LBXF03LA,0.22384,1143,4,12
LBXF04LA,0.96864,1143,4,12
LBXF05LA,0.059520000000000003,1143,4,12
LBXF08LA,0.3976,1143,4,12
LBX074LA,0.99936,1144,4,12
LBX099LA,0.0728,1144,4,12
LBX138LA,0.11824,1144,4,12
LBX153LA,0.09056,1144,4,12
LBX170LA,0.14528,1144,4,12
LBX180LA,0.1872,1144,4,12
LBX187LA,0.26368,1144,4,12
LBX194LA,0.10256,1144,4,12
LBXPCBLA,0.13552,1144,4,12
LBXHXCLA,0.11456,1144,4,12
LBX118LA,0.12736,1144,4,12
LBXD03LA,0.196,1144,4,12
LBXD05LA,0.75712,1144,4,12
LBXD07LA,0.19456,1144,4,12
LBXF03LA,0.60592,1144,4,12
LBXF04LA,0.41328,1144,4,12
LBXF05LA,0.22224,1144,4,12
LBXF08LA,0.0512,1144,4,12
LBX074LA,0.7888,1145,3,12
LBX099LA,0.16768,1145,3,12
LBX138LA,0.21152,1145,3,12
LBX153LA,0.14384,1145,3,12
LBX170LA,0.10784,1145,3,12
LBX180LA,0.12496,1145,3,12
LBX187LA,0.088,1145,3,12
LBX194LA,0.38224,1145,3,12
LBXPCBLA,0.20128,1145,3,12
LBXHXCLA,0.14752,1145,3,12
LBX118LA,0.22128,1145,3,12
LBXD03LA,0.25552,1145,3,12
LBXD05LA,0.77824,1145,3,12
LBXD07LA,0.11056,1145,3,12
LBXF03LA,0.524,1145,3,12
LBXF04LA,0.74864,1145,3,12
LBXF05LA,0.08688,1145,3,12
LBXF08LA,0.03376,1145,3,12
LBX074LA,0.49376,1146,1,12
LBX099LA,0.10464,1146,1,12
LBX138LA,0.17856,1146,1,12
LBX153LA,0.18832,1146,1,12
LBX170LA,0.2464,1146,1,12
LBX180LA,0.1296,1146,1,12
LBX187LA,0.12304,1146,1,12
LBX194LA,0.47728,1146,1,12
LBXPCBLA,0.07792,1146,1,12
LBXHXCLA,0.18624,1146,1,12
LBX118LA,0.18832,1146,1,12
LBXD03LA,0.13808,1146,1,12
LBXD05LA,0.6672,1146,1,12
LBXD07LA,0.12752,1146,1,12
LBXF03LA,0.12448,1146,1,12
LBXF04LA,0.23776,1146,1,12
LBXF05LA,0.32944,1146,1,12
LBXF08LA,0.35792,1146,1,12
LBX074LA,0.66448,1147,1,12
LBX099LA,0.1256,1147,1,12
LBX138LA,0.22416,1147,1,12
LBX153LA,0.2872,1147,1,12
LBX170LA,0.43568,1147,1,12
LBX180LA,0.22288,1147,1,12
LBX187LA,0.33632,1147,1,12
LBX194LA,0.48416,1147,1,12
LBXPCBLA,0.12448,1147,1,12
LBXHXCLA,0.13952,1147,1,12
LBX118LA,0.21824,1147,1,12
LBXD03LA,0.13408,1147,1,12
LBXD05LA,0.5072,1147,1,12
LBXD07LA,0.15664,1147,1,12
LBXF03LA,0.13008,1147,1,12
LBXF04LA,0.1208,1147,1,12
LBXF05LA,0.11008,1147,1,12
LBXF08LA,0.10512,1147,1,12
LBX074LA,0.17248,1148,3,12
LBX099LA,0.56784,1148,3,12
LBX138LA,0.11424,1148,3,12
LBX153LA,0.08752,1148,3,12
LBX170LA,0.19936,1148,3,12
LBX180LA,0.11808,1148,3,12
LBX187LA,0.204,1148,3,12
LBX194LA,0.19664,1148,3,12
LBXPCBLA,0.04656,1148,3,12
LBXHXCLA,0.14144,1148,3,12
LBX118LA,0.21392,1148,3,12
LBXD03LA,0.07552,1148,3,12
LBXD05LA,0.08656,1148,3,12
LBXD07LA,0.07664,1148,3,12
LBXF03LA,0.0544,1148,3,12
LBXF04LA,0.86,1148,3,12
LBXF05LA,0.41616,1148,3,12
LBXF08LA,0.04416,1148,3,12
LBX074LA,0.94976,1149,2,12
LBX099LA,0.08944,1149,2,12
LBX138LA,0.16688,1149,2,12
LBX153LA,0.40528,1149,2,12
LBX170LA,0.16256,1149,2,12
LBX180LA,0.15008,1149,2,12
LBX187LA,0.11088,1149,2,12
LBX194LA,0.14944,1149,2,12
LBXPCBLA,0.08208,1149,2,12
LBXHXCLA,0.1856,1149,2,12
LBX118LA,0.13472,1149,2,12
LBXD03LA,0.23488,1149,2,12
LBXD05LA,0.29136,1149,2,12
LBXD07LA,0.10144,1149,2,12
LBXF03LA,0.092,1149,2,12
LBXF04LA,0.56768,1149,2,12
LBXF05LA,0.10944,1149,2,12
LBXF08LA,0.47168,1149,2,12
LBX074LA,0.3184,1150,1,12
LBX099LA,0.69968,1150,1,12
LBX138LA,0.20784,1150,1,12
LBX153LA,0.24912,1150,1,12
LBX170LA,0.23136,1150,1,12
LBX180LA,0.17072,1150,1,12
LBX187LA,0.2408,1150,1,12
LBX194LA,0.63536,1150,1,12
LBXPCBLA,0.0864,1150,1,12
LBXHXCLA,0.16176,1150,1,12
LBX118LA,0.24096,1150,1,12
LBXD03LA,0.20304,1150,1,12
LBXD05LA,0.44304,1150,1,12
LBXD07LA,0.89584,1150,1,12
LBXF03LA,0.11568,1150,1,12
LBXF04LA,0.17328,1150,1,12
LBXF05LA,0.09264,1150,1,12
LBXF08LA,0.0896,1150,1,12
LBX074LA,0.22384,1151,4,12
LBX099LA,0.08832,1151,4,12
LBX138LA,0.28416,1151,4,12
LBX153LA,0.76192,1151,4,12
LBX170LA,0.30272,1151,4,12
LBX180LA,0.47888,1151,4,12
LBX187LA,0.22624,1151,4,12
LBX194LA,0.25696,1151,4,12
LBXPCBLA,0.84608,1151,4,12
LBXHXCLA,0.2888,1151,4,12
LBX118LA,0.31552,1151,4,12
LBXD03LA,0.10608,1151,4,12
LBXD05LA,0.24512,1151,4,12
LBXD07LA,0.0824,1151,4,12
LBXF03LA,0.1296,1151,4,12
LBXF04LA,0.10976,1151,4,12
LBXF05LA,0.1024,1151,4,12
LBXF08LA,0.07024,1151,4,12
LBX074LA,0.24512,1152,2,12
LBX099LA,0.05248,1152,2,12
LBX138LA,0.17312,1152,2,12
LBX153LA,0.23488,1152,2,12
LBX170LA,0.48368,1152,2,12
LBX180LA,0.25792,1152,2,12
LBX187LA,0.21584,1152,2,12
LBX194LA,0.92064,1152,2,12
LBXPCBLA,0.10752,1152,2,12
LBXHXCLA,0.0648,1152,2,12
LBX118LA,0.13392,1152,2,12
LBXD03LA,0.07312,1152,2,12
LBXD05LA,0.84144,1152,2,12
LBXD07LA,0.0672,1152,2,12
LBXF03LA,0.12064,1152,2,12
LBXF04LA,0.22608,1152,2,12
LBXF05LA,0.4704,1152,2,12
LBXF08LA,0.07664,1152,2,12
LBX074LA,0.56064,1153,1,12
LBX099LA,0.14336,1153,1,12
LBX138LA,0.176,1153,1,12
LBX153LA,0.21136,1153,1,12
LBX170LA,0.48528,1153,1,12
LBX180LA,0.21264,1153,1,12
LBX187LA,0.25776,1153,1,12
LBX194LA,0.36272,1153,1,12
LBXPCBLA,0.11264,1153,1,12
LBXHXCLA,0.11904000000000001,1153,1,12
LBX118LA,0.34848,1153,1,12
LBXD03LA,0.17584,1153,1,12
LBXD05LA,0.18112,1153,1,12
LBXD07LA,0.1064,1153,1,12
LBXF03LA,0.08624,1153,1,12
LBXF04LA,0.0928,1153,1,12
LBXF05LA,0.16416,1153,1,12
LBXF08LA,0.09584,1153,1,12
LBX074LA,0.04896,1154,3,12
LBX099LA,0.03296,1154,3,12
LBX138LA,0.07808,1154,3,12
LBX153LA,0.05616,1154,3,12
LBX170LA,0.17856,1154,3,12
LBX180LA,0.10704,1154,3,12
LBX187LA,0.27888,1154,3,12
LBX194LA,0.4376,1154,3,12
LBXPCBLA,0.06208,1154,3,12
LBXHXCLA,0.03952,1154,3,12
LBX118LA,0.14176,1154,3,12
LBXD03LA,0.19024,1154,3,12
LBXD05LA,0.17216,1154,3,12
LBXD07LA,0.10064,1154,3,12
LBXF03LA,0.05072,1154,3,12
LBXF04LA,0.808,1154,3,12
LBXF05LA,0.36368,1154,3,12
LBXF08LA,0.11376,1154,3,12
LBX074LA,0.96128,1155,2,12
LBX099LA,0.67392,1155,2,12
LBX138LA,0.10672,1155,2,12
LBX153LA,0.1176,1155,2,12
LBX170LA,0.10848,1155,2,12
LBX180LA,0.184,1155,2,12
LBX187LA,0.05888,1155,2,12
LBX194LA,0.0544,1155,2,12
LBXPCBLA,0.02736,1155,2,12
LBXHXCLA,0.14368,1155,2,12
LBX118LA,0.30512,1155,2,12
LBXD03LA,0.33472,1155,2,12
LBXD05LA,0.17392,1155,2,12
LBXD07LA,0.13296,1155,2,12
LBXF03LA,0.04704,1155,2,12
LBXF04LA,0.75792,1155,2,12
LBXF05LA,0.05008,1155,2,12
LBXF08LA,0.02496,1155,2,12
LBX074LA,0.86528,1156,3,12
LBX099LA,0.15696,1156,3,12
LBX138LA,0.16896,1156,3,12
LBX153LA,0.3944,1156,3,12
LBX170LA,0.51264,1156,3,12
LBX180LA,0.25296,1156,3,12
LBX187LA,0.204,1156,3,12
LBX194LA,0.52272,1156,3,12
LBXPCBLA,0.1752,1156,3,12
LBXHXCLA,0.27632,1156,3,12
LBX118LA,0.44864,1156,3,12
LBXD03LA,0.1576,1156,3,12
LBXD05LA,0.39008,1156,3,12
LBXD07LA,0.10512,1156,3,12
LBXF03LA,0.1608,1156,3,12
LBXF04LA,0.91792,1156,3,12
LBXF05LA,0.1608,1156,3,12
LBXF08LA,0.05664,1156,3,12
LBX074LA,0.80512,1157,3,12
LBX099LA,0.0792,1157,3,12
LBX138LA,0.1424,1157,3,12
LBX153LA,0.21616,1157,3,12
LBX170LA,0.59056,1157,3,12
LBX180LA,0.3216,1157,3,12
LBX187LA,0.15712,1157,3,12
LBX194LA,0.21152,1157,3,12
LBXPCBLA,0.07664,1157,3,12
LBXHXCLA,0.4544,1157,3,12
LBX118LA,0.45216,1157,3,12
LBXD03LA,0.12208,1157,3,12
LBXD05LA,0.99984,1157,3,12
LBXD07LA,0.69584,1157,3,12
LBXF03LA,0.06704,1157,3,12
LBXF04LA,0.08176,1157,3,12
LBXF05LA,0.0856,1157,3,12
LBXF08LA,0.11408,1157,3,12
LBX074LA,0.07696,1158,4,12
LBX099LA,0.06528,1158,4,12
LBX138LA,0.08896,1158,4,12
LBX153LA,0.0896,1158,4,12
LBX170LA,0.12624,1158,4,12
LBX180LA,0.11824,1158,4,12
LBX187LA,0.60736,1158,4,12
LBX194LA,0.3768,1158,4,12
LBXPCBLA,0.23184,1158,4,12
LBXHXCLA,0.492,1158,4,12
LBX118LA,0.10208,1158,4,12
LBXD03LA,0.06896,1158,4,12
LBXD05LA,0.2344,1158,4,12
LBXD07LA,0.96992,1158,4,12
LBXF03LA,0.092,1158,4,12
LBXF04LA,0.9984,1158,4,12
LBXF05LA,0.09344,1158,4,12
LBXF08LA,0.3,1158,4,12
LBX074LA,0.72528,1159,2,12
LBX099LA,0.18992,1159,2,12
LBX138LA,0.20256,1159,2,12
LBX153LA,0.19232,1159,2,12
LBX170LA,0.44096,1159,2,12
LBX180LA,0.2336,1159,2,12
LBX187LA,0.224,1159,2,12
LBX194LA,0.89472,1159,2,12
LBXPCBLA,0.28848,1159,2,12
LBXHXCLA,0.1584,1159,2,12
LBX118LA,0.33552,1159,2,12
LBXD03LA,0.5672,1159,2,12
LBXD05LA,0.37952,1159,2,12
LBXD07LA,0.17088,1159,2,12
LBXF03LA,0.07392,1159,2,12
LBXF04LA,0.44544,1159,2,12
LBXF05LA,0.0968,1159,2,12
LBXF08LA,0.54704,1159,2,12
LBX074LA,0.27776,1160,3,12
LBX099LA,0.38512,1160,3,12
LBX138LA,0.06832,1160,3,12
LBX153LA,0.10992,1160,3,12
LBX170LA,0.77392,1160,3,12
LBX180LA,0.1192,1160,3,12
LBX187LA,0.25472,1160,3,12
LBX194LA,0.15488,1160,3,12
LBXPCBLA,0.13152,1160,3,12
LBXHXCLA,0.03744,1160,3,12
LBX118LA,0.2664,1160,3,12
LBXD03LA,0.06608,1160,3,12
LBXD05LA,0.5104,1160,3,12
LBXD07LA,0.1072,1160,3,12
LBXF03LA,0.03376,1160,3,12
LBXF04LA,0.05376,1160,3,12
LBXF05LA,0.14416,1160,3,12
LBXF08LA,0.20688,1160,3,12
LBX074LA,0.2528,1161,2,12
LBX099LA,0.30192,1161,2,12
LBX138LA,0.14992,1161,2,12
LBX153LA,0.28992,1161,2,12
LBX170LA,0.25504,1161,2,12
LBX180LA,0.30544,1161,2,12
LBX187LA,0.81792,1161,2,12
LBX194LA,0.5232,1161,2,12
LBXPCBLA,0.13696,1161,2,12
LBXHXCLA,0.50544,1161,2,12
LBX118LA,0.3184,1161,2,12
LBXD03LA,0.09312,1161,2,12
LBXD05LA,0.45952,1161,2,12
LBXD07LA,0.28992,1161,2,12
LBXF03LA,0.47168,1161,2,12
LBXF04LA,0.4056,1161,2,12
LBXF05LA,0.12176,1161,2,12
LBXF08LA,0.07776,1161,2,12
LBX074LA,0.96176,1162,1,12
LBX099LA,0.66736,1162,1,12
LBX138LA,0.29728,1162,1,12
LBX153LA,0.26224,1162,1,12
LBX170LA,0.20976,1162,1,12
LBX180LA,0.38832,1162,1,12
LBX187LA,0.21376,1162,1,12
LBX194LA,0.60688,1162,1,12
LBXPCBLA,0.16096,1162,1,12
LBXHXCLA,0.1136,1162,1,12
LBX118LA,0.20832,1162,1,12
LBXD03LA,0.1176,1162,1,12
LBXD05LA,0.1904,1162,1,12
LBXD07LA,0.17136,1162,1,12
LBXF03LA,0.16272,1162,1,12
LBXF04LA,0.32448,1162,1,12
LBXF05LA,0.09104,1162,1,12
LBXF08LA,0.05904,1162,1,12
LBX074LA,0.4768,1163,1,12
LBX099LA,0.24864,1163,1,12
LBX138LA,0.1984,1163,1,12
LBX153LA,0.144,1163,1,12
LBX170LA,0.11552,1163,1,12
LBX180LA,0.10384,1163,1,12
LBX187LA,0.11728,1163,1,12
LBX194LA,0.09392,1163,1,12
LBXPCBLA,0.19264,1163,1,12
LBXHXCLA,0.08128,1163,1,12
LBX118LA,0.45376,1163,1,12
LBXD03LA,0.1864,1163,1,12
LBXD05LA,0.79552,1163,1,12
LBXD07LA,0.1792,1163,1,12
LBXF03LA,0.0664,1163,1,12
LBXF04LA,0.12928,1163,1,12
LBXF05LA,0.06912,1163,1,12
LBXF08LA,0.04432,1163,1,12
LBX074LA,0.1712,1164,1,12
LBX099LA,0.27392,1164,1,12
LBX138LA,0.30064,1164,1,12
LBX153LA,0.2648,1164,1,12
LBX170LA,0.23424,1164,1,12
LBX180LA,0.188,1164,1,12
LBX187LA,0.48688,1164,1,12
LBX194LA,0.5784,1164,1,12
LBXPCBLA,0.14896,1164,1,12
LBXHXCLA,0.14128,1164,1,12
LBX118LA,0.42224,1164,1,12
LBXD03LA,0.1864,1164,1,12
LBXD05LA,0.65456,1164,1,12
LBXD07LA,0.13232,1164,1,12
LBXF03LA,0.11552,1164,1,12
LBXF04LA,0.31168,1164,1,12
LBXF05LA,0.10608,1164,1,12
LBXF08LA,0.17248,1164,1,12
LBX074LA,0.67808,1165,2,12
LBX099LA,0.20704,1165,2,12
LBX138LA,0.25904,1165,2,12
LBX153LA,0.28864,1165,2,12
LBX170LA,0.55456,1165,2,12
LBX180LA,0.21488,1165,2,12
LBX187LA,0.12432,1165,2,12
LBX194LA,0.7248,1165,2,12
LBXPCBLA,0.09808,1165,2,12
LBXHXCLA,0.33328,1165,2,12
LBX118LA,0.20192,1165,2,12
LBXD03LA,0.2008,1165,2,12
LBXD05LA,0.98768,1165,2,12
LBXD07LA,0.10944,1165,2,12
LBXF03LA,0.1904,1165,2,12
LBXF04LA,0.19808,1165,2,12
LBXF05LA,0.88304,1165,2,12
LBXF08LA,0.07072,1165,2,12
LBX074LA,0.74912,1166,3,12
LBX099LA,0.09536,1166,3,12
LBX138LA,0.11136,1166,3,12
LBX153LA,0.1464,1166,3,12
LBX170LA,0.3496,1166,3,12
LBX180LA,0.3568,1166,3,12
LBX187LA,0.12064,1166,3,12
LBX194LA,0.69104,1166,3,12
LBXPCBLA,0.10912,1166,3,12
LBXHXCLA,0.332,1166,3,12
LBX118LA,0.16768,1166,3,12
LBXD03LA,0.31584,1166,3,12
LBXD05LA,0.40736,1166,3,12
LBXD07LA,0.07328,1166,3,12
LBXF03LA,0.0808,1166,3,12
LBXF04LA,0.16368,1166,3,12
LBXF05LA,0.11152,1166,3,12
LBXF08LA,0.2744,1166,3,12
LBX074LA,0.72751999999999994,1167,2,12
LBX099LA,0.14496,1167,2,12
LBX138LA,0.11984,1167,2,12
LBX153LA,0.07808,1167,2,12
LBX170LA,0.11072,1167,2,12
LBX180LA,0.09744,1167,2,12
LBX187LA,0.08224,1167,2,12
LBX194LA,0.13584,1167,2,12
LBXPCBLA,0.04336,1167,2,12
LBXHXCLA,0.26208,1167,2,12
LBX118LA,0.48144,1167,2,12
LBXD03LA,0.94192,1167,2,12
LBXD05LA,0.05744,1167,2,12
LBXD07LA,0.07664,1167,2,12
LBXF03LA,0.07136,1167,2,12
LBXF04LA,0.08992,1167,2,12
LBXF05LA,0.06896,1167,2,12
LBXF08LA,0.09184,1167,2,12
LBX074LA,0.23888,1168,3,12
LBX099LA,0.41744,1168,3,12
LBX138LA,0.12496,1168,3,12
LBX153LA,0.124,1168,3,12
LBX170LA,0.12304,1168,3,12
LBX180LA,0.50752,1168,3,12
LBX187LA,0.12384,1168,3,12
LBX194LA,0.13664,1168,3,12
LBXPCBLA,0.87008,1168,3,12
LBXHXCLA,0.02768,1168,3,12
LBX118LA,0.11136,1168,3,12
LBXD03LA,0.16016,1168,3,12
LBXD05LA,0.33744,1168,3,12
LBXD07LA,0.14496,1168,3,12
LBXF03LA,0.10656,1168,3,12
LBXF04LA,0.02768,1168,3,12
LBXF05LA,0.07952,1168,3,12
LBXF08LA,0.04496,1168,3,12
LBX074LA,0.14576,1169,1,12
LBX099LA,0.06272,1169,1,12
LBX138LA,0.30096,1169,1,12
LBX153LA,0.15888,1169,1,12
LBX170LA,0.3376,1169,1,12
LBX180LA,0.28848,1169,1,12
LBX187LA,0.09312,1169,1,12
LBX194LA,0.20576,1169,1,12
LBXPCBLA,0.07664,1169,1,12
LBXHXCLA,0.11088,1169,1,12
LBX118LA,0.07168,1169,1,12
LBXD03LA,0.90368,1169,1,12
LBXD05LA,0.11552,1169,1,12
LBXD07LA,0.08448,1169,1,12
LBXF03LA,0.05424,1169,1,12
LBXF04LA,0.08352,1169,1,12
LBXF05LA,0.16336,1169,1,12
LBXF08LA,0.0496,1169,1,12
LBX074LA,0.96048,1170,2,12
LBX099LA,0.06304,1170,2,12
LBX138LA,0.11232,1170,2,12
LBX153LA,0.08816,1170,2,12
LBX170LA,0.08528,1170,2,12
LBX180LA,0.09424,1170,2,12
LBX187LA,0.06624,1170,2,12
LBX194LA,0.06032,1170,2,12
LBXPCBLA,0.04176,1170,2,12
LBXHXCLA,0.07552,1170,2,12
LBX118LA,0.1712,1170,2,12
LBXD03LA,0.09008,1170,2,12
LBXD05LA,0.26928,1170,2,12
LBXD07LA,0.92,1170,2,12
LBXF03LA,0.05616,1170,2,12
LBXF04LA,0.77264,1170,2,12
LBXF05LA,0.61088,1170,2,12
LBXF08LA,0.15104,1170,2,12
LBX074LA,0.14112,1171,3,12
LBX099LA,0.3616,1171,3,12
LBX138LA,0.22176,1171,3,12
LBX153LA,0.776,1171,3,12
LBX170LA,0.18336,1171,3,12
LBX180LA,0.29136,1171,3,12
LBX187LA,0.54784,1171,3,12
LBX194LA,0.20272,1171,3,12
LBXPCBLA,0.09248,1171,3,12
LBXHXCLA,0.09632,1171,3,12
LBX118LA,0.53264,1171,3,12
LBXD03LA,0.10368,1171,3,12
LBXD05LA,0.66976,1171,3,12
LBXD07LA,0.2392,1171,3,12
LBXF03LA,0.42896,1171,3,12
LBXF04LA,0.95088,1171,3,12
LBXF05LA,0.14032,1171,3,12
LBXF08LA,0.18464,1171,3,12
LBX074LA,0.27296,1172,2,12
LBX099LA,0.11232,1172,2,12
LBX138LA,0.1864,1172,2,12
LBX153LA,0.37024,1172,2,12
LBX170LA,0.20944,1172,2,12
LBX180LA,0.35856,1172,2,12
LBX187LA,0.59472,1172,2,12
LBX194LA,0.14464,1172,2,12
LBXPCBLA,0.91088,1172,2,12
LBXHXCLA,0.29584,1172,2,12
LBX118LA,0.14512,1172,2,12
LBXD03LA,0.25312,1172,2,12
LBXD05LA,0.5632,1172,2,12
LBXD07LA,0.14272,1172,2,12
LBXF03LA,0.09648,1172,2,12
LBXF04LA,0.60992,1172,2,12
LBXF05LA,0.104,1172,2,12
LBXF08LA,0.07344,1172,2,12
LBX074LA,0.24864,1173,2,12
LBX099LA,0.34048,1173,2,12
LBX138LA,0.27088,1173,2,12
LBX153LA,0.42464,1173,2,12
LBX170LA,0.38896,1173,2,12
LBX180LA,0.23584,1173,2,12
LBX187LA,0.26448,1173,2,12
LBX194LA,0.56816,1173,2,12
LBXPCBLA,0.26864,1173,2,12
LBXHXCLA,0.86448,1173,2,12
LBX118LA,0.26512,1173,2,12
LBXD03LA,0.17024,1173,2,12
LBXD05LA,0.39472,1173,2,12
LBXD07LA,0.50992,1173,2,12
LBXF03LA,0.49728,1173,2,12
LBXF04LA,0.99536,1173,2,12
LBXF05LA,0.29504,1173,2,12
LBXF08LA,0.33936,1173,2,12
LBX074LA,0.4424,1174,2,12
LBX099LA,0.15824,1174,2,12
LBX138LA,0.09104,1174,2,12
LBX153LA,0.13216,1174,2,12
LBX170LA,0.11984,1174,2,12
LBX180LA,0.20144,1174,2,12
LBX187LA,0.47616000000000003,1174,2,12
LBX194LA,0.05664,1174,2,12
LBXPCBLA,0.81216,1174,2,12
LBXHXCLA,0.08576,1174,2,12
LBX118LA,0.24704,1174,2,12
LBXD03LA,0.05616,1174,2,12
LBXD05LA,0.42608,1174,2,12
LBXD07LA,0.28768,1174,2,12
LBXF03LA,0.11664,1174,2,12
LBXF04LA,0.10032,1174,2,12
LBXF05LA,0.06032,1174,2,12
LBXF08LA,0.0408,1174,2,12
LBX074LA,0.68608,1175,2,12
LBX099LA,0.19344,1175,2,12
LBX138LA,0.18816,1175,2,12
LBX153LA,0.236,1175,2,12
LBX170LA,0.27184,1175,2,12
LBX180LA,0.31792,1175,2,12
LBX187LA,0.10704,1175,2,12
LBX194LA,0.38816,1175,2,12
LBXPCBLA,0.91936,1175,2,12
LBXHXCLA,0.08912,1175,2,12
LBX118LA,0.16496,1175,2,12
LBXD03LA,0.1,1175,2,12
LBXD05LA,0.26144,1175,2,12
LBXD07LA,0.10832,1175,2,12
LBXF03LA,0.25184,1175,2,12
LBXF04LA,0.9696,1175,2,12
LBXF05LA,0.14016,1175,2,12
LBXF08LA,0.59984,1175,2,12
LBX074LA,0.5992,1176,4,12
LBX099LA,0.20448,1176,4,12
LBX138LA,0.10544,1176,4,12
LBX153LA,0.13008,1176,4,12
LBX170LA,0.152,1176,4,12
LBX180LA,0.216,1176,4,12
LBX187LA,0.10464,1176,4,12
LBX194LA,0.25648,1176,4,12
LBXPCBLA,0.088,1176,4,12
LBXHXCLA,0.21296,1176,4,12
LBX118LA,0.67584,1176,4,12
LBXD03LA,0.152,1176,4,12
LBXD05LA,0.09824,1176,4,12
LBXD07LA,0.3488,1176,4,12
LBXF03LA,0.7776,1176,4,12
LBXF04LA,0.33872,1176,4,12
LBXF05LA,0.57936,1176,4,12
LBXF08LA,0.09424,1176,4,12
LBX074LA,0.11424,1177,1,12
LBX099LA,0.0984,1177,1,12
LBX138LA,0.16592,1177,1,12
LBX153LA,0.27264,1177,1,12
LBX170LA,0.1968,1177,1,12
LBX180LA,0.18912,1177,1,12
LBX187LA,0.11008,1177,1,12
LBX194LA,0.95664,1177,1,12
LBXPCBLA,0.09856,1177,1,12
LBXHXCLA,0.16032,1177,1,12
LBX118LA,0.26224,1177,1,12
LBXD03LA,0.10496,1177,1,12
LBXD05LA,0.30464,1177,1,12
LBXD07LA,0.13536,1177,1,12
LBXF03LA,0.08624,1177,1,12
LBXF04LA,0.1208,1177,1,12
LBXF05LA,0.10272,1177,1,12
LBXF08LA,0.20096,1177,1,12
LBX074LA,0.95888,1178,2,12
LBX099LA,0.1016,1178,2,12
LBX138LA,0.108,1178,2,12
LBX153LA,0.1024,1178,2,12
LBX170LA,0.17936,1178,2,12
LBX180LA,0.10192,1178,2,12
LBX187LA,0.13392,1178,2,12
LBX194LA,0.97904,1178,2,12
LBXPCBLA,0.20896,1178,2,12
LBXHXCLA,0.08704,1178,2,12
LBX118LA,0.84368,1178,2,12
LBXD03LA,0.08912,1178,2,12
LBXD05LA,0.25088,1178,2,12
LBXD07LA,0.14624,1178,2,12
LBXF03LA,0.07696,1178,2,12
LBXF04LA,0.13248,1178,2,12
LBXF05LA,0.0872,1178,2,12
LBXF08LA,0.15824,1178,2,12
LBX074LA,0.9656,1179,2,12
LBX099LA,0.14208,1179,2,12
LBX138LA,0.23728,1179,2,12
LBX153LA,0.34608,1179,2,12
LBX170LA,0.1904,1179,2,12
LBX180LA,0.47232,1179,2,12
LBX187LA,0.47792,1179,2,12
LBX194LA,0.1264,1179,2,12
LBXPCBLA,0.30752,1179,2,12
LBXHXCLA,0.16224,1179,2,12
LBX118LA,0.36672,1179,2,12
LBXD03LA,0.10432,1179,2,12
LBXD05LA,0.36496,1179,2,12
LBXD07LA,0.27888,1179,2,12
LBXF03LA,0.10496,1179,2,12
LBXF04LA,0.12752,1179,2,12
LBXF05LA,0.20864,1179,2,12
LBXF08LA,0.2296,1179,2,12
LBX074LA,0.23328,1180,1,12
LBX099LA,0.18208,1180,1,12
LBX138LA,0.35296,1180,1,12
LBX153LA,0.37296,1180,1,12
LBX170LA,0.18208,1180,1,12
LBX180LA,0.32336,1180,1,12
LBX187LA,0.29664,1180,1,12
LBX194LA,0.10976,1180,1,12
LBXPCBLA,0.10752,1180,1,12
LBXHXCLA,0.19472,1180,1,12
LBX118LA,0.20192,1180,1,12
LBXD03LA,0.39008,1180,1,12
LBXD05LA,0.89904,1180,1,12
LBXD07LA,0.22592,1180,1,12
LBXF03LA,0.26144,1180,1,12
LBXF04LA,0.38912,1180,1,12
LBXF05LA,0.25056,1180,1,12
LBXF08LA,0.08,1180,1,12
LBX074LA,0.1048,1181,3,12
LBX099LA,0.07024,1181,3,12
LBX138LA,0.10784,1181,3,12
LBX153LA,0.1376,1181,3,12
LBX170LA,0.2832,1181,3,12
LBX180LA,0.33248,1181,3,12
LBX187LA,0.2592,1181,3,12
LBX194LA,0.48576,1181,3,12
LBXPCBLA,0.34656,1181,3,12
LBXHXCLA,0.0904,1181,3,12
LBX118LA,0.3896,1181,3,12
LBXD03LA,0.08672,1181,3,12
LBXD05LA,0.20912,1181,3,12
LBXD07LA,0.07424,1181,3,12
LBXF03LA,0.84544,1181,3,12
LBXF04LA,0.77296,1181,3,12
LBXF05LA,0.14016,1181,3,12
LBXF08LA,0.12352,1181,3,12
LBX074LA,0.23584,1182,2,12
LBX099LA,0.06944,1182,2,12
LBX138LA,0.27376,1182,2,12
LBX153LA,0.46128,1182,2,12
LBX170LA,0.4672,1182,2,12
LBX180LA,0.14672,1182,2,12
LBX187LA,0.57632,1182,2,12
LBX194LA,0.67104,1182,2,12
LBXPCBLA,0.31856,1182,2,12
LBXHXCLA,0.11296,1182,2,12
LBX118LA,0.42592,1182,2,12
LBXD03LA,0.15728,1182,2,12
LBXD05LA,0.0952,1182,2,12
LBXD07LA,0.0648,1182,2,12
LBXF03LA,0.16096,1182,2,12
LBXF04LA,0.97392,1182,2,12
LBXF05LA,0.20336,1182,2,12
LBXF08LA,0.04448,1182,2,12
LBX074LA,0.70416,1183,2,12
LBX099LA,0.19008,1183,2,12
LBX138LA,0.164,1183,2,12
LBX153LA,0.3208,1183,2,12
LBX170LA,0.22784,1183,2,12
LBX180LA,0.22768,1183,2,12
LBX187LA,0.68432,1183,2,12
LBX194LA,0.81792,1183,2,12
LBXPCBLA,0.13296,1183,2,12
LBXHXCLA,0.41792,1183,2,12
LBX118LA,0.21264,1183,2,12
LBXD03LA,0.17216,1183,2,12
LBXD05LA,0.90208,1183,2,12
LBXD07LA,0.172,1183,2,12
LBXF03LA,0.20048,1183,2,12
LBXF04LA,0.96672,1183,2,12
LBXF05LA,0.21104,1183,2,12
LBXF08LA,0.07088,1183,2,12
LBX074LA,0.15088,1184,4,12
LBX099LA,0.11952,1184,4,12
LBX138LA,0.25296,1184,4,12
LBX153LA,0.20384,1184,4,12
LBX170LA,0.33648,1184,4,12
LBX180LA,0.1288,1184,4,12
LBX187LA,0.15712,1184,4,12
LBX194LA,0.54048,1184,4,12
LBXPCBLA,0.14592,1184,4,12
LBXHXCLA,0.11312,1184,4,12
LBX118LA,0.71072,1184,4,12
LBXD03LA,0.66528,1184,4,12
LBXD05LA,0.3472,1184,4,12
LBXD07LA,0.04464,1184,4,12
LBXF03LA,0.07408,1184,4,12
LBXF04LA,0.23808000000000001,1184,4,12
LBXF05LA,0.20784,1184,4,12
LBXF08LA,0.06304,1184,4,12
LBX074LA,0.51696,1185,2,12
LBX099LA,0.14096,1185,2,12
LBX138LA,0.19504,1185,2,12
LBX153LA,0.528,1185,2,12
LBX170LA,0.2176,1185,2,12
LBX180LA,0.22064,1185,2,12
LBX187LA,0.1992,1185,2,12
LBX194LA,0.17168,1185,2,12
LBXPCBLA,0.29376,1185,2,12
LBXHXCLA,0.31152,1185,2,12
LBX118LA,0.55072,1185,2,12
LBXD03LA,0.14112,1185,2,12
LBXD05LA,0.15632,1185,2,12
LBXD07LA,0.04,1185,2,12
LBXF03LA,0.08144,1185,2,12
LBXF04LA,0.4672,1185,2,12
LBXF05LA,0.0512,1185,2,12
LBXF08LA,0.0792,1185,2,12
LBX074LA,0.73952,1186,3,12
LBX099LA,0.23744,1186,3,12
LBX138LA,0.21472,1186,3,12
LBX153LA,0.16992,1186,3,12
LBX170LA,0.17808,1186,3,12
LBX180LA,0.13104,1186,3,12
LBX187LA,0.34352,1186,3,12
LBX194LA,0.13488,1186,3,12
LBXPCBLA,0.25504,1186,3,12
LBXHXCLA,0.09136,1186,3,12
LBX118LA,0.27424,1186,3,12
LBXD03LA,0.15904,1186,3,12
LBXD05LA,0.9704,1186,3,12
LBXD07LA,0.10704,1186,3,12
LBXF03LA,0.12272,1186,3,12
LBXF04LA,0.70416,1186,3,12
LBXF05LA,0.2416,1186,3,12
LBXF08LA,0.30752,1186,3,12
LBX074LA,0.09152,1187,4,12
LBX099LA,0.35232,1187,4,12
LBX138LA,0.7936,1187,4,12
LBX153LA,0.71184,1187,4,12
LBX170LA,0.13424,1187,4,12
LBX180LA,0.12816,1187,4,12
LBX187LA,0.79584,1187,4,12
LBX194LA,0.39616,1187,4,12
LBXPCBLA,0.1472,1187,4,12
LBXHXCLA,0.07136,1187,4,12
LBX118LA,0.75392,1187,4,12
LBXD03LA,0.18528,1187,4,12
LBXD05LA,0.18512,1187,4,12
LBXD07LA,0.0496,1187,4,12
LBXF03LA,0.21984,1187,4,12
LBXF04LA,0.35632,1187,4,12
LBXF05LA,0.10608,1187,4,12
LBXF08LA,0.09568,1187,4,12
LBX074LA,0.4744,1188,1,12
LBX099LA,0.14288,1188,1,12
LBX138LA,0.2584,1188,1,12
LBX153LA,0.21472,1188,1,12
LBX170LA,0.2408,1188,1,12
LBX180LA,0.21504,1188,1,12
LBX187LA,0.17728,1188,1,12
LBX194LA,0.94752,1188,1,12
LBXPCBLA,0.13168,1188,1,12
LBXHXCLA,0.20672,1188,1,12
LBX118LA,0.48432,1188,1,12
LBXD03LA,0.13664,1188,1,12
LBXD05LA,0.97984,1188,1,12
LBXD07LA,0.14416,1188,1,12
LBXF03LA,0.12192,1188,1,12
LBXF04LA,0.09552,1188,1,12
LBXF05LA,0.09456,1188,1,12
LBXF08LA,0.0904,1188,1,12
LBX074LA,0.06448,1189,2,12
LBX099LA,0.04928,1189,2,12
LBX138LA,0.08864,1189,2,12
LBX153LA,0.13376,1189,2,12
LBX170LA,0.1496,1189,2,12
LBX180LA,0.2624,1189,2,12
LBX187LA,0.172,1189,2,12
LBX194LA,0.7712,1189,2,12
LBXPCBLA,0.14624,1189,2,12
LBXHXCLA,0.07248,1189,2,12
LBX118LA,0.05728,1189,2,12
LBXD03LA,0.28816,1189,2,12
LBXD05LA,0.04544,1189,2,12
LBXD07LA,0.06816,1189,2,12
LBXF03LA,0.15888,1189,2,12
LBXF04LA,0.69952,1189,2,12
LBXF05LA,0.0728,1189,2,12
LBXF08LA,0.05184,1189,2,12
LBX074LA,0.18512,1190,2,12
LBX099LA,0.09392,1190,2,12
LBX138LA,0.22096,1190,2,12
LBX153LA,0.38128,1190,2,12
LBX170LA,0.39632,1190,2,12
LBX180LA,0.28112,1190,2,12
LBX187LA,0.15472,1190,2,12
LBX194LA,0.3808,1190,2,12
LBXPCBLA,0.13552,1190,2,12
LBXHXCLA,0.15424,1190,2,12
LBX118LA,0.23792,1190,2,12
LBXD03LA,0.15008,1190,2,12
LBXD05LA,0.07392,1190,2,12
LBXD07LA,0.0568,1190,2,12
LBXF03LA,0.168,1190,2,12
LBXF04LA,0.31456,1190,2,12
LBXF05LA,0.96192,1190,2,12
LBXF08LA,0.06368,1190,2,12
LBX074LA,0.11184,1191,2,12
LBX099LA,0.07504,1191,2,12
LBX138LA,0.13264,1191,2,12
LBX153LA,0.1696,1191,2,12
LBX170LA,0.42144,1191,2,12
LBX180LA,0.8784,1191,2,12
LBX187LA,0.14048,1191,2,12
LBX194LA,0.68352,1191,2,12
LBXPCBLA,0.05984,1191,2,12
LBXHXCLA,0.09968,1191,2,12
LBX118LA,0.06432,1191,2,12
LBXD03LA,0.06624,1191,2,12
LBXD05LA,0.23568,1191,2,12
LBXD07LA,0.27872,1191,2,12
LBXF03LA,0.16736,1191,2,12
LBXF04LA,0.99248,1191,2,12
LBXF05LA,0.064,1191,2,12
LBXF08LA,0.06176,1191,2,12
LBX074LA,0.83136,1192,3,12
LBX099LA,0.14544,1192,3,12
LBX138LA,0.09536,1192,3,12
LBX153LA,0.13152,1192,3,12
LBX170LA,0.1016,1192,3,12
LBX180LA,0.15152,1192,3,12
LBX187LA,0.51552,1192,3,12
LBX194LA,0.30112,1192,3,12
LBXPCBLA,0.0496,1192,3,12
LBXHXCLA,0.096,1192,3,12
LBX118LA,0.31392,1192,3,12
LBXD03LA,0.7208,1192,3,12
LBXD05LA,0.27072,1192,3,12
LBXD07LA,0.22144,1192,3,12
LBXF03LA,0.26848,1192,3,12
LBXF04LA,0.92096,1192,3,12
LBXF05LA,0.1336,1192,3,12
LBXF08LA,0.20832,1192,3,12
LBX074LA,0.2512,1193,1,12
LBX099LA,0.13424,1193,1,12
LBX138LA,0.18912,1193,1,12
LBX153LA,0.19152,1193,1,12
LBX170LA,0.40368,1193,1,12
LBX180LA,0.19312000000000001,1193,1,12
LBX187LA,0.78,1193,1,12
LBX194LA,0.99632,1193,1,12
LBXPCBLA,0.16416,1193,1,12
LBXHXCLA,0.15936,1193,1,12
LBX118LA,0.65792,1193,1,12
LBXD03LA,0.31728,1193,1,12
LBXD05LA,0.7328,1193,1,12
LBXD07LA,0.11168,1193,1,12
LBXF03LA,0.09952,1193,1,12
LBXF04LA,0.08672,1193,1,12
LBXF05LA,0.10512,1193,1,12
LBXF08LA,0.1096,1193,1,12
LBX074LA,0.1528,1194,1,12
LBX099LA,0.0928,1194,1,12
LBX138LA,0.12784,1194,1,12
LBX153LA,0.14192,1194,1,12
LBX170LA,0.1536,1194,1,12
LBX180LA,0.10432,1194,1,12
LBX187LA,0.32464,1194,1,12
LBX194LA,0.47264,1194,1,12
LBXPCBLA,0.25072,1194,1,12
LBXHXCLA,0.15936,1194,1,12
LBX118LA,0.12352,1194,1,12
LBXD03LA,0.07536,1194,1,12
LBXD05LA,0.33632,1194,1,12
LBXD07LA,0.10016,1194,1,12
LBXF03LA,0.13712,1194,1,12
LBXF04LA,0.12672,1194,1,12
LBXF05LA,0.08288,1194,1,12
LBXF08LA,0.06208,1194,1,12
LBX074LA,0.944,1195,2,12
LBX099LA,0.13712,1195,2,12
LBX138LA,0.38416,1195,2,12
LBX153LA,0.30416,1195,2,12
LBX170LA,0.53024,1195,2,12
LBX180LA,0.22896,1195,2,12
LBX187LA,0.136,1195,2,12
LBX194LA,0.31072,1195,2,12
LBXPCBLA,0.13424,1195,2,12
LBXHXCLA,0.156,1195,2,12
LBX118LA,0.67696,1195,2,12
LBXD03LA,0.4328,1195,2,12
LBXD05LA,0.95712,1195,2,12
LBXD07LA,0.1632,1195,2,12
LBXF03LA,0.1864,1195,2,12
LBXF04LA,0.3776,1195,2,12
LBXF05LA,0.0704,1195,2,12
LBXF08LA,0.07616,1195,2,12
LBX074LA,0.04288,1196,4,12
LBX099LA,0.85328,1196,4,12
LBX138LA,0.1072,1196,4,12
LBX153LA,0.24576,1196,4,12
LBX170LA,0.1,1196,4,12
LBX180LA,0.11168,1196,4,12
LBX187LA,0.08912,1196,4,12
LBX194LA,0.88432,1196,4,12
LBXPCBLA,0.2968,1196,4,12
LBXHXCLA,0.08416,1196,4,12
LBX118LA,0.16992,1196,4,12
LBXD03LA,0.8656,1196,4,12
LBXD05LA,0.1232,1196,4,12
LBXD07LA,0.03424,1196,4,12
LBXF03LA,0.10736,1196,4,12
LBXF04LA,0.74608,1196,4,12
LBXF05LA,0.10992,1196,4,12
LBXF08LA,0.04832,1196,4,12
LBX074LA,0.61632,1197,2,12
LBX099LA,0.12416,1197,2,12
LBX138LA,0.25392,1197,2,12
LBX153LA,0.19216,1197,2,12
LBX170LA,0.18848,1197,2,12
LBX180LA,0.37952,1197,2,12
LBX187LA,0.23408,1197,2,12
LBX194LA,0.13776,1197,2,12
LBXPCBLA,0.11216,1197,2,12
LBXHXCLA,0.08608,1197,2,12
LBX118LA,0.13664,1197,2,12
LBXD03LA,0.11328,1197,2,12
LBXD05LA,0.89184,1197,2,12
LBXD07LA,0.06896,1197,2,12
LBXF03LA,0.1152,1197,2,12
LBXF04LA,0.19024,1197,2,12
LBXF05LA,0.22352,1197,2,12
LBXF08LA,0.08464,1197,2,12
LBX074LA,0.69536,1198,2,12
LBX099LA,0.08976,1198,2,12
LBX138LA,0.25696,1198,2,12
LBX153LA,0.2792,1198,2,12
LBX170LA,0.22576,1198,2,12
LBX180LA,0.30544,1198,2,12
LBX187LA,0.19424,1198,2,12
LBX194LA,0.54,1198,2,12
LBXPCBLA,0.59488,1198,2,12
LBXHXCLA,0.27712,1198,2,12
LBX118LA,0.22448,1198,2,12
LBXD03LA,0.12048,1198,2,12
LBXD05LA,0.08256,1198,2,12
LBXD07LA,0.1528,1198,2,12
LBXF03LA,0.16112,1198,2,12
LBXF04LA,0.76528,1198,2,12
LBXF05LA,0.2872,1198,2,12
LBXF08LA,0.42352,1198,2,12
LBX074LA,0.97776,1199,1,12
LBX099LA,0.19552,1199,1,12
LBX138LA,0.23808000000000001,1199,1,12
LBX153LA,0.2848,1199,1,12
LBX170LA,0.20528,1199,1,12
LBX180LA,0.2144,1199,1,12
LBX187LA,0.24336,1199,1,12
LBX194LA,0.59104,1199,1,12
LBXPCBLA,0.11744,1199,1,12
LBXHXCLA,0.12976,1199,1,12
LBX118LA,0.14624,1199,1,12
LBXD03LA,0.15856,1199,1,12
LBXD05LA,0.1752,1199,1,12
LBXD07LA,0.4416,1199,1,12
LBXF03LA,0.11936,1199,1,12
LBXF04LA,0.86528,1199,1,12
LBXF05LA,0.34192,1199,1,12
LBXF08LA,0.33264,1199,1,12
LBX074LA,0.79056,1200,2,12
LBX099LA,0.1856,1200,2,12
LBX138LA,0.14816,1200,2,12
LBX153LA,0.1176,1200,2,12
LBX170LA,0.1144,1200,2,12
LBX180LA,0.10736,1200,2,12
LBX187LA,0.15424,1200,2,12
LBX194LA,0.26528,1200,2,12
LBXPCBLA,0.05248,1200,2,12
LBXHXCLA,0.08768,1200,2,12
LBX118LA,0.11088,1200,2,12
LBXD03LA,0.13088,1200,2,12
LBXD05LA,0.12576,1200,2,12
LBXD07LA,0.05792,1200,2,12
LBXF03LA,0.07376,1200,2,12
LBXF04LA,0.84592,1200,2,12
LBXF05LA,0.1096,1200,2,12
LBXF08LA,0.08112,1200,2,12
LBX074LA,0.12848,1201,2,13
LBX099LA,0.12352,1201,2,13
LBX138LA,0.14528,1201,2,13
LBX153LA,0.18448,1201,2,13
LBX170LA,0.1712,1201,2,13
LBX180LA,0.3424,1201,2,13
LBX187LA,0.09232,1201,2,13
LBX194LA,0.688,1201,2,13
LBXPCBLA,0.05072,1201,2,13
LBXHXCLA,0.04304,1201,2,13
LBX118LA,0.67984,1201,2,13
LBXD03LA,0.18272,1201,2,13
LBXD05LA,0.98832,1201,2,13
LBXD07LA,0.08864,1201,2,13
LBXF03LA,0.03776,1201,2,13
LBXF04LA,0.9848,1201,2,13
LBXF05LA,0.07376,1201,2,13
LBXF08LA,0.03216,1201,2,13
LBX074LA,0.284,1202,1,13
LBX099LA,0.15072,1202,1,13
LBX138LA,0.14832,1202,1,13
LBX153LA,0.20144,1202,1,13
LBX170LA,0.1512,1202,1,13
LBX180LA,0.16528,1202,1,13
LBX187LA,0.13088,1202,1,13
LBX194LA,0.1496,1202,1,13
LBXPCBLA,0.13424,1202,1,13
LBXHXCLA,0.2592,1202,1,13
LBX118LA,0.24032,1202,1,13
LBXD03LA,0.44832,1202,1,13
LBXD05LA,0.15088,1202,1,13
LBXD07LA,0.35648,1202,1,13
LBXF03LA,0.13888,1202,1,13
LBXF04LA,0.43648,1202,1,13
LBXF05LA,0.11216,1202,1,13
LBXF08LA,0.10816,1202,1,13
LBX074LA,0.1384,1203,2,13
LBX099LA,0.85296,1203,2,13
LBX138LA,0.13472,1203,2,13
LBX153LA,0.14848,1203,2,13
LBX170LA,0.27696,1203,2,13
LBX180LA,0.19152,1203,2,13
LBX187LA,0.19984,1203,2,13
LBX194LA,0.17072,1203,2,13
LBXPCBLA,0.2416,1203,2,13
LBXHXCLA,0.08896,1203,2,13
LBX118LA,0.17376,1203,2,13
LBXD03LA,0.13264,1203,2,13
LBXD05LA,0.164,1203,2,13
LBXD07LA,0.14064,1203,2,13
LBXF03LA,0.06112,1203,2,13
LBXF04LA,0.31712,1203,2,13
LBXF05LA,0.504,1203,2,13
LBXF08LA,0.22992,1203,2,13
LBX074LA,0.1672,1204,2,13
LBX099LA,0.2112,1204,2,13
LBX138LA,0.17024,1204,2,13
LBX153LA,0.1696,1204,2,13
LBX170LA,0.1408,1204,2,13
LBX180LA,0.11488,1204,2,13
LBX187LA,0.12992,1204,2,13
LBX194LA,0.11232,1204,2,13
LBXPCBLA,0.57152,1204,2,13
LBXHXCLA,0.3576,1204,2,13
LBX118LA,0.18432,1204,2,13
LBXD03LA,0.1392,1204,2,13
LBXD05LA,0.58864,1204,2,13
LBXD07LA,0.65056,1204,2,13
LBXF03LA,0.09936,1204,2,13
LBXF04LA,0.69936,1204,2,13
LBXF05LA,0.412,1204,2,13
LBXF08LA,0.19312000000000001,1204,2,13
LBX074LA,0.15152,1205,3,13
LBX099LA,0.05024,1205,3,13
LBX138LA,0.07648,1205,3,13
LBX153LA,0.0896,1205,3,13
LBX170LA,0.04624,1205,3,13
LBX180LA,0.19856,1205,3,13
LBX187LA,0.17008,1205,3,13
LBX194LA,0.2008,1205,3,13
LBXPCBLA,0.90352,1205,3,13
LBXHXCLA,0.1936,1205,3,13
LBX118LA,0.21184,1205,3,13
LBXD03LA,0.13904,1205,3,13
LBXD05LA,0.16032,1205,3,13
LBXD07LA,0.02992,1205,3,13
LBXF03LA,0.02912,1205,3,13
LBXF04LA,0.25632,1205,3,13
LBXF05LA,0.18368,1205,3,13
LBXF08LA,0.02864,1205,3,13
LBX074LA,0.09424,1206,2,13
LBX099LA,0.43312,1206,2,13
LBX138LA,0.26272,1206,2,13
LBX153LA,0.17312,1206,2,13
LBX170LA,0.17776,1206,2,13
LBX180LA,0.12544,1206,2,13
LBX187LA,0.54352,1206,2,13
LBX194LA,0.15504,1206,2,13
LBXPCBLA,0.31296,1206,2,13
LBXHXCLA,0.17984,1206,2,13
LBX118LA,0.53456,1206,2,13
LBXD03LA,0.17168,1206,2,13
LBXD05LA,0.13168,1206,2,13
LBXD07LA,0.07696,1206,2,13
LBXF03LA,0.04544,1206,2,13
LBXF04LA,0.36272,1206,2,13
LBXF05LA,0.16064,1206,2,13
LBXF08LA,0.07312,1206,2,13
LBX074LA,0.54928,1207,2,13
LBX099LA,0.78864,1207,2,13
LBX138LA,0.30176,1207,2,13
LBX153LA,0.55232,1207,2,13
LBX170LA,0.30544,1207,2,13
LBX180LA,0.19392,1207,2,13
LBX187LA,0.36976,1207,2,13
LBX194LA,0.65808,1207,2,13
LBXPCBLA,0.06576,1207,2,13
LBXHXCLA,0.42064,1207,2,13
LBX118LA,0.16464,1207,2,13
LBXD03LA,0.16304,1207,2,13
LBXD05LA,0.88576,1207,2,13
LBXD07LA,0.12336,1207,2,13
LBXF03LA,0.23248,1207,2,13
LBXF04LA,0.22768,1207,2,13
LBXF05LA,0.62592,1207,2,13
LBXF08LA,0.05888,1207,2,13
LBX074LA,0.39872,1208,3,13
LBX099LA,0.5128,1208,3,13
LBX138LA,0.30512,1208,3,13
LBX153LA,0.88464,1208,3,13
LBX170LA,0.23376,1208,3,13
LBX180LA,0.21456,1208,3,13
LBX187LA,0.41952,1208,3,13
LBX194LA,0.13424,1208,3,13
LBXPCBLA,0.98688,1208,3,13
LBXHXCLA,0.15376,1208,3,13
LBX118LA,0.11488,1208,3,13
LBXD03LA,0.30464,1208,3,13
LBXD05LA,0.32304,1208,3,13
LBXD07LA,0.70896,1208,3,13
LBXF03LA,0.5608,1208,3,13
LBXF04LA,0.48512,1208,3,13
LBXF05LA,0.18752,1208,3,13
LBXF08LA,0.78208,1208,3,13
LBX074LA,0.30016,1209,1,13
LBX099LA,0.14096,1209,1,13
LBX138LA,0.1848,1209,1,13
LBX153LA,0.18304,1209,1,13
LBX170LA,0.13552,1209,1,13
LBX180LA,0.24896,1209,1,13
LBX187LA,0.1256,1209,1,13
LBX194LA,0.10512,1209,1,13
LBXPCBLA,0.28576,1209,1,13
LBXHXCLA,0.10544,1209,1,13
LBX118LA,0.58512,1209,1,13
LBXD03LA,0.13312,1209,1,13
LBXD05LA,0.15104,1209,1,13
LBXD07LA,0.44672,1209,1,13
LBXF03LA,0.09472,1209,1,13
LBXF04LA,0.10208,1209,1,13
LBXF05LA,0.15744,1209,1,13
LBXF08LA,0.27248,1209,1,13
LBX074LA,0.21488,1210,1,13
LBX099LA,0.30176,1210,1,13
LBX138LA,0.45168,1210,1,13
LBX153LA,0.25136,1210,1,13
LBX170LA,0.09392,1210,1,13
LBX180LA,0.11536,1210,1,13
LBX187LA,0.13792,1210,1,13
LBX194LA,0.08288,1210,1,13
LBXPCBLA,0.07408,1210,1,13
LBXHXCLA,0.11504,1210,1,13
LBX118LA,0.51232,1210,1,13
LBXD03LA,0.1336,1210,1,13
LBXD05LA,0.76928,1210,1,13
LBXD07LA,0.12544,1210,1,13
LBXF03LA,0.059520000000000003,1210,1,13
LBXF04LA,0.31248,1210,1,13
LBXF05LA,0.06256,1210,1,13
LBXF08LA,0.05504,1210,1,13
LBX074LA,0.4992,1211,2,13
LBX099LA,0.60736,1211,2,13
LBX138LA,0.15312,1211,2,13
LBX153LA,0.1896,1211,2,13
LBX170LA,0.1784,1211,2,13
LBX180LA,0.28912,1211,2,13
LBX187LA,0.32864,1211,2,13
LBX194LA,0.8048,1211,2,13
LBXPCBLA,0.0744,1211,2,13
LBXHXCLA,0.11136,1211,2,13
LBX118LA,0.38512,1211,2,13
LBXD03LA,0.14848,1211,2,13
LBXD05LA,0.6256,1211,2,13
LBXD07LA,0.12592,1211,2,13
LBXF03LA,0.07728,1211,2,13
LBXF04LA,0.24688,1211,2,13
LBXF05LA,0.2544,1211,2,13
LBXF08LA,0.07248,1211,2,13
LBX074LA,0.78496,1212,2,13
LBX099LA,0.23232,1212,2,13
LBX138LA,0.31648,1212,2,13
LBX153LA,0.25392,1212,2,13
LBX170LA,0.21024,1212,2,13
LBX180LA,0.24688,1212,2,13
LBX187LA,0.28976,1212,2,13
LBX194LA,0.4512,1212,2,13
LBXPCBLA,0.58704,1212,2,13
LBXHXCLA,0.20848,1212,2,13
LBX118LA,0.69984,1212,2,13
LBXD03LA,0.11472,1212,2,13
LBXD05LA,0.61568,1212,2,13
LBXD07LA,0.46144,1212,2,13
LBXF03LA,0.1248,1212,2,13
LBXF04LA,0.31648,1212,2,13
LBXF05LA,0.13728,1212,2,13
LBXF08LA,0.43984,1212,2,13
LBX074LA,0.9544,1213,1,13
LBX099LA,0.18624,1213,1,13
LBX138LA,0.26832,1213,1,13
LBX153LA,0.41888,1213,1,13
LBX170LA,0.216,1213,1,13
LBX180LA,0.24,1213,1,13
LBX187LA,0.17824,1213,1,13
LBX194LA,0.16128,1213,1,13
LBXPCBLA,0.51376,1213,1,13
LBXHXCLA,0.14016,1213,1,13
LBX118LA,0.44816,1213,1,13
LBXD03LA,0.12288,1213,1,13
LBXD05LA,0.58096,1213,1,13
LBXD07LA,0.1072,1213,1,13
LBXF03LA,0.61024,1213,1,13
LBXF04LA,0.37808,1213,1,13
LBXF05LA,0.1064,1213,1,13
LBXF08LA,0.17008,1213,1,13
LBX074LA,0.30064,1214,2,13
LBX099LA,0.14704,1214,2,13
LBX138LA,0.10432,1214,2,13
LBX153LA,0.12144,1214,2,13
LBX170LA,0.18544,1214,2,13
LBX180LA,0.13168,1214,2,13
LBX187LA,0.14128,1214,2,13
LBX194LA,0.77728,1214,2,13
LBXPCBLA,0.19648,1214,2,13
LBXHXCLA,0.14832,1214,2,13
LBX118LA,0.13888,1214,2,13
LBXD03LA,0.0928,1214,2,13
LBXD05LA,0.11536,1214,2,13
LBXD07LA,0.29712,1214,2,13
LBXF03LA,0.19632,1214,2,13
LBXF04LA,0.9656,1214,2,13
LBXF05LA,0.11536,1214,2,13
LBXF08LA,0.05936,1214,2,13
LBX074LA,0.8424,1215,1,13
LBX099LA,0.15824,1215,1,13
LBX138LA,0.20864,1215,1,13
LBX153LA,0.30464,1215,1,13
LBX170LA,0.30576,1215,1,13
LBX180LA,0.81744000000000006,1215,1,13
LBX187LA,0.16784,1215,1,13
LBX194LA,0.18816,1215,1,13
LBXPCBLA,0.13168,1215,1,13
LBXHXCLA,0.36096,1215,1,13
LBX118LA,0.23552,1215,1,13
LBXD03LA,0.1312,1215,1,13
LBXD05LA,0.86784,1215,1,13
LBXD07LA,0.13344,1215,1,13
LBXF03LA,0.2608,1215,1,13
LBXF04LA,0.2048,1215,1,13
LBXF05LA,0.61536,1215,1,13
LBXF08LA,0.08816,1215,1,13
LBX074LA,0.98384,1216,2,13
LBX099LA,0.17776,1216,2,13
LBX138LA,0.1864,1216,2,13
LBX153LA,0.1672,1216,2,13
LBX170LA,0.372,1216,2,13
LBX180LA,0.69616,1216,2,13
LBX187LA,0.70848,1216,2,13
LBX194LA,0.41568,1216,2,13
LBXPCBLA,0.16528,1216,2,13
LBXHXCLA,0.0792,1216,2,13
LBX118LA,0.12992,1216,2,13
LBXD03LA,0.4344,1216,2,13
LBXD05LA,0.60288,1216,2,13
LBXD07LA,0.20368,1216,2,13
LBXF03LA,0.08832,1216,2,13
LBXF04LA,0.1288,1216,2,13
LBXF05LA,0.13312,1216,2,13
LBXF08LA,0.06448,1216,2,13
LBX074LA,0.83536,1217,1,13
LBX099LA,0.21248,1217,1,13
LBX138LA,0.232,1217,1,13
LBX153LA,0.32896,1217,1,13
LBX170LA,0.3448,1217,1,13
LBX180LA,0.39632,1217,1,13
LBX187LA,0.39008,1217,1,13
LBX194LA,0.54672,1217,1,13
LBXPCBLA,0.09008,1217,1,13
LBXHXCLA,0.44544,1217,1,13
LBX118LA,0.2856,1217,1,13
LBXD03LA,0.17136,1217,1,13
LBXD05LA,0.39728,1217,1,13
LBXD07LA,0.19536,1217,1,13
LBXF03LA,0.52736,1217,1,13
LBXF04LA,0.2424,1217,1,13
LBXF05LA,0.17744,1217,1,13
LBXF08LA,0.08848,1217,1,13
LBX074LA,0.25664,1218,1,13
LBX099LA,0.10592,1218,1,13
LBX138LA,0.18048,1218,1,13
LBX153LA,0.19232,1218,1,13
LBX170LA,0.20928,1218,1,13
LBX180LA,0.17744,1218,1,13
LBX187LA,0.29584,1218,1,13
LBX194LA,0.66448,1218,1,13
LBXPCBLA,0.16208,1218,1,13
LBXHXCLA,0.19376,1218,1,13
LBX118LA,0.17984,1218,1,13
LBXD03LA,0.85728,1218,1,13
LBXD05LA,0.22576,1218,1,13
LBXD07LA,0.08384,1218,1,13
LBXF03LA,0.14208,1218,1,13
LBXF04LA,0.21616,1218,1,13
LBXF05LA,0.1288,1218,1,13
LBXF08LA,0.0816,1218,1,13
LBX074LA,0.14192,1219,3,13
LBX099LA,0.05216,1219,3,13
LBX138LA,0.22784,1219,3,13
LBX153LA,0.57136,1219,3,13
LBX170LA,0.39232,1219,3,13
LBX180LA,0.096,1219,3,13
LBX187LA,0.21232,1219,3,13
LBX194LA,0.93792,1219,3,13
LBXPCBLA,0.69088,1219,3,13
LBXHXCLA,0.1576,1219,3,13
LBX118LA,0.76576,1219,3,13
LBXD03LA,0.15216,1219,3,13
LBXD05LA,0.33728,1219,3,13
LBXD07LA,0.0744,1219,3,13
LBXF03LA,0.0848,1219,3,13
LBXF04LA,0.48432,1219,3,13
LBXF05LA,0.67312,1219,3,13
LBXF08LA,0.06688,1219,3,13
LBX074LA,0.20976,1220,4,13
LBX099LA,0.29536,1220,4,13
LBX138LA,0.172,1220,4,13
LBX153LA,0.32976,1220,4,13
LBX170LA,0.2136,1220,4,13
LBX180LA,0.24048,1220,4,13
LBX187LA,0.27648,1220,4,13
LBX194LA,0.73216,1220,4,13
LBXPCBLA,0.03312,1220,4,13
LBXHXCLA,0.78272,1220,4,13
LBX118LA,0.13072,1220,4,13
LBXD03LA,0.9144,1220,4,13
LBXD05LA,0.10896,1220,4,13
LBXD07LA,0.26608,1220,4,13
LBXF03LA,0.04592,1220,4,13
LBXF04LA,0.28592,1220,4,13
LBXF05LA,0.19408,1220,4,13
LBXF08LA,0.07904,1220,4,13
LBX074LA,0.71248,1221,3,13
LBX099LA,0.13696,1221,3,13
LBX138LA,0.66336,1221,3,13
LBX153LA,0.3256,1221,3,13
LBX170LA,0.1408,1221,3,13
LBX180LA,0.31088,1221,3,13
LBX187LA,0.18064,1221,3,13
LBX194LA,0.6616,1221,3,13
LBXPCBLA,0.0536,1221,3,13
LBXHXCLA,0.104,1221,3,13
LBX118LA,0.51984,1221,3,13
LBXD03LA,0.15792,1221,3,13
LBXD05LA,0.20288,1221,3,13
LBXD07LA,0.30944,1221,3,13
LBXF03LA,0.08784,1221,3,13
LBXF04LA,0.87152,1221,3,13
LBXF05LA,0.10704,1221,3,13
LBXF08LA,0.0984,1221,3,13
LBX074LA,0.24832,1222,3,13
LBX099LA,0.072,1222,3,13
LBX138LA,0.17488,1222,3,13
LBX153LA,0.17504,1222,3,13
LBX170LA,0.23568,1222,3,13
LBX180LA,0.07904,1222,3,13
LBX187LA,0.21136,1222,3,13
LBX194LA,0.9016,1222,3,13
LBXPCBLA,0.1848,1222,3,13
LBXHXCLA,0.03568,1222,3,13
LBX118LA,0.54064,1222,3,13
LBXD03LA,0.04928,1222,3,13
LBXD05LA,0.10912,1222,3,13
LBXD07LA,0.97568,1222,3,13
LBXF03LA,0.28864,1222,3,13
LBXF04LA,0.90128,1222,3,13
LBXF05LA,0.10592,1222,3,13
LBXF08LA,0.13968,1222,3,13
LBX074LA,0.16112,1223,1,13
LBX099LA,0.16352,1223,1,13
LBX138LA,0.18768,1223,1,13
LBX153LA,0.20832,1223,1,13
LBX170LA,0.31024,1223,1,13
LBX180LA,0.23616,1223,1,13
LBX187LA,0.17328,1223,1,13
LBX194LA,0.7952,1223,1,13
LBXPCBLA,0.12944,1223,1,13
LBXHXCLA,0.25904,1223,1,13
LBX118LA,0.29584,1223,1,13
LBXD03LA,0.15184,1223,1,13
LBXD05LA,0.49056,1223,1,13
LBXD07LA,0.47072,1223,1,13
LBXF03LA,0.13776,1223,1,13
LBXF04LA,0.40784,1223,1,13
LBXF05LA,0.43216,1223,1,13
LBXF08LA,0.08848,1223,1,13
LBX074LA,0.58032,1224,2,13
LBX099LA,0.11728,1224,2,13
LBX138LA,0.14432,1224,2,13
LBX153LA,0.16688,1224,2,13
LBX170LA,0.36944,1224,2,13
LBX180LA,0.27024,1224,2,13
LBX187LA,0.59616,1224,2,13
LBX194LA,0.21824,1224,2,13
LBXPCBLA,0.17312,1224,2,13
LBXHXCLA,0.15312,1224,2,13
LBX118LA,0.42288,1224,2,13
LBXD03LA,0.26432,1224,2,13
LBXD05LA,0.70848,1224,2,13
LBXD07LA,0.31296,1224,2,13
LBXF03LA,0.06672,1224,2,13
LBXF04LA,0.08224,1224,2,13
LBXF05LA,0.14688,1224,2,13
LBXF08LA,0.05744,1224,2,13
LBX074LA,0.5784,1225,2,13
LBX099LA,0.41504,1225,2,13
LBX138LA,0.1488,1225,2,13
LBX153LA,0.18128,1225,2,13
LBX170LA,0.36096,1225,2,13
LBX180LA,0.28512,1225,2,13
LBX187LA,0.43776,1225,2,13
LBX194LA,0.9072,1225,2,13
LBXPCBLA,0.08832,1225,2,13
LBXHXCLA,0.12768,1225,2,13
LBX118LA,0.24096,1225,2,13
LBXD03LA,0.14816,1225,2,13
LBXD05LA,0.24496,1225,2,13
LBXD07LA,0.0752,1225,2,13
LBXF03LA,0.13248,1225,2,13
LBXF04LA,0.87184,1225,2,13
LBXF05LA,0.18864,1225,2,13
LBXF08LA,0.27536,1225,2,13
LBX074LA,0.85904,1226,2,13
LBX099LA,0.07392,1226,2,13
LBX138LA,0.09616,1226,2,13
LBX153LA,0.09376,1226,2,13
LBX170LA,0.20384,1226,2,13
LBX180LA,0.11472,1226,2,13
LBX187LA,0.22512,1226,2,13
LBX194LA,0.352,1226,2,13
LBXPCBLA,0.56352,1226,2,13
LBXHXCLA,0.06112,1226,2,13
LBX118LA,0.79152,1226,2,13
LBXD03LA,0.06096,1226,2,13
LBXD05LA,0.08304,1226,2,13
LBXD07LA,0.03712,1226,2,13
LBXF03LA,0.12224,1226,2,13
LBXF04LA,0.96048,1226,2,13
LBXF05LA,0.04128,1226,2,13
LBXF08LA,0.19472,1226,2,13
LBX074LA,0.13296,1227,1,13
LBX099LA,0.17648,1227,1,13
LBX138LA,0.18864,1227,1,13
LBX153LA,0.21072,1227,1,13
LBX170LA,0.9312,1227,1,13
LBX180LA,0.28304,1227,1,13
LBX187LA,0.13952,1227,1,13
LBX194LA,0.27376,1227,1,13
LBXPCBLA,0.53216,1227,1,13
LBXHXCLA,0.1328,1227,1,13
LBX118LA,0.26448,1227,1,13
LBXD03LA,0.20192,1227,1,13
LBXD05LA,0.27888,1227,1,13
LBXD07LA,0.16608,1227,1,13
LBXF03LA,0.10128,1227,1,13
LBXF04LA,0.84192,1227,1,13
LBXF05LA,0.12048,1227,1,13
LBXF08LA,0.084,1227,1,13
LBX074LA,0.56336,1228,2,13
LBX099LA,0.14864,1228,2,13
LBX138LA,0.18048,1228,2,13
LBX153LA,0.1704,1228,2,13
LBX170LA,0.24256,1228,2,13
LBX180LA,0.42832,1228,2,13
LBX187LA,0.2136,1228,2,13
LBX194LA,0.83712,1228,2,13
LBXPCBLA,0.33248,1228,2,13
LBXHXCLA,0.37008,1228,2,13
LBX118LA,0.20192,1228,2,13
LBXD03LA,0.13104,1228,2,13
LBXD05LA,0.53072,1228,2,13
LBXD07LA,0.16816,1228,2,13
LBXF03LA,0.07568,1228,2,13
LBXF04LA,0.79824,1228,2,13
LBXF05LA,0.45584,1228,2,13
LBXF08LA,0.06368,1228,2,13
LBX074LA,0.15904,1229,2,13
LBX099LA,0.75712,1229,2,13
LBX138LA,0.29808,1229,2,13
LBX153LA,0.2856,1229,2,13
LBX170LA,0.53744,1229,2,13
LBX180LA,0.20608,1229,2,13
LBX187LA,0.1456,1229,2,13
LBX194LA,0.20048,1229,2,13
LBXPCBLA,0.47616000000000003,1229,2,13
LBXHXCLA,0.18064,1229,2,13
LBX118LA,0.07792,1229,2,13
LBXD03LA,0.07664,1229,2,13
LBXD05LA,0.22688,1229,2,13
LBXD07LA,0.05408,1229,2,13
LBXF03LA,0.04688,1229,2,13
LBXF04LA,0.2832,1229,2,13
LBXF05LA,0.04176,1229,2,13
LBXF08LA,0.14176,1229,2,13
LBX074LA,0.64416,1230,1,13
LBX099LA,0.43248,1230,1,13
LBX138LA,0.33312,1230,1,13
LBX153LA,0.23488,1230,1,13
LBX170LA,0.48464,1230,1,13
LBX180LA,0.30032,1230,1,13
LBX187LA,0.18768,1230,1,13
LBX194LA,0.17632,1230,1,13
LBXPCBLA,0.29968,1230,1,13
LBXHXCLA,0.23504,1230,1,13
LBX118LA,0.2808,1230,1,13
LBXD03LA,0.1472,1230,1,13
LBXD05LA,0.15008,1230,1,13
LBXD07LA,0.10848,1230,1,13
LBXF03LA,0.10384,1230,1,13
LBXF04LA,0.16832,1230,1,13
LBXF05LA,0.6056,1230,1,13
LBXF08LA,0.08592,1230,1,13
LBX074LA,0.96816,1231,1,13
LBX099LA,0.18064,1231,1,13
LBX138LA,0.20688,1231,1,13
LBX153LA,0.26976,1231,1,13
LBX170LA,0.21168,1231,1,13
LBX180LA,0.57904,1231,1,13
LBX187LA,0.6656,1231,1,13
LBX194LA,0.24176,1231,1,13
LBXPCBLA,0.22448,1231,1,13
LBXHXCLA,0.34032,1231,1,13
LBX118LA,0.19552,1231,1,13
LBXD03LA,0.15936,1231,1,13
LBXD05LA,0.17312,1231,1,13
LBXD07LA,0.93568,1231,1,13
LBXF03LA,0.11744,1231,1,13
LBXF04LA,0.16592,1231,1,13
LBXF05LA,0.15328,1231,1,13
LBXF08LA,0.112,1231,1,13
LBX074LA,0.98704,1232,2,13
LBX099LA,0.04736,1232,2,13
LBX138LA,0.05408,1232,2,13
LBX153LA,0.06,1232,2,13
LBX170LA,0.10512,1232,2,13
LBX180LA,0.09568,1232,2,13
LBX187LA,0.18624,1232,2,13
LBX194LA,0.80192,1232,2,13
LBXPCBLA,0.04352,1232,2,13
LBXHXCLA,0.07344,1232,2,13
LBX118LA,0.99168,1232,2,13
LBXD03LA,0.05088,1232,2,13
LBXD05LA,0.112,1232,2,13
LBXD07LA,0.04448,1232,2,13
LBXF03LA,0.0376,1232,2,13
LBXF04LA,0.04368,1232,2,13
LBXF05LA,0.4824,1232,2,13
LBXF08LA,0.02176,1232,2,13
LBX074LA,0.36384,1233,2,13
LBX099LA,0.1344,1233,2,13
LBX138LA,0.11168,1233,2,13
LBX153LA,0.11808,1233,2,13
LBX170LA,0.13936,1233,2,13
LBX180LA,0.17984,1233,2,13
LBX187LA,0.12224,1233,2,13
LBX194LA,0.67008,1233,2,13
LBXPCBLA,0.15024,1233,2,13
LBXHXCLA,0.0664,1233,2,13
LBX118LA,0.6968,1233,2,13
LBXD03LA,0.08912,1233,2,13
LBXD05LA,0.3592,1233,2,13
LBXD07LA,0.0768,1233,2,13
LBXF03LA,0.2424,1233,2,13
LBXF04LA,0.476,1233,2,13
LBXF05LA,0.0904,1233,2,13
LBXF08LA,0.06944,1233,2,13
LBX074LA,0.86832,1234,3,13
LBX099LA,0.08736,1234,3,13
LBX138LA,0.13168,1234,3,13
LBX153LA,0.22368,1234,3,13
LBX170LA,0.14208,1234,3,13
LBX180LA,0.09184,1234,3,13
LBX187LA,0.24608,1234,3,13
LBX194LA,0.90096,1234,3,13
LBXPCBLA,0.0792,1234,3,13
LBXHXCLA,0.0424,1234,3,13
LBX118LA,0.19312000000000001,1234,3,13
LBXD03LA,0.08496,1234,3,13
LBXD05LA,0.13552,1234,3,13
LBXD07LA,0.1552,1234,3,13
LBXF03LA,0.03584,1234,3,13
LBXF04LA,0.98944,1234,3,13
LBXF05LA,0.6064,1234,3,13
LBXF08LA,0.03664,1234,3,13
LBX074LA,0.19312000000000001,1235,1,13
LBX099LA,0.10768,1235,1,13
LBX138LA,0.28768,1235,1,13
LBX153LA,0.48352,1235,1,13
LBX170LA,0.27904,1235,1,13
LBX180LA,0.45776,1235,1,13
LBX187LA,0.38224,1235,1,13
LBX194LA,0.29456,1235,1,13
LBXPCBLA,0.35184,1235,1,13
LBXHXCLA,0.3592,1235,1,13
LBX118LA,0.16768,1235,1,13
LBXD03LA,0.4352,1235,1,13
LBXD05LA,0.66656,1235,1,13
LBXD07LA,0.26912,1235,1,13
LBXF03LA,0.08848,1235,1,13
LBXF04LA,0.10848,1235,1,13
LBXF05LA,0.48144,1235,1,13
LBXF08LA,0.18464,1235,1,13
LBX074LA,0.83664,1236,2,13
LBX099LA,0.08992,1236,2,13
LBX138LA,0.12016,1236,2,13
LBX153LA,0.16064,1236,2,13
LBX170LA,0.1496,1236,2,13
LBX180LA,0.13968,1236,2,13
LBX187LA,0.32624,1236,2,13
LBX194LA,0.184,1236,2,13
LBXPCBLA,0.05024,1236,2,13
LBXHXCLA,0.12032,1236,2,13
LBX118LA,0.15184,1236,2,13
LBXD03LA,0.12208,1236,2,13
LBXD05LA,0.13696,1236,2,13
LBXD07LA,0.06416,1236,2,13
LBXF03LA,0.0608,1236,2,13
LBXF04LA,0.93248,1236,2,13
LBXF05LA,0.07344,1236,2,13
LBXF08LA,0.15424,1236,2,13
LBX074LA,0.12128,1237,1,13
LBX099LA,0.0728,1237,1,13
LBX138LA,0.14608,1237,1,13
LBX153LA,0.14768,1237,1,13
LBX170LA,0.29792,1237,1,13
LBX180LA,0.12336,1237,1,13
LBX187LA,0.12272,1237,1,13
LBX194LA,0.76608,1237,1,13
LBXPCBLA,0.07504,1237,1,13
LBXHXCLA,0.07872,1237,1,13
LBX118LA,0.06816,1237,1,13
LBXD03LA,0.10256,1237,1,13
LBXD05LA,0.84512,1237,1,13
LBXD07LA,0.16576,1237,1,13
LBXF03LA,0.08288,1237,1,13
LBXF04LA,0.21504,1237,1,13
LBXF05LA,0.07616,1237,1,13
LBXF08LA,0.09488,1237,1,13
LBX074LA,0.7264,1238,2,13
LBX099LA,0.77072,1238,2,13
LBX138LA,0.27536,1238,2,13
LBX153LA,0.2848,1238,2,13
LBX170LA,0.29008,1238,2,13
LBX180LA,0.21376,1238,2,13
LBX187LA,0.21936,1238,2,13
LBX194LA,0.92672,1238,2,13
LBXPCBLA,0.64336,1238,2,13
LBXHXCLA,0.32864,1238,2,13
LBX118LA,0.26704,1238,2,13
LBXD03LA,0.112,1238,2,13
LBXD05LA,0.3144,1238,2,13
LBXD07LA,0.38832,1238,2,13
LBXF03LA,0.09168,1238,2,13
LBXF04LA,0.22784,1238,2,13
LBXF05LA,0.13792,1238,2,13
LBXF08LA,0.21216,1238,2,13
LBX074LA,0.66224,1239,3,13
LBX099LA,0.28256,1239,3,13
LBX138LA,0.18928,1239,3,13
LBX153LA,0.2024,1239,3,13
LBX170LA,0.55984,1239,3,13
LBX180LA,0.52448,1239,3,13
LBX187LA,0.52896,1239,3,13
LBX194LA,0.6256,1239,3,13
LBXPCBLA,0.07824,1239,3,13
LBXHXCLA,0.8376,1239,3,13
LBX118LA,0.26992,1239,3,13
LBXD03LA,0.824,1239,3,13
LBXD05LA,0.18432,1239,3,13
LBXD07LA,0.18368,1239,3,13
LBXF03LA,0.42208,1239,3,13
LBXF04LA,0.5352,1239,3,13
LBXF05LA,0.10672,1239,3,13
LBXF08LA,0.04112,1239,3,13
LBX074LA,0.96544,1240,2,13
LBX099LA,0.12704,1240,2,13
LBX138LA,0.14928,1240,2,13
LBX153LA,0.13424,1240,2,13
LBX170LA,0.14192,1240,2,13
LBX180LA,0.11856,1240,2,13
LBX187LA,0.1192,1240,2,13
LBX194LA,0.09584,1240,2,13
LBXPCBLA,0.048,1240,2,13
LBXHXCLA,0.15536,1240,2,13
LBX118LA,0.11792,1240,2,13
LBXD03LA,0.28848,1240,2,13
LBXD05LA,0.16096,1240,2,13
LBXD07LA,0.1072,1240,2,13
LBXF03LA,0.0416,1240,2,13
LBXF04LA,0.76336,1240,2,13
LBXF05LA,0.16608,1240,2,13
LBXF08LA,0.06848,1240,2,13
LBX074LA,0.15088,1241,4,13
LBX099LA,0.0688,1241,4,13
LBX138LA,0.10336,1241,4,13
LBX153LA,0.1352,1241,4,13
LBX170LA,0.43136,1241,4,13
LBX180LA,0.64672,1241,4,13
LBX187LA,0.23168,1241,4,13
LBX194LA,0.17632,1241,4,13
LBXPCBLA,0.56032,1241,4,13
LBXHXCLA,0.84128,1241,4,13
LBX118LA,0.53664,1241,4,13
LBXD03LA,0.3664,1241,4,13
LBXD05LA,0.22048,1241,4,13
LBXD07LA,0.09984,1241,4,13
LBXF03LA,0.28384,1241,4,13
LBXF04LA,0.264,1241,4,13
LBXF05LA,0.20368,1241,4,13
LBXF08LA,0.06272,1241,4,13
LBX074LA,0.89456,1242,4,13
LBX099LA,0.20048,1242,4,13
LBX138LA,0.12752,1242,4,13
LBX153LA,0.11408,1242,4,13
LBX170LA,0.16144,1242,4,13
LBX180LA,0.33904,1242,4,13
LBX187LA,0.18128,1242,4,13
LBX194LA,0.37296,1242,4,13
LBXPCBLA,0.10016,1242,4,13
LBXHXCLA,0.73312,1242,4,13
LBX118LA,0.32352,1242,4,13
LBXD03LA,0.39056,1242,4,13
LBXD05LA,0.66112,1242,4,13
LBXD07LA,0.14768,1242,4,13
LBXF03LA,0.116,1242,4,13
LBXF04LA,0.23904,1242,4,13
LBXF05LA,0.19152,1242,4,13
LBXF08LA,0.10672,1242,4,13
LBX074LA,0.50304,1243,2,13
LBX099LA,0.2648,1243,2,13
LBX138LA,0.17184,1243,2,13
LBX153LA,0.22704,1243,2,13
LBX170LA,0.30752,1243,2,13
LBX180LA,0.33344,1243,2,13
LBX187LA,0.66512,1243,2,13
LBX194LA,0.37408,1243,2,13
LBXPCBLA,0.1792,1243,2,13
LBXHXCLA,0.33152,1243,2,13
LBX118LA,0.58576,1243,2,13
LBXD03LA,0.41136,1243,2,13
LBXD05LA,0.2136,1243,2,13
LBXD07LA,0.25552,1243,2,13
LBXF03LA,0.16832,1243,2,13
LBXF04LA,0.25136,1243,2,13
LBXF05LA,0.08256,1243,2,13
LBXF08LA,0.06112,1243,2,13
LBX074LA,0.14256,1244,3,13
LBX099LA,0.08816,1244,3,13
LBX138LA,0.37104,1244,3,13
LBX153LA,0.18352,1244,3,13
LBX170LA,0.32448,1244,3,13
LBX180LA,0.15248,1244,3,13
LBX187LA,0.14352,1244,3,13
LBX194LA,0.148,1244,3,13
LBXPCBLA,0.05216,1244,3,13
LBXHXCLA,0.33856,1244,3,13
LBX118LA,0.47728,1244,3,13
LBXD03LA,0.63248,1244,3,13
LBXD05LA,0.08352,1244,3,13
LBXD07LA,0.95216,1244,3,13
LBXF03LA,0.06704,1244,3,13
LBXF04LA,0.86272,1244,3,13
LBXF05LA,0.07952,1244,3,13
LBXF08LA,0.05472,1244,3,13
LBX074LA,0.96464,1245,4,13
LBX099LA,0.05776,1245,4,13
LBX138LA,0.4136,1245,4,13
LBX153LA,0.24832,1245,4,13
LBX170LA,0.05648,1245,4,13
LBX180LA,0.09744,1245,4,13
LBX187LA,0.18784,1245,4,13
LBX194LA,0.07088,1245,4,13
LBXPCBLA,0.00128,1245,4,13
LBXHXCLA,0.09888,1245,4,13
LBX118LA,0.03312,1245,4,13
LBXD03LA,0.03584,1245,4,13
LBXD05LA,0.00688,1245,4,13
LBXD07LA,0.00576,1245,4,13
LBXF03LA,0.04144,1245,4,13
LBXF04LA,0.0176,1245,4,13
LBXF05LA,0.04016,1245,4,13
LBXF08LA,0.00272,1245,4,13
LBX074LA,0.37008,1246,4,13
LBX099LA,0.07968,1246,4,13
LBX138LA,0.0776,1246,4,13
LBX153LA,0.1296,1246,4,13
LBX170LA,0.1808,1246,4,13
LBX180LA,0.11216,1246,4,13
LBX187LA,0.10832,1246,4,13
LBX194LA,0.85392,1246,4,13
LBXPCBLA,0.7368,1246,4,13
LBXHXCLA,0.05776,1246,4,13
LBX118LA,0.16512,1246,4,13
LBXD03LA,0.14576,1246,4,13
LBXD05LA,0.1616,1246,4,13
LBXD07LA,0.35808,1246,4,13
LBXF03LA,0.0656,1246,4,13
LBXF04LA,0.79216,1246,4,13
LBXF05LA,0.11744,1246,4,13
LBXF08LA,0.06736,1246,4,13
LBX074LA,0.4496,1247,3,13
LBX099LA,0.15712,1247,3,13
LBX138LA,0.99808,1247,3,13
LBX153LA,0.15056,1247,3,13
LBX170LA,0.9952,1247,3,13
LBX180LA,0.13136,1247,3,13
LBX187LA,0.17456,1247,3,13
LBX194LA,0.20608,1247,3,13
LBXPCBLA,0.42928,1247,3,13
LBXHXCLA,0.07824,1247,3,13
LBX118LA,0.35968,1247,3,13
LBXD03LA,0.0928,1247,3,13
LBXD05LA,0.5224,1247,3,13
LBXD07LA,0.09136,1247,3,13
LBXF03LA,0.03824,1247,3,13
LBXF04LA,0.16368,1247,3,13
LBXF05LA,0.06272,1247,3,13
LBXF08LA,0.03344,1247,3,13
LBX074LA,0.25072,1248,2,13
LBX099LA,0.7848,1248,2,13
LBX138LA,0.20528,1248,2,13
LBX153LA,0.36448,1248,2,13
LBX170LA,0.39664,1248,2,13
LBX180LA,0.18448,1248,2,13
LBX187LA,0.23008,1248,2,13
LBX194LA,0.14784,1248,2,13
LBXPCBLA,0.19344,1248,2,13
LBXHXCLA,0.14608,1248,2,13
LBX118LA,0.12928,1248,2,13
LBXD03LA,0.096,1248,2,13
LBXD05LA,0.10784,1248,2,13
LBXD07LA,0.05744,1248,2,13
LBXF03LA,0.09504,1248,2,13
LBXF04LA,0.37312,1248,2,13
LBXF05LA,0.31392,1248,2,13
LBXF08LA,0.28288,1248,2,13
LBX074LA,0.40416,1249,1,13
LBX099LA,0.61584,1249,1,13
LBX138LA,0.27072,1249,1,13
LBX153LA,0.284,1249,1,13
LBX170LA,0.1904,1249,1,13
LBX180LA,0.1792,1249,1,13
LBX187LA,0.19232,1249,1,13
LBX194LA,0.12848,1249,1,13
LBXPCBLA,0.19968,1249,1,13
LBXHXCLA,0.17152,1249,1,13
LBX118LA,0.1776,1249,1,13
LBXD03LA,0.86176,1249,1,13
LBXD05LA,0.15936,1249,1,13
LBXD07LA,0.32624,1249,1,13
LBXF03LA,0.11344,1249,1,13
LBXF04LA,0.14464,1249,1,13
LBXF05LA,0.2272,1249,1,13
LBXF08LA,0.1104,1249,1,13
LBX074LA,0.53568,1250,2,13
LBX099LA,0.24656,1250,2,13
LBX138LA,0.2744,1250,2,13
LBX153LA,0.45936,1250,2,13
LBX170LA,0.4,1250,2,13
LBX180LA,0.47904,1250,2,13
LBX187LA,0.51056,1250,2,13
LBX194LA,0.33424,1250,2,13
LBXPCBLA,0.33584,1250,2,13
LBXHXCLA,0.20112,1250,2,13
LBX118LA,0.22144,1250,2,13
LBXD03LA,0.70656,1250,2,13
LBXD05LA,0.392,1250,2,13
LBXD07LA,0.18288,1250,2,13
LBXF03LA,0.444,1250,2,13
LBXF04LA,0.6488,1250,2,13
LBXF05LA,0.26864,1250,2,13
LBXF08LA,0.08432,1250,2,13
LBX074LA,0.8792,1251,3,13
LBX099LA,0.15456,1251,3,13
LBX138LA,0.2672,1251,3,13
LBX153LA,0.49904,1251,3,13
LBX170LA,0.23712,1251,3,13
LBX180LA,0.13392,1251,3,13
LBX187LA,0.75072,1251,3,13
LBX194LA,0.35696,1251,3,13
LBXPCBLA,0.10128,1251,3,13
LBXHXCLA,0.25952,1251,3,13
LBX118LA,0.2936,1251,3,13
LBXD03LA,0.06464,1251,3,13
LBXD05LA,0.25008,1251,3,13
LBXD07LA,0.15792,1251,3,13
LBXF03LA,0.06224,1251,3,13
LBXF04LA,0.07808,1251,3,13
LBXF05LA,0.10912,1251,3,13
LBXF08LA,0.7432,1251,3,13
LBX074LA,0.98656,1252,2,13
LBX099LA,0.30288,1252,2,13
LBX138LA,0.5912,1252,2,13
LBX153LA,0.31232,1252,2,13
LBX170LA,0.23344,1252,2,13
LBX180LA,0.43024,1252,2,13
LBX187LA,0.19008,1252,2,13
LBX194LA,0.65104,1252,2,13
LBXPCBLA,0.15872,1252,2,13
LBXHXCLA,0.27824,1252,2,13
LBX118LA,0.14272,1252,2,13
LBXD03LA,0.12,1252,2,13
LBXD05LA,0.98064,1252,2,13
LBXD07LA,0.08944,1252,2,13
LBXF03LA,0.12464,1252,2,13
LBXF04LA,0.13232,1252,2,13
LBXF05LA,0.11184,1252,2,13
LBXF08LA,0.4616,1252,2,13
LBX074LA,0.43456,1253,1,13
LBX099LA,0.13728,1253,1,13
LBX138LA,0.26272,1253,1,13
LBX153LA,0.28064,1253,1,13
LBX170LA,0.19408,1253,1,13
LBX180LA,0.25104,1253,1,13
LBX187LA,0.19168,1253,1,13
LBX194LA,0.49568,1253,1,13
LBXPCBLA,0.94944,1253,1,13
LBXHXCLA,0.15776,1253,1,13
LBX118LA,0.2248,1253,1,13
LBXD03LA,0.18896,1253,1,13
LBXD05LA,0.17168,1253,1,13
LBXD07LA,0.08384,1253,1,13
LBXF03LA,0.0648,1253,1,13
LBXF04LA,0.17264,1253,1,13
LBXF05LA,0.07488,1253,1,13
LBXF08LA,0.04496,1253,1,13
LBX074LA,0.84304,1254,3,13
LBX099LA,0.03472,1254,3,13
LBX138LA,0.13792,1254,3,13
LBX153LA,0.4632,1254,3,13
LBX170LA,0.24784,1254,3,13
LBX180LA,0.2632,1254,3,13
LBX187LA,0.0816,1254,3,13
LBX194LA,0.44032,1254,3,13
LBXPCBLA,0.02944,1254,3,13
LBXHXCLA,0.06736,1254,3,13
LBX118LA,0.07808,1254,3,13
LBXD03LA,0.13008,1254,3,13
LBXD05LA,0.09312,1254,3,13
LBXD07LA,0.05056,1254,3,13
LBXF03LA,0.05248,1254,3,13
LBXF04LA,0.88336,1254,3,13
LBXF05LA,0.02768,1254,3,13
LBXF08LA,0.43936,1254,3,13
LBX074LA,0.8376,1255,4,13
LBX099LA,0.0864,1255,4,13
LBX138LA,0.13568,1255,4,13
LBX153LA,0.24832,1255,4,13
LBX170LA,0.13072,1255,4,13
LBX180LA,0.48976,1255,4,13
LBX187LA,0.11328,1255,4,13
LBX194LA,0.81456,1255,4,13
LBXPCBLA,0.56928,1255,4,13
LBXHXCLA,0.13536,1255,4,13
LBX118LA,0.17104,1255,4,13
LBXD03LA,0.31328,1255,4,13
LBXD05LA,0.41344,1255,4,13
LBXD07LA,0.13456,1255,4,13
LBXF03LA,0.06032,1255,4,13
LBXF04LA,0.05728,1255,4,13
LBXF05LA,0.68064,1255,4,13
LBXF08LA,0.12688,1255,4,13
LBX074LA,0.22656,1256,2,13
LBX099LA,0.13424,1256,2,13
LBX138LA,0.13248,1256,2,13
LBX153LA,0.16128,1256,2,13
LBX170LA,0.23312,1256,2,13
LBX180LA,0.29184,1256,2,13
LBX187LA,0.71104,1256,2,13
LBX194LA,0.24672,1256,2,13
LBXPCBLA,0.10848,1256,2,13
LBXHXCLA,0.10672,1256,2,13
LBX118LA,0.1336,1256,2,13
LBXD03LA,0.1976,1256,2,13
LBXD05LA,0.95344,1256,2,13
LBXD07LA,0.0864,1256,2,13
LBXF03LA,0.39952,1256,2,13
LBXF04LA,0.9304,1256,2,13
LBXF05LA,0.14304,1256,2,13
LBXF08LA,0.06512,1256,2,13
LBX074LA,0.13232,1257,1,13
LBX099LA,0.13408,1257,1,13
LBX138LA,0.26096,1257,1,13
LBX153LA,0.3352,1257,1,13
LBX170LA,0.33408,1257,1,13
LBX180LA,0.2296,1257,1,13
LBX187LA,0.18736,1257,1,13
LBX194LA,0.87696,1257,1,13
LBXPCBLA,0.06848,1257,1,13
LBXHXCLA,0.61232,1257,1,13
LBX118LA,0.112,1257,1,13
LBXD03LA,0.56496,1257,1,13
LBXD05LA,0.30192,1257,1,13
LBXD07LA,0.19168,1257,1,13
LBXF03LA,0.13168,1257,1,13
LBXF04LA,0.12736,1257,1,13
LBXF05LA,0.07872,1257,1,13
LBXF08LA,0.09456,1257,1,13
LBX074LA,0.47376,1258,1,13
LBX099LA,0.19472,1258,1,13
LBX138LA,0.12176,1258,1,13
LBX153LA,0.09648,1258,1,13
LBX170LA,0.12624,1258,1,13
LBX180LA,0.09792,1258,1,13
LBX187LA,0.104,1258,1,13
LBX194LA,0.07824,1258,1,13
LBXPCBLA,0.09552,1258,1,13
LBXHXCLA,0.12096,1258,1,13
LBX118LA,0.27184,1258,1,13
LBXD03LA,0.34208,1258,1,13
LBXD05LA,0.88128,1258,1,13
LBXD07LA,0.22048,1258,1,13
LBXF03LA,0.05776,1258,1,13
LBXF04LA,0.21104,1258,1,13
LBXF05LA,0.11024,1258,1,13
LBXF08LA,0.05264,1258,1,13
LBX074LA,0.89488,1259,3,13
LBX099LA,0.1008,1259,3,13
LBX138LA,0.15376,1259,3,13
LBX153LA,0.1448,1259,3,13
LBX170LA,0.1168,1259,3,13
LBX180LA,0.124,1259,3,13
LBX187LA,0.41088,1259,3,13
LBX194LA,0.98944,1259,3,13
LBXPCBLA,0.10448,1259,3,13
LBXHXCLA,0.15616,1259,3,13
LBX118LA,0.24832,1259,3,13
LBXD03LA,0.20208,1259,3,13
LBXD05LA,0.09296,1259,3,13
LBXD07LA,0.11856,1259,3,13
LBXF03LA,0.07264,1259,3,13
LBXF04LA,0.57936,1259,3,13
LBXF05LA,0.19248,1259,3,13
LBXF08LA,0.2192,1259,3,13
LBX074LA,0.9832,1260,1,13
LBX099LA,0.2688,1260,1,13
LBX138LA,0.18048,1260,1,13
LBX153LA,0.17408,1260,1,13
LBX170LA,0.21152,1260,1,13
LBX180LA,0.2416,1260,1,13
LBX187LA,0.1936,1260,1,13
LBX194LA,0.52336,1260,1,13
LBXPCBLA,0.13072,1260,1,13
LBXHXCLA,0.24624,1260,1,13
LBX118LA,0.18624,1260,1,13
LBXD03LA,0.14736,1260,1,13
LBXD05LA,0.2,1260,1,13
LBXD07LA,0.1624,1260,1,13
LBXF03LA,0.15024,1260,1,13
LBXF04LA,0.97456,1260,1,13
LBXF05LA,0.67008,1260,1,13
LBXF08LA,0.05856,1260,1,13
LBX074LA,0.50912,1261,1,13
LBX099LA,0.16464,1261,1,13
LBX138LA,0.1912,1261,1,13
LBX153LA,0.21136,1261,1,13
LBX170LA,0.1936,1261,1,13
LBX180LA,0.18464,1261,1,13
LBX187LA,0.2944,1261,1,13
LBX194LA,0.61056,1261,1,13
LBXPCBLA,0.19616,1261,1,13
LBXHXCLA,0.1904,1261,1,13
LBX118LA,0.26592,1261,1,13
LBXD03LA,0.71504,1261,1,13
LBXD05LA,0.1528,1261,1,13
LBXD07LA,0.08416,1261,1,13
LBXF03LA,0.20688,1261,1,13
LBXF04LA,0.13184,1261,1,13
LBXF05LA,0.09728,1261,1,13
LBXF08LA,0.08144,1261,1,13
LBX074LA,0.45264,1262,2,13
LBX099LA,0.21824,1262,2,13
LBX138LA,0.36208,1262,2,13
LBX153LA,0.25888,1262,2,13
LBX170LA,0.2072,1262,2,13
LBX180LA,0.29488,1262,2,13
LBX187LA,0.58512,1262,2,13
LBX194LA,0.14576,1262,2,13
LBXPCBLA,0.16976,1262,2,13
LBXHXCLA,0.11408,1262,2,13
LBX118LA,0.30064,1262,2,13
LBXD03LA,0.37536,1262,2,13
LBXD05LA,0.29664,1262,2,13
LBXD07LA,0.1448,1262,2,13
LBXF03LA,0.12288,1262,2,13
LBXF04LA,0.96432,1262,2,13
LBXF05LA,0.35824,1262,2,13
LBXF08LA,0.1448,1262,2,13
LBX074LA,0.65616,1263,2,13
LBX099LA,0.1368,1263,2,13
LBX138LA,0.28176,1263,2,13
LBX153LA,0.21776,1263,2,13
LBX170LA,0.252,1263,2,13
LBX180LA,0.37392,1263,2,13
LBX187LA,0.41072,1263,2,13
LBX194LA,0.71632,1263,2,13
LBXPCBLA,0.17616,1263,2,13
LBXHXCLA,0.15952,1263,2,13
LBX118LA,0.40064,1263,2,13
LBXD03LA,0.16432,1263,2,13
LBXD05LA,0.79536,1263,2,13
LBXD07LA,0.25168,1263,2,13
LBXF03LA,0.0792,1263,2,13
LBXF04LA,0.85872,1263,2,13
LBXF05LA,0.11888,1263,2,13
LBXF08LA,0.08112,1263,2,13
LBX074LA,0.89024,1264,3,13
LBX099LA,0.15536,1264,3,13
LBX138LA,0.33728,1264,3,13
LBX153LA,0.1384,1264,3,13
LBX170LA,0.17648,1264,3,13
LBX180LA,0.15296,1264,3,13
LBX187LA,0.09504,1264,3,13
LBX194LA,0.69568,1264,3,13
LBXPCBLA,0.29056,1264,3,13
LBXHXCLA,0.13136,1264,3,13
LBX118LA,0.14816,1264,3,13
LBXD03LA,0.1632,1264,3,13
LBXD05LA,0.30272,1264,3,13
LBXD07LA,0.08368,1264,3,13
LBXF03LA,0.07952,1264,3,13
LBXF04LA,0.46224,1264,3,13
LBXF05LA,0.0784,1264,3,13
LBXF08LA,0.06048,1264,3,13
LBX074LA,0.83776,1265,2,13
LBX099LA,0.27488,1265,2,13
LBX138LA,0.1104,1265,2,13
LBX153LA,0.14896,1265,2,13
LBX170LA,0.18288,1265,2,13
LBX180LA,0.136,1265,2,13
LBX187LA,0.172,1265,2,13
LBX194LA,0.13504,1265,2,13
LBXPCBLA,0.44368,1265,2,13
LBXHXCLA,0.12736,1265,2,13
LBX118LA,0.30176,1265,2,13
LBXD03LA,0.21264,1265,2,13
LBXD05LA,0.30688,1265,2,13
LBXD07LA,0.09312,1265,2,13
LBXF03LA,0.13872,1265,2,13
LBXF04LA,0.53632,1265,2,13
LBXF05LA,0.12496,1265,2,13
LBXF08LA,0.40784,1265,2,13
LBX074LA,0.94608,1266,4,13
LBX099LA,0.13232,1266,4,13
LBX138LA,0.79888,1266,4,13
LBX153LA,0.41952,1266,4,13
LBX170LA,0.16704,1266,4,13
LBX180LA,0.94464,1266,4,13
LBX187LA,0.50528,1266,4,13
LBX194LA,0.22288,1266,4,13
LBXPCBLA,0.90144,1266,4,13
LBXHXCLA,0.09088,1266,4,13
LBX118LA,0.98896,1266,4,13
LBXD03LA,0.59456,1266,4,13
LBXD05LA,0.42688,1266,4,13
LBXD07LA,0.07024,1266,4,13
LBXF03LA,0.12816,1266,4,13
LBXF04LA,0.09392,1266,4,13
LBXF05LA,0.10768,1266,4,13
LBXF08LA,0.05216,1266,4,13
LBX074LA,0.56096,1267,2,13
LBX099LA,0.18576,1267,2,13
LBX138LA,0.35968,1267,2,13
LBX153LA,0.25408,1267,2,13
LBX170LA,0.22688,1267,2,13
LBX180LA,0.15824,1267,2,13
LBX187LA,0.14816,1267,2,13
LBX194LA,0.72464,1267,2,13
LBXPCBLA,0.20416,1267,2,13
LBXHXCLA,0.19648,1267,2,13
LBX118LA,0.24208,1267,2,13
LBXD03LA,0.07296,1267,2,13
LBXD05LA,0.80112,1267,2,13
LBXD07LA,0.19456,1267,2,13
LBXF03LA,0.08544,1267,2,13
LBXF04LA,0.39648,1267,2,13
LBXF05LA,0.07152,1267,2,13
LBXF08LA,0.06,1267,2,13
LBX074LA,0.85344,1268,1,13
LBX099LA,0.14592,1268,1,13
LBX138LA,0.24784,1268,1,13
LBX153LA,0.19776,1268,1,13
LBX170LA,0.30304,1268,1,13
LBX180LA,0.29712,1268,1,13
LBX187LA,0.17936,1268,1,13
LBX194LA,0.59216,1268,1,13
LBXPCBLA,0.6088,1268,1,13
LBXHXCLA,0.2224,1268,1,13
LBX118LA,0.20416,1268,1,13
LBXD03LA,0.08528,1268,1,13
LBXD05LA,0.09936,1268,1,13
LBXD07LA,0.0936,1268,1,13
LBXF03LA,0.112,1268,1,13
LBXF04LA,0.11904000000000001,1268,1,13
LBXF05LA,0.16928,1268,1,13
LBXF08LA,0.16432,1268,1,13
LBX074LA,0.41984,1269,1,13
LBX099LA,0.13584,1269,1,13
LBX138LA,0.1608,1269,1,13
LBX153LA,0.17824,1269,1,13
LBX170LA,0.13728,1269,1,13
LBX180LA,0.14592,1269,1,13
LBX187LA,0.22208,1269,1,13
LBX194LA,0.14896,1269,1,13
LBXPCBLA,0.20768,1269,1,13
LBXHXCLA,0.19888,1269,1,13
LBX118LA,0.25344,1269,1,13
LBXD03LA,0.18896,1269,1,13
LBXD05LA,0.08912,1269,1,13
LBXD07LA,0.4344,1269,1,13
LBXF03LA,0.07024,1269,1,13
LBXF04LA,0.11248,1269,1,13
LBXF05LA,0.07632,1269,1,13
LBXF08LA,0.1016,1269,1,13
LBX074LA,0.58496,1270,2,13
LBX099LA,0.20624,1270,2,13
LBX138LA,0.14992,1270,2,13
LBX153LA,0.25776,1270,2,13
LBX170LA,0.32176,1270,2,13
LBX180LA,0.168,1270,2,13
LBX187LA,0.46272,1270,2,13
LBX194LA,0.34127999999999997,1270,2,13
LBXPCBLA,0.13152,1270,2,13
LBXHXCLA,0.1392,1270,2,13
LBX118LA,0.61296,1270,2,13
LBXD03LA,0.11648,1270,2,13
LBXD05LA,0.13104,1270,2,13
LBXD07LA,0.08016,1270,2,13
LBXF03LA,0.22976,1270,2,13
LBXF04LA,0.21152,1270,2,13
LBXF05LA,0.72352,1270,2,13
LBXF08LA,0.46704,1270,2,13
LBX074LA,0.54752,1271,1,13
LBX099LA,0.18304,1271,1,13
LBX138LA,0.2384,1271,1,13
LBX153LA,0.28128,1271,1,13
LBX170LA,0.28864,1271,1,13
LBX180LA,0.62992,1271,1,13
LBX187LA,0.216,1271,1,13
LBX194LA,0.19936,1271,1,13
LBXPCBLA,0.42624,1271,1,13
LBXHXCLA,0.26224,1271,1,13
LBX118LA,0.40768,1271,1,13
LBXD03LA,0.26352,1271,1,13
LBXD05LA,0.2664,1271,1,13
LBXD07LA,0.22144,1271,1,13
LBXF03LA,0.19328,1271,1,13
LBXF04LA,0.5016,1271,1,13
LBXF05LA,0.1584,1271,1,13
LBXF08LA,0.07696,1271,1,13
LBX074LA,0.92688,1272,1,13
LBX099LA,0.23264,1272,1,13
LBX138LA,0.41408,1272,1,13
LBX153LA,0.31488,1272,1,13
LBX170LA,0.52048,1272,1,13
LBX180LA,0.44464,1272,1,13
LBX187LA,0.3032,1272,1,13
LBX194LA,0.2088,1272,1,13
LBXPCBLA,0.21824,1272,1,13
LBXHXCLA,0.228,1272,1,13
LBX118LA,0.55728,1272,1,13
LBXD03LA,0.34496,1272,1,13
LBXD05LA,0.2528,1272,1,13
LBXD07LA,0.19392,1272,1,13
LBXF03LA,0.6968,1272,1,13
LBXF04LA,0.9824,1272,1,13
LBXF05LA,0.18304,1272,1,13
LBXF08LA,0.07216,1272,1,13
LBX074LA,0.18352,1273,1,13
LBX099LA,0.18032,1273,1,13
LBX138LA,0.20144,1273,1,13
LBX153LA,0.35152,1273,1,13
LBX170LA,0.34208,1273,1,13
LBX180LA,0.34592,1273,1,13
LBX187LA,0.1816,1273,1,13
LBX194LA,0.25904,1273,1,13
LBXPCBLA,0.93488,1273,1,13
LBXHXCLA,0.11408,1273,1,13
LBX118LA,0.14608,1273,1,13
LBXD03LA,0.57824,1273,1,13
LBXD05LA,0.10624,1273,1,13
LBXD07LA,0.10176,1273,1,13
LBXF03LA,0.2096,1273,1,13
LBXF04LA,0.6504,1273,1,13
LBXF05LA,0.15552,1273,1,13
LBXF08LA,0.14032,1273,1,13
LBX074LA,0.34448,1274,2,13
LBX099LA,0.20144,1274,2,13
LBX138LA,0.22768,1274,2,13
LBX153LA,0.16944,1274,2,13
LBX170LA,0.39552,1274,2,13
LBX180LA,0.14368,1274,2,13
LBX187LA,0.37552,1274,2,13
LBX194LA,0.5328,1274,2,13
LBXPCBLA,0.1672,1274,2,13
LBXHXCLA,0.09344,1274,2,13
LBX118LA,0.30752,1274,2,13
LBXD03LA,0.18832,1274,2,13
LBXD05LA,0.06176,1274,2,13
LBXD07LA,0.1432,1274,2,13
LBXF03LA,0.07056,1274,2,13
LBXF04LA,0.51408,1274,2,13
LBXF05LA,0.09072,1274,2,13
LBXF08LA,0.07296,1274,2,13
LBX074LA,0.36464,1275,1,13
LBX099LA,0.192,1275,1,13
LBX138LA,0.21312,1275,1,13
LBX153LA,0.26896,1275,1,13
LBX170LA,0.40144,1275,1,13
LBX180LA,0.28608,1275,1,13
LBX187LA,0.19264,1275,1,13
LBX194LA,0.62784,1275,1,13
LBXPCBLA,0.37568,1275,1,13
LBXHXCLA,0.10384,1275,1,13
LBX118LA,0.22176,1275,1,13
LBXD03LA,0.11888,1275,1,13
LBXD05LA,0.72992,1275,1,13
LBXD07LA,0.12672,1275,1,13
LBXF03LA,0.06544,1275,1,13
LBXF04LA,0.13296,1275,1,13
LBXF05LA,0.08944,1275,1,13
LBXF08LA,0.10432,1275,1,13
LBX074LA,0.78368,1276,2,13
LBX099LA,0.0832,1276,2,13
LBX138LA,0.33904,1276,2,13
LBX153LA,0.3408,1276,2,13
LBX170LA,0.3128,1276,2,13
LBX180LA,0.45584,1276,2,13
LBX187LA,0.26544,1276,2,13
LBX194LA,0.41712,1276,2,13
LBXPCBLA,0.14304,1276,2,13
LBXHXCLA,0.58176,1276,2,13
LBX118LA,0.32656,1276,2,13
LBXD03LA,0.10256,1276,2,13
LBXD05LA,0.08288,1276,2,13
LBXD07LA,0.53312,1276,2,13
LBXF03LA,0.03344,1276,2,13
LBXF04LA,0.75424,1276,2,13
LBXF05LA,0.1408,1276,2,13
LBXF08LA,0.0624,1276,2,13
LBX074LA,0.43232,1277,2,13
LBX099LA,0.23184,1277,2,13
LBX138LA,0.17184,1277,2,13
LBX153LA,0.1968,1277,2,13
LBX170LA,0.22112,1277,2,13
LBX180LA,0.16592,1277,2,13
LBX187LA,0.2272,1277,2,13
LBX194LA,0.41216,1277,2,13
LBXPCBLA,0.17936,1277,2,13
LBXHXCLA,0.12928,1277,2,13
LBX118LA,0.2216,1277,2,13
LBXD03LA,0.1688,1277,2,13
LBXD05LA,0.34816,1277,2,13
LBXD07LA,0.20512,1277,2,13
LBXF03LA,0.4776,1277,2,13
LBXF04LA,0.44544,1277,2,13
LBXF05LA,0.20192,1277,2,13
LBXF08LA,0.0672,1277,2,13
LBX074LA,0.96864,1278,1,13
LBX099LA,0.10704,1278,1,13
LBX138LA,0.16208,1278,1,13
LBX153LA,0.16336,1278,1,13
LBX170LA,0.20672,1278,1,13
LBX180LA,0.16912,1278,1,13
LBX187LA,0.22512,1278,1,13
LBX194LA,0.66816,1278,1,13
LBXPCBLA,0.0632,1278,1,13
LBXHXCLA,0.1288,1278,1,13
LBX118LA,0.19088,1278,1,13
LBXD03LA,0.10608,1278,1,13
LBXD05LA,0.06608,1278,1,13
LBXD07LA,0.0728,1278,1,13
LBXF03LA,0.12752,1278,1,13
LBXF04LA,0.11968,1278,1,13
LBXF05LA,0.32512,1278,1,13
LBXF08LA,0.10368,1278,1,13
LBX074LA,0.13008,1279,4,13
LBX099LA,0.03136,1279,4,13
LBX138LA,0.13792,1279,4,13
LBX153LA,0.13264,1279,4,13
LBX170LA,0.8432,1279,4,13
LBX180LA,0.44512,1279,4,13
LBX187LA,0.13664,1279,4,13
LBX194LA,0.4336,1279,4,13
LBXPCBLA,0.1616,1279,4,13
LBXHXCLA,0.10608,1279,4,13
LBX118LA,0.17936,1279,4,13
LBXD03LA,0.64656,1279,4,13
LBXD05LA,0.12928,1279,4,13
LBXD07LA,0.09936,1279,4,13
LBXF03LA,0.13024,1279,4,13
LBXF04LA,0.11152,1279,4,13
LBXF05LA,0.06496,1279,4,13
LBXF08LA,0.1064,1279,4,13
LBX074LA,0.5512,1280,4,13
LBX099LA,0.23936,1280,4,13
LBX138LA,0.33024,1280,4,13
LBX153LA,0.3024,1280,4,13
LBX170LA,0.1464,1280,4,13
LBX180LA,0.16992,1280,4,13
LBX187LA,0.21568,1280,4,13
LBX194LA,0.41808,1280,4,13
LBXPCBLA,0.0296,1280,4,13
LBXHXCLA,0.1152,1280,4,13
LBX118LA,0.22336,1280,4,13
LBXD03LA,0.43168,1280,4,13
LBXD05LA,0.37376,1280,4,13
LBXD07LA,0.11584,1280,4,13
LBXF03LA,0.04784,1280,4,13
LBXF04LA,0.06992,1280,4,13
LBXF05LA,0.20768,1280,4,13
LBXF08LA,0.08496,1280,4,13
LBX074LA,0.36864,1281,2,13
LBX099LA,0.68224,1281,2,13
LBX138LA,0.18032,1281,2,13
LBX153LA,0.17632,1281,2,13
LBX170LA,0.86848,1281,2,13
LBX180LA,0.2752,1281,2,13
LBX187LA,0.23104,1281,2,13
LBX194LA,0.53584,1281,2,13
LBXPCBLA,0.33568,1281,2,13
LBXHXCLA,0.12032,1281,2,13
LBX118LA,0.24064,1281,2,13
LBXD03LA,0.11568,1281,2,13
LBXD05LA,0.75264,1281,2,13
LBXD07LA,0.45744,1281,2,13
LBXF03LA,0.07296,1281,2,13
LBXF04LA,0.15136,1281,2,13
LBXF05LA,0.0832,1281,2,13
LBXF08LA,0.0472,1281,2,13
LBX074LA,0.89744,1282,3,13
LBX099LA,0.08224,1282,3,13
LBX138LA,0.13408,1282,3,13
LBX153LA,0.08176,1282,3,13
LBX170LA,0.12496,1282,3,13
LBX180LA,0.10064,1282,3,13
LBX187LA,0.07536,1282,3,13
LBX194LA,0.37568,1282,3,13
LBXPCBLA,0.06928,1282,3,13
LBXHXCLA,0.05072,1282,3,13
LBX118LA,0.46784,1282,3,13
LBXD03LA,0.11424,1282,3,13
LBXD05LA,0.9024,1282,3,13
LBXD07LA,0.42688,1282,3,13
LBXF03LA,0.04928,1282,3,13
LBXF04LA,0.11232,1282,3,13
LBXF05LA,0.06304,1282,3,13
LBXF08LA,0.272,1282,3,13
LBX074LA,0.29072,1283,1,13
LBX099LA,0.16368,1283,1,13
LBX138LA,0.29712,1283,1,13
LBX153LA,0.55712,1283,1,13
LBX170LA,0.2472,1283,1,13
LBX180LA,0.20784,1283,1,13
LBX187LA,0.22912,1283,1,13
LBX194LA,0.4792,1283,1,13
LBXPCBLA,0.13008,1283,1,13
LBXHXCLA,0.19296,1283,1,13
LBX118LA,0.15072,1283,1,13
LBXD03LA,0.85504,1283,1,13
LBXD05LA,0.33392,1283,1,13
LBXD07LA,0.0912,1283,1,13
LBXF03LA,0.13104,1283,1,13
LBXF04LA,0.1488,1283,1,13
LBXF05LA,0.1232,1283,1,13
LBXF08LA,0.06448,1283,1,13
LBX074LA,0.62992,1284,3,13
LBX099LA,0.0696,1284,3,13
LBX138LA,0.1496,1284,3,13
LBX153LA,0.14512,1284,3,13
LBX170LA,0.5672,1284,3,13
LBX180LA,0.27968,1284,3,13
LBX187LA,0.0992,1284,3,13
LBX194LA,0.45776,1284,3,13
LBXPCBLA,0.368,1284,3,13
LBXHXCLA,0.13216,1284,3,13
LBX118LA,0.15872,1284,3,13
LBXD03LA,0.13744,1284,3,13
LBXD05LA,0.11936,1284,3,13
LBXD07LA,0.10368,1284,3,13
LBXF03LA,0.04048,1284,3,13
LBXF04LA,0.4192,1284,3,13
LBXF05LA,0.01872,1284,3,13
LBXF08LA,0.02912,1284,3,13
LBX074LA,0.17296,1285,1,13
LBX099LA,0.1008,1285,1,13
LBX138LA,0.22352,1285,1,13
LBX153LA,0.16608,1285,1,13
LBX170LA,0.19776,1285,1,13
LBX180LA,0.2408,1285,1,13
LBX187LA,0.21104,1285,1,13
LBX194LA,0.648,1285,1,13
LBXPCBLA,0.18576,1285,1,13
LBXHXCLA,0.11392,1285,1,13
LBX118LA,0.18528,1285,1,13
LBXD03LA,0.09152,1285,1,13
LBXD05LA,0.94352,1285,1,13
LBXD07LA,0.53136,1285,1,13
LBXF03LA,0.068,1285,1,13
LBXF04LA,0.07712,1285,1,13
LBXF05LA,0.0536,1285,1,13
LBXF08LA,0.1,1285,1,13
LBX074LA,0.86512,1286,2,13
LBX099LA,0.10752,1286,2,13
LBX138LA,0.20384,1286,2,13
LBX153LA,0.1632,1286,2,13
LBX170LA,0.12624,1286,2,13
LBX180LA,0.22496,1286,2,13
LBX187LA,0.13184,1286,2,13
LBX194LA,0.09712,1286,2,13
LBXPCBLA,0.17728,1286,2,13
LBXHXCLA,0.14624,1286,2,13
LBX118LA,0.65552,1286,2,13
LBXD03LA,0.21088,1286,2,13
LBXD05LA,0.2536,1286,2,13
LBXD07LA,0.07504,1286,2,13
LBXF03LA,0.84064,1286,2,13
LBXF04LA,0.14352,1286,2,13
LBXF05LA,0.05664,1286,2,13
LBXF08LA,0.0552,1286,2,13
LBX074LA,0.34704,1287,3,13
LBX099LA,0.2344,1287,3,13
LBX138LA,0.85168,1287,3,13
LBX153LA,0.17744,1287,3,13
LBX170LA,0.09712,1287,3,13
LBX180LA,0.79424,1287,3,13
LBX187LA,0.08272,1287,3,13
LBX194LA,0.0976,1287,3,13
LBXPCBLA,0.13632,1287,3,13
LBXHXCLA,0.79584,1287,3,13
LBX118LA,0.5272,1287,3,13
LBXD03LA,0.8672,1287,3,13
LBXD05LA,0.14032,1287,3,13
LBXD07LA,0.1984,1287,3,13
LBXF03LA,0.42352,1287,3,13
LBXF04LA,0.3064,1287,3,13
LBXF05LA,0.0648,1287,3,13
LBXF08LA,0.0752,1287,3,13
LBX074LA,0.72848,1288,2,13
LBX099LA,0.27744,1288,2,13
LBX138LA,0.19088,1288,2,13
LBX153LA,0.39072,1288,2,13
LBX170LA,0.21088,1288,2,13
LBX180LA,0.38176,1288,2,13
LBX187LA,0.70064,1288,2,13
LBX194LA,0.18208,1288,2,13
LBXPCBLA,0.30848,1288,2,13
LBXHXCLA,0.24528,1288,2,13
LBX118LA,0.3136,1288,2,13
LBXD03LA,0.40688,1288,2,13
LBXD05LA,0.90752,1288,2,13
LBXD07LA,0.38112,1288,2,13
LBXF03LA,0.96,1288,2,13
LBXF04LA,0.96336,1288,2,13
LBXF05LA,0.09744,1288,2,13
LBXF08LA,0.06,1288,2,13
LBX074LA,0.33952,1289,2,13
LBX099LA,0.11152,1289,2,13
LBX138LA,0.3008,1289,2,13
LBX153LA,0.17232,1289,2,13
LBX170LA,0.772,1289,2,13
LBX180LA,0.15072,1289,2,13
LBX187LA,0.1008,1289,2,13
LBX194LA,0.19552,1289,2,13
LBXPCBLA,0.03856,1289,2,13
LBXHXCLA,0.23104,1289,2,13
LBX118LA,0.07888,1289,2,13
LBXD03LA,0.11216,1289,2,13
LBXD05LA,0.90128,1289,2,13
LBXD07LA,0.17056,1289,2,13
LBXF03LA,0.12608,1289,2,13
LBXF04LA,0.09216,1289,2,13
LBXF05LA,0.09296,1289,2,13
LBXF08LA,0.05888,1289,2,13
LBX074LA,0.71584,1290,2,13
LBX099LA,0.11184,1290,2,13
LBX138LA,0.27296,1290,2,13
LBX153LA,0.32128,1290,2,13
LBX170LA,0.23696,1290,2,13
LBX180LA,0.40736,1290,2,13
LBX187LA,0.21712,1290,2,13
LBX194LA,0.81376,1290,2,13
LBXPCBLA,0.1008,1290,2,13
LBXHXCLA,0.27584,1290,2,13
LBX118LA,0.25728,1290,2,13
LBXD03LA,0.15136,1290,2,13
LBXD05LA,0.46576,1290,2,13
LBXD07LA,0.33376,1290,2,13
LBXF03LA,0.09392,1290,2,13
LBXF04LA,0.78352,1290,2,13
LBXF05LA,0.60592,1290,2,13
LBXF08LA,0.084,1290,2,13
LBX074LA,0.41504,1291,2,13
LBX099LA,0.47568,1291,2,13
LBX138LA,0.12672,1291,2,13
LBX153LA,0.1896,1291,2,13
LBX170LA,0.1544,1291,2,13
LBX180LA,0.41136,1291,2,13
LBX187LA,0.13248,1291,2,13
LBX194LA,0.22432,1291,2,13
LBXPCBLA,0.11168,1291,2,13
LBXHXCLA,0.10432,1291,2,13
LBX118LA,0.34992,1291,2,13
LBXD03LA,0.0752,1291,2,13
LBXD05LA,0.06768,1291,2,13
LBXD07LA,0.0376,1291,2,13
LBXF03LA,0.12144,1291,2,13
LBXF04LA,0.87248,1291,2,13
LBXF05LA,0.08192,1291,2,13
LBXF08LA,0.07632,1291,2,13
LBX074LA,0.86624,1292,2,13
LBX099LA,0.13392,1292,2,13
LBX138LA,0.2184,1292,2,13
LBX153LA,0.18528,1292,2,13
LBX170LA,0.2272,1292,2,13
LBX180LA,0.26688,1292,2,13
LBX187LA,0.13712,1292,2,13
LBX194LA,0.55104,1292,2,13
LBXPCBLA,0.11104,1292,2,13
LBXHXCLA,0.16224,1292,2,13
LBX118LA,0.5112,1292,2,13
LBXD03LA,0.2792,1292,2,13
LBXD05LA,0.08832,1292,2,13
LBXD07LA,0.09296,1292,2,13
LBXF03LA,0.25296,1292,2,13
LBXF04LA,0.78576,1292,2,13
LBXF05LA,0.2768,1292,2,13
LBXF08LA,0.25616,1292,2,13
LBX074LA,0.47888,1293,3,13
LBX099LA,0.204,1293,3,13
LBX138LA,0.30816,1293,3,13
LBX153LA,0.17888,1293,3,13
LBX170LA,0.12208,1293,3,13
LBX180LA,0.1368,1293,3,13
LBX187LA,0.24192,1293,3,13
LBX194LA,0.25456,1293,3,13
LBXPCBLA,0.30128,1293,3,13
LBXHXCLA,0.3464,1293,3,13
LBX118LA,0.34192,1293,3,13
LBXD03LA,0.12224,1293,3,13
LBXD05LA,0.25936,1293,3,13
LBXD07LA,0.1296,1293,3,13
LBXF03LA,0.54032,1293,3,13
LBXF04LA,0.78976,1293,3,13
LBXF05LA,0.13904,1293,3,13
LBXF08LA,0.07392,1293,3,13
LBX074LA,0.8136,1294,4,13
LBX099LA,0.18272,1294,4,13
LBX138LA,0.14928,1294,4,13
LBX153LA,0.10592,1294,4,13
LBX170LA,0.06768,1294,4,13
LBX180LA,0.14784,1294,4,13
LBX187LA,0.05936,1294,4,13
LBX194LA,0.10224,1294,4,13
LBXPCBLA,0.29088,1294,4,13
LBXHXCLA,0.46224,1294,4,13
LBX118LA,0.58464,1294,4,13
LBXD03LA,0.2048,1294,4,13
LBXD05LA,0.236,1294,4,13
LBXD07LA,0.41824,1294,4,13
LBXF03LA,0.1024,1294,4,13
LBXF04LA,0.67744,1294,4,13
LBXF05LA,0.92096,1294,4,13
LBXF08LA,0.028,1294,4,13
LBX074LA,0.9128,1295,4,13
LBX099LA,0.0752,1295,4,13
LBX138LA,0.39824,1295,4,13
LBX153LA,0.31792,1295,4,13
LBX170LA,0.20432,1295,4,13
LBX180LA,0.92048,1295,4,13
LBX187LA,0.24144,1295,4,13
LBX194LA,0.10096,1295,4,13
LBXPCBLA,0.42192,1295,4,13
LBXHXCLA,0.99632,1295,4,13
LBX118LA,0.15776,1295,4,13
LBXD03LA,0.05168,1295,4,13
LBXD05LA,0.06672,1295,4,13
LBXD07LA,0.11168,1295,4,13
LBXF03LA,0.08784,1295,4,13
LBXF04LA,0.28544,1295,4,13
LBXF05LA,0.48608,1295,4,13
LBXF08LA,0.152,1295,4,13
LBX074LA,0.4608,1296,4,13
LBX099LA,0.74224,1296,4,13
LBX138LA,0.11728,1296,4,13
LBX153LA,0.22816,1296,4,13
LBX170LA,0.20816,1296,4,13
LBX180LA,0.08752,1296,4,13
LBX187LA,0.2,1296,4,13
LBX194LA,0.10256,1296,4,13
LBXPCBLA,0.07056,1296,4,13
LBXHXCLA,0.72,1296,4,13
LBX118LA,0.09264,1296,4,13
LBXD03LA,0.08544,1296,4,13
LBXD05LA,0.95472,1296,4,13
LBXD07LA,0.10064,1296,4,13
LBXF03LA,0.09152,1296,4,13
LBXF04LA,0.14512,1296,4,13
LBXF05LA,0.13488,1296,4,13
LBXF08LA,0.02576,1296,4,13
LBX074LA,0.50848,1297,2,13
LBX099LA,0.15792,1297,2,13
LBX138LA,0.10208,1297,2,13
LBX153LA,0.12432,1297,2,13
LBX170LA,0.16096,1297,2,13
LBX180LA,0.20432,1297,2,13
LBX187LA,0.12304,1297,2,13
LBX194LA,0.75312,1297,2,13
LBXPCBLA,0.8664,1297,2,13
LBXHXCLA,0.10256,1297,2,13
LBX118LA,0.18784,1297,2,13
LBXD03LA,0.19888,1297,2,13
LBXD05LA,0.11728,1297,2,13
LBXD07LA,0.37056,1297,2,13
LBXF03LA,0.28192,1297,2,13
LBXF04LA,0.69664,1297,2,13
LBXF05LA,0.09424,1297,2,13
LBXF08LA,0.03008,1297,2,13
LBX074LA,0.96448,1298,2,13
LBX099LA,0.12832,1298,2,13
LBX138LA,0.09472,1298,2,13
LBX153LA,0.19472,1298,2,13
LBX170LA,0.13152,1298,2,13
LBX180LA,0.22208,1298,2,13
LBX187LA,0.12848,1298,2,13
LBX194LA,0.23216,1298,2,13
LBXPCBLA,0.27808,1298,2,13
LBXHXCLA,0.0656,1298,2,13
LBX118LA,0.51776,1298,2,13
LBXD03LA,0.13424,1298,2,13
LBXD05LA,0.34896,1298,2,13
LBXD07LA,0.06016,1298,2,13
LBXF03LA,0.16144,1298,2,13
LBXF04LA,0.13424,1298,2,13
LBXF05LA,0.13712,1298,2,13
LBXF08LA,0.07664,1298,2,13
LBX074LA,0.22128,1299,1,13
LBX099LA,0.13152,1299,1,13
LBX138LA,0.11184,1299,1,13
LBX153LA,0.16064,1299,1,13
LBX170LA,0.15824,1299,1,13
LBX180LA,0.13888,1299,1,13
LBX187LA,0.8232,1299,1,13
LBX194LA,0.3008,1299,1,13
LBXPCBLA,0.7208,1299,1,13
LBXHXCLA,0.1544,1299,1,13
LBX118LA,0.12864,1299,1,13
LBXD03LA,0.09856,1299,1,13
LBXD05LA,0.64128,1299,1,13
LBXD07LA,0.08016,1299,1,13
LBXF03LA,0.07648,1299,1,13
LBXF04LA,0.08176,1299,1,13
LBXF05LA,0.06608,1299,1,13
LBXF08LA,0.04928,1299,1,13
LBX074LA,0.32864,1300,2,13
LBX099LA,0.62736,1300,2,13
LBX138LA,0.21616,1300,2,13
LBX153LA,0.33664,1300,2,13
LBX170LA,0.37712,1300,2,13
LBX180LA,0.65744,1300,2,13
LBX187LA,0.22384,1300,2,13
LBX194LA,0.47168,1300,2,13
LBXPCBLA,0.13456,1300,2,13
LBXHXCLA,0.60832,1300,2,13
LBX118LA,0.43504,1300,2,13
LBXD03LA,0.22944,1300,2,13
LBXD05LA,0.98576,1300,2,13
LBXD07LA,0.23968,1300,2,13
LBXF03LA,0.08592,1300,2,13
LBXF04LA,0.58784,1300,2,13
LBXF05LA,0.16176,1300,2,13
LBXF08LA,0.17008,1300,2,13
LBX074LA,0.33616,1301,3,14
LBX099LA,0.1072,1301,3,14
LBX138LA,0.06432,1301,3,14
LBX153LA,0.12416,1301,3,14
LBX170LA,0.24096,1301,3,14
LBX180LA,0.10448,1301,3,14
LBX187LA,0.41584,1301,3,14
LBX194LA,0.35008,1301,3,14
LBXPCBLA,0.1048,1301,3,14
LBXHXCLA,0.03024,1301,3,14
LBX118LA,0.06288,1301,3,14
LBXD03LA,0.07536,1301,3,14
LBXD05LA,0.79488,1301,3,14
LBXD07LA,0.04112,1301,3,14
LBXF03LA,0.33504,1301,3,14
LBXF04LA,0.03312,1301,3,14
LBXF05LA,0.04816,1301,3,14
LBXF08LA,0.07904,1301,3,14
LBX074LA,0.17328,1302,1,14
LBX099LA,0.15264,1302,1,14
LBX138LA,0.12656,1302,1,14
LBX153LA,0.11792,1302,1,14
LBX170LA,0.10192,1302,1,14
LBX180LA,0.1328,1302,1,14
LBX187LA,0.10432,1302,1,14
LBX194LA,0.09104,1302,1,14
LBXPCBLA,0.1512,1302,1,14
LBXHXCLA,0.11648,1302,1,14
LBX118LA,0.12,1302,1,14
LBXD03LA,0.1832,1302,1,14
LBXD05LA,0.4032,1302,1,14
LBXD07LA,0.6264,1302,1,14
LBXF03LA,0.25232,1302,1,14
LBXF04LA,0.1528,1302,1,14
LBXF05LA,0.20784,1302,1,14
LBXF08LA,0.07872,1302,1,14
LBX074LA,0.13216,1303,1,14
LBX099LA,0.1064,1303,1,14
LBX138LA,0.18576,1303,1,14
LBX153LA,0.18144,1303,1,14
LBX170LA,0.53024,1303,1,14
LBX180LA,0.38048,1303,1,14
LBX187LA,0.15824,1303,1,14
LBX194LA,0.14848,1303,1,14
LBXPCBLA,0.13952,1303,1,14
LBXHXCLA,0.11088,1303,1,14
LBX118LA,0.08912,1303,1,14
LBXD03LA,0.16112,1303,1,14
LBXD05LA,0.9192,1303,1,14
LBXD07LA,0.14112,1303,1,14
LBXF03LA,0.064,1303,1,14
LBXF04LA,0.1424,1303,1,14
LBXF05LA,0.06176,1303,1,14
LBXF08LA,0.06544,1303,1,14
LBX074LA,0.66432,1304,2,14
LBX099LA,0.13104,1304,2,14
LBX138LA,0.08752,1304,2,14
LBX153LA,0.10016,1304,2,14
LBX170LA,0.08848,1304,2,14
LBX180LA,0.0912,1304,2,14
LBX187LA,0.20224,1304,2,14
LBX194LA,0.10016,1304,2,14
LBXPCBLA,0.0872,1304,2,14
LBXHXCLA,0.03824,1304,2,14
LBX118LA,0.11616,1304,2,14
LBXD03LA,0.0904,1304,2,14
LBXD05LA,0.26032,1304,2,14
LBXD07LA,0.04624,1304,2,14
LBXF03LA,0.05312,1304,2,14
LBXF04LA,0.84816,1304,2,14
LBXF05LA,0.10416,1304,2,14
LBXF08LA,0.05376,1304,2,14
LBX074LA,0.17056,1305,2,14
LBX099LA,0.11408,1305,2,14
LBX138LA,0.26544,1305,2,14
LBX153LA,0.25856,1305,2,14
LBX170LA,0.23232,1305,2,14
LBX180LA,0.20816,1305,2,14
LBX187LA,0.48048,1305,2,14
LBX194LA,0.08592,1305,2,14
LBXPCBLA,0.37696,1305,2,14
LBXHXCLA,0.07472,1305,2,14
LBX118LA,0.3128,1305,2,14
LBXD03LA,0.2648,1305,2,14
LBXD05LA,0.9032,1305,2,14
LBXD07LA,0.11424,1305,2,14
LBXF03LA,0.0912,1305,2,14
LBXF04LA,0.07664,1305,2,14
LBXF05LA,0.1232,1305,2,14
LBXF08LA,0.0968,1305,2,14
LBX074LA,0.96912,1306,2,14
LBX099LA,0.1216,1306,2,14
LBX138LA,0.21728,1306,2,14
LBX153LA,0.47056,1306,2,14
LBX170LA,0.41264,1306,2,14
LBX180LA,0.41696,1306,2,14
LBX187LA,0.70608,1306,2,14
LBX194LA,0.46944,1306,2,14
LBXPCBLA,0.15184,1306,2,14
LBXHXCLA,0.18176,1306,2,14
LBX118LA,0.24304,1306,2,14
LBXD03LA,0.15712,1306,2,14
LBXD05LA,0.85344,1306,2,14
LBXD07LA,0.13216,1306,2,14
LBXF03LA,0.1696,1306,2,14
LBXF04LA,0.81888,1306,2,14
LBXF05LA,0.16064,1306,2,14
LBXF08LA,0.1344,1306,2,14
LBX074LA,0.17216,1307,2,14
LBX099LA,0.08176,1307,2,14
LBX138LA,0.0528,1307,2,14
LBX153LA,0.05376,1307,2,14
LBX170LA,0.06224,1307,2,14
LBX180LA,0.04304,1307,2,14
LBX187LA,0.12496,1307,2,14
LBX194LA,0.12272,1307,2,14
LBXPCBLA,0.26816,1307,2,14
LBXHXCLA,0.03824,1307,2,14
LBX118LA,0.06576,1307,2,14
LBXD03LA,0.06352,1307,2,14
LBXD05LA,0.76448,1307,2,14
LBXD07LA,0.0504,1307,2,14
LBXF03LA,0.64512,1307,2,14
LBXF04LA,0.18528,1307,2,14
LBXF05LA,0.1848,1307,2,14
LBXF08LA,0.02304,1307,2,14
LBX074LA,0.14752,1308,1,14
LBX099LA,0.12672,1308,1,14
LBX138LA,0.1304,1308,1,14
LBX153LA,0.22512,1308,1,14
LBX170LA,0.204,1308,1,14
LBX180LA,0.4104,1308,1,14
LBX187LA,0.16672,1308,1,14
LBX194LA,0.10176,1308,1,14
LBXPCBLA,0.09264,1308,1,14
LBXHXCLA,0.10448,1308,1,14
LBX118LA,0.31408,1308,1,14
LBXD03LA,0.08224,1308,1,14
LBXD05LA,0.89312,1308,1,14
LBXD07LA,0.20288,1308,1,14
LBXF03LA,0.39024,1308,1,14
LBXF04LA,0.10496,1308,1,14
LBXF05LA,0.1056,1308,1,14
LBXF08LA,0.06416,1308,1,14
LBX074LA,0.23168,1309,1,14
LBX099LA,0.25744,1309,1,14
LBX138LA,0.45472,1309,1,14
LBX153LA,0.45536,1309,1,14
LBX170LA,0.46656,1309,1,14
LBX180LA,0.42816,1309,1,14
LBX187LA,0.28928,1309,1,14
LBX194LA,0.27456,1309,1,14
LBXPCBLA,0.15536,1309,1,14
LBXHXCLA,0.16688,1309,1,14
LBX118LA,0.7592,1309,1,14
LBXD03LA,0.17648,1309,1,14
LBXD05LA,0.66416,1309,1,14
LBXD07LA,0.3608,1309,1,14
LBXF03LA,0.11632,1309,1,14
LBXF04LA,0.42352,1309,1,14
LBXF05LA,0.2376,1309,1,14
LBXF08LA,0.11456,1309,1,14
LBX074LA,0.15248,1310,1,14
LBX099LA,0.11952,1310,1,14
LBX138LA,0.12864,1310,1,14
LBX153LA,0.176,1310,1,14
LBX170LA,0.13168,1310,1,14
LBX180LA,0.13568,1310,1,14
LBX187LA,0.31376,1310,1,14
LBX194LA,0.17568,1310,1,14
LBXPCBLA,0.1128,1310,1,14
LBXHXCLA,0.09936,1310,1,14
LBX118LA,0.8864,1310,1,14
LBXD03LA,0.12,1310,1,14
LBXD05LA,0.21456,1310,1,14
LBXD07LA,0.09152,1310,1,14
LBXF03LA,0.0664,1310,1,14
LBXF04LA,0.2952,1310,1,14
LBXF05LA,0.10176,1310,1,14
LBXF08LA,0.07984,1310,1,14
LBX074LA,0.13808,1311,1,14
LBX099LA,0.09248,1311,1,14
LBX138LA,0.15584,1311,1,14
LBX153LA,0.2184,1311,1,14
LBX170LA,0.504,1311,1,14
LBX180LA,0.2176,1311,1,14
LBX187LA,0.1888,1311,1,14
LBX194LA,0.35488,1311,1,14
LBXPCBLA,0.72976,1311,1,14
LBXHXCLA,0.11648,1311,1,14
LBX118LA,0.12688,1311,1,14
LBXD03LA,0.2072,1311,1,14
LBXD05LA,0.27232,1311,1,14
LBXD07LA,0.08704,1311,1,14
LBXF03LA,0.09056,1311,1,14
LBXF04LA,0.12432,1311,1,14
LBXF05LA,0.10672,1311,1,14
LBXF08LA,0.9128,1311,1,14
LBX074LA,0.6456,1312,2,14
LBX099LA,0.35744,1312,2,14
LBX138LA,0.30304,1312,2,14
LBX153LA,0.188,1312,2,14
LBX170LA,0.16816,1312,2,14
LBX180LA,0.12432,1312,2,14
LBX187LA,0.39536,1312,2,14
LBX194LA,0.12912,1312,2,14
LBXPCBLA,0.08256,1312,2,14
LBXHXCLA,0.104,1312,2,14
LBX118LA,0.14352,1312,2,14
LBXD03LA,0.36288,1312,2,14
LBXD05LA,0.9528,1312,2,14
LBXD07LA,0.11008,1312,2,14
LBXF03LA,0.60704,1312,2,14
LBXF04LA,0.2,1312,2,14
LBXF05LA,0.07136,1312,2,14
LBXF08LA,0.0656,1312,2,14
LBX074LA,0.8504,1313,1,14
LBX099LA,0.12688,1313,1,14
LBX138LA,0.13776,1313,1,14
LBX153LA,0.13504,1313,1,14
LBX170LA,0.2064,1313,1,14
LBX180LA,0.172,1313,1,14
LBX187LA,0.34144,1313,1,14
LBX194LA,0.26224,1313,1,14
LBXPCBLA,0.09216,1313,1,14
LBXHXCLA,0.14832,1313,1,14
LBX118LA,0.14912,1313,1,14
LBXD03LA,0.0888,1313,1,14
LBXD05LA,0.08048,1313,1,14
LBXD07LA,0.06464,1313,1,14
LBXF03LA,0.12912,1313,1,14
LBXF04LA,0.99136,1313,1,14
LBXF05LA,0.9624,1313,1,14
LBXF08LA,0.09456,1313,1,14
LBX074LA,0.07024,1314,1,14
LBX099LA,0.08032,1314,1,14
LBX138LA,0.09728,1314,1,14
LBX153LA,0.09504,1314,1,14
LBX170LA,0.13008,1314,1,14
LBX180LA,0.12112,1314,1,14
LBX187LA,0.11664,1314,1,14
LBX194LA,0.64256,1314,1,14
LBXPCBLA,0.45152,1314,1,14
LBXHXCLA,0.0928,1314,1,14
LBX118LA,0.1048,1314,1,14
LBXD03LA,0.07152,1314,1,14
LBXD05LA,0.5816,1314,1,14
LBXD07LA,0.33024,1314,1,14
LBXF03LA,0.04384,1314,1,14
LBXF04LA,0.06656,1314,1,14
LBXF05LA,0.06144,1314,1,14
LBXF08LA,0.05088,1314,1,14
LBX074LA,0.54384,1315,4,14
LBX099LA,0.09456,1315,4,14
LBX138LA,0.12672,1315,4,14
LBX153LA,0.10688,1315,4,14
LBX170LA,0.12496,1315,4,14
LBX180LA,0.11856,1315,4,14
LBX187LA,0.45088,1315,4,14
LBX194LA,0.7648,1315,4,14
LBXPCBLA,0.07632,1315,4,14
LBXHXCLA,0.5896,1315,4,14
LBX118LA,0.13728,1315,4,14
LBXD03LA,0.07872,1315,4,14
LBXD05LA,0.66192,1315,4,14
LBXD07LA,0.2512,1315,4,14
LBXF03LA,0.09856,1315,4,14
LBXF04LA,0.89824,1315,4,14
LBXF05LA,0.10816,1315,4,14
LBXF08LA,0.09904,1315,4,14
LBX074LA,0.14624,1316,1,14
LBX099LA,0.13168,1316,1,14
LBX138LA,0.20144,1316,1,14
LBX153LA,0.32064,1316,1,14
LBX170LA,0.22688,1316,1,14
LBX180LA,0.59168,1316,1,14
LBX187LA,0.16688,1316,1,14
LBX194LA,0.78432,1316,1,14
LBXPCBLA,0.16928,1316,1,14
LBXHXCLA,0.33968,1316,1,14
LBX118LA,0.14816,1316,1,14
LBXD03LA,0.64464,1316,1,14
LBXD05LA,0.628,1316,1,14
LBXD07LA,0.3544,1316,1,14
LBXF03LA,0.1328,1316,1,14
LBXF04LA,0.13472,1316,1,14
LBXF05LA,0.1056,1316,1,14
LBXF08LA,0.09072,1316,1,14
LBX074LA,0.1568,1317,1,14
LBX099LA,0.52592,1317,1,14
LBX138LA,0.19104,1317,1,14
LBX153LA,0.14496,1317,1,14
LBX170LA,0.16912,1317,1,14
LBX180LA,0.2864,1317,1,14
LBX187LA,0.18912,1317,1,14
LBX194LA,0.84496,1317,1,14
LBXPCBLA,0.38416,1317,1,14
LBXHXCLA,0.12112,1317,1,14
LBX118LA,0.19744,1317,1,14
LBXD03LA,0.07984,1317,1,14
LBXD05LA,0.10128,1317,1,14
LBXD07LA,0.068,1317,1,14
LBXF03LA,0.06256,1317,1,14
LBXF04LA,0.06624,1317,1,14
LBXF05LA,0.08128,1317,1,14
LBXF08LA,0.05648,1317,1,14
LBX074LA,0.17264,1318,3,14
LBX099LA,0.076,1318,3,14
LBX138LA,0.12672,1318,3,14
LBX153LA,0.1552,1318,3,14
LBX170LA,0.32688,1318,3,14
LBX180LA,0.28176,1318,3,14
LBX187LA,0.40512,1318,3,14
LBX194LA,0.71184,1318,3,14
LBXPCBLA,0.34944,1318,3,14
LBXHXCLA,0.08928,1318,3,14
LBX118LA,0.25072,1318,3,14
LBXD03LA,0.11168,1318,3,14
LBXD05LA,0.99728000000000006,1318,3,14
LBXD07LA,0.07584,1318,3,14
LBXF03LA,0.0816,1318,3,14
LBXF04LA,0.98416,1318,3,14
LBXF05LA,0.29184,1318,3,14
LBXF08LA,0.23248,1318,3,14
LBX074LA,0.20256,1319,2,14
LBX099LA,0.15792,1319,2,14
LBX138LA,0.0904,1319,2,14
LBX153LA,0.15888,1319,2,14
LBX170LA,0.18064,1319,2,14
LBX180LA,0.10784,1319,2,14
LBX187LA,0.45904,1319,2,14
LBX194LA,0.56528,1319,2,14
LBXPCBLA,0.27408,1319,2,14
LBXHXCLA,0.0776,1319,2,14
LBX118LA,0.24384,1319,2,14
LBXD03LA,0.188,1319,2,14
LBXD05LA,0.09024,1319,2,14
LBXD07LA,0.08816,1319,2,14
LBXF03LA,0.05568,1319,2,14
LBXF04LA,0.73344,1319,2,14
LBXF05LA,0.18224,1319,2,14
LBXF08LA,0.15136,1319,2,14
LBX074LA,0.09904,1320,4,14
LBX099LA,0.35424,1320,4,14
LBX138LA,0.30544,1320,4,14
LBX153LA,0.30976,1320,4,14
LBX170LA,0.07296,1320,4,14
LBX180LA,0.08176,1320,4,14
LBX187LA,0.15488,1320,4,14
LBX194LA,0.1664,1320,4,14
LBXPCBLA,0.08736,1320,4,14
LBXHXCLA,0.76656,1320,4,14
LBX118LA,0.25936,1320,4,14
LBXD03LA,0.11376,1320,4,14
LBXD05LA,0.15616,1320,4,14
LBXD07LA,0.56304,1320,4,14
LBXF03LA,0.10656,1320,4,14
LBXF04LA,0.8336,1320,4,14
LBXF05LA,0.31088,1320,4,14
LBXF08LA,0.04128,1320,4,14
LBX074LA,0.11472,1321,2,14
LBX099LA,0.77184,1321,2,14
LBX138LA,0.30128,1321,2,14
LBX153LA,0.20128,1321,2,14
LBX170LA,0.2296,1321,2,14
LBX180LA,0.3544,1321,2,14
LBX187LA,0.23888,1321,2,14
LBX194LA,0.83744,1321,2,14
LBXPCBLA,0.0672,1321,2,14
LBXHXCLA,0.08944,1321,2,14
LBX118LA,0.15536,1321,2,14
LBXD03LA,0.1344,1321,2,14
LBXD05LA,0.21632,1321,2,14
LBXD07LA,0.06592,1321,2,14
LBXF03LA,0.10448,1321,2,14
LBXF04LA,0.89408,1321,2,14
LBXF05LA,0.52256,1321,2,14
LBXF08LA,0.04384,1321,2,14
LBX074LA,0.30624,1322,2,14
LBX099LA,0.19408,1322,2,14
LBX138LA,0.89648,1322,2,14
LBX153LA,0.23824,1322,2,14
LBX170LA,0.57744,1322,2,14
LBX180LA,0.27904,1322,2,14
LBX187LA,0.13264,1322,2,14
LBX194LA,0.1192,1322,2,14
LBXPCBLA,0.46288,1322,2,14
LBXHXCLA,0.67424,1322,2,14
LBX118LA,0.15088,1322,2,14
LBXD03LA,0.14304,1322,2,14
LBXD05LA,0.19872,1322,2,14
LBXD07LA,0.13248,1322,2,14
LBXF03LA,0.12624,1322,2,14
LBXF04LA,0.1112,1322,2,14
LBXF05LA,0.13808,1322,2,14
LBXF08LA,0.14624,1322,2,14
LBX074LA,0.68064,1323,3,14
LBX099LA,0.08384,1323,3,14
LBX138LA,0.0952,1323,3,14
LBX153LA,0.07008,1323,3,14
LBX170LA,0.09472,1323,3,14
LBX180LA,0.15072,1323,3,14
LBX187LA,0.09712,1323,3,14
LBX194LA,0.05728,1323,3,14
LBXPCBLA,0.0504,1323,3,14
LBXHXCLA,0.08416,1323,3,14
LBX118LA,0.10912,1323,3,14
LBXD03LA,0.21584,1323,3,14
LBXD05LA,0.90608,1323,3,14
LBXD07LA,0.09328,1323,3,14
LBXF03LA,0.06944,1323,3,14
LBXF04LA,0.88096,1323,3,14
LBXF05LA,0.53904,1323,3,14
LBXF08LA,0.0288,1323,3,14
LBX074LA,0.15072,1324,1,14
LBX099LA,0.27728,1324,1,14
LBX138LA,0.17728,1324,1,14
LBX153LA,0.16944,1324,1,14
LBX170LA,0.18272,1324,1,14
LBX180LA,0.17552,1324,1,14
LBX187LA,0.29024,1324,1,14
LBX194LA,0.3984,1324,1,14
LBXPCBLA,0.09312,1324,1,14
LBXHXCLA,0.31632,1324,1,14
LBX118LA,0.22784,1324,1,14
LBXD03LA,0.16112,1324,1,14
LBXD05LA,0.99664,1324,1,14
LBXD07LA,0.09408,1324,1,14
LBXF03LA,0.1064,1324,1,14
LBXF04LA,0.22528,1324,1,14
LBXF05LA,0.17568,1324,1,14
LBXF08LA,0.11088,1324,1,14
LBX074LA,0.1392,1325,4,14
LBX099LA,0.4528,1325,4,14
LBX138LA,0.10992,1325,4,14
LBX153LA,0.12864,1325,4,14
LBX170LA,0.15088,1325,4,14
LBX180LA,0.04368,1325,4,14
LBX187LA,0.0944,1325,4,14
LBX194LA,0.60768,1325,4,14
LBXPCBLA,1,1325,4,14
LBXHXCLA,0.02272,1325,4,14
LBX118LA,0.09504,1325,4,14
LBXD03LA,0.05024,1325,4,14
LBXD05LA,0.03648,1325,4,14
LBXD07LA,0.05216,1325,4,14
LBXF03LA,0.03408,1325,4,14
LBXF04LA,0.2136,1325,4,14
LBXF05LA,0.12256,1325,4,14
LBXF08LA,0.04272,1325,4,14
LBX074LA,0.99296,1326,1,14
LBX099LA,0.15152,1326,1,14
LBX138LA,0.13712,1326,1,14
LBX153LA,0.11088,1326,1,14
LBX170LA,0.10016,1326,1,14
LBX180LA,0.1112,1326,1,14
LBX187LA,0.10064,1326,1,14
LBX194LA,0.0888,1326,1,14
LBXPCBLA,0.07872,1326,1,14
LBXHXCLA,0.0968,1326,1,14
LBX118LA,0.09168,1326,1,14
LBXD03LA,0.10896,1326,1,14
LBXD05LA,0.21776,1326,1,14
LBXD07LA,0.90368,1326,1,14
LBXF03LA,0.06864,1326,1,14
LBXF04LA,0.1384,1326,1,14
LBXF05LA,0.05072,1326,1,14
LBXF08LA,0.04304,1326,1,14
LBX074LA,0.85344,1327,2,14
LBX099LA,0.1744,1327,2,14
LBX138LA,0.1472,1327,2,14
LBX153LA,0.21776,1327,2,14
LBX170LA,0.29904,1327,2,14
LBX180LA,0.21392,1327,2,14
LBX187LA,0.19456,1327,2,14
LBX194LA,0.53888,1327,2,14
LBXPCBLA,0.06016,1327,2,14
LBXHXCLA,0.47552,1327,2,14
LBX118LA,0.85168,1327,2,14
LBXD03LA,0.84496,1327,2,14
LBXD05LA,0.17168,1327,2,14
LBXD07LA,0.104,1327,2,14
LBXF03LA,0.07408,1327,2,14
LBXF04LA,0.77008,1327,2,14
LBXF05LA,0.19952,1327,2,14
LBXF08LA,0.08384,1327,2,14
LBX074LA,0.35824,1328,2,14
LBX099LA,0.3728,1328,2,14
LBX138LA,0.16784,1328,2,14
LBX153LA,0.17744,1328,2,14
LBX170LA,0.31136,1328,2,14
LBX180LA,0.20816,1328,2,14
LBX187LA,0.38256,1328,2,14
LBX194LA,0.3576,1328,2,14
LBXPCBLA,0.40176,1328,2,14
LBXHXCLA,0.15088,1328,2,14
LBX118LA,0.24384,1328,2,14
LBXD03LA,0.12208,1328,2,14
LBXD05LA,0.91008,1328,2,14
LBXD07LA,0.19728,1328,2,14
LBXF03LA,0.19248,1328,2,14
LBXF04LA,0.14928,1328,2,14
LBXF05LA,0.61552,1328,2,14
LBXF08LA,0.07504,1328,2,14
LBX074LA,0.38272,1329,4,14
LBX099LA,0.18096,1329,4,14
LBX138LA,0.10048,1329,4,14
LBX153LA,0.18928,1329,4,14
LBX170LA,0.1216,1329,4,14
LBX180LA,0.08352,1329,4,14
LBX187LA,0.6696,1329,4,14
LBX194LA,0.08624,1329,4,14
LBXPCBLA,0.08496,1329,4,14
LBXHXCLA,0.2872,1329,4,14
LBX118LA,0.1376,1329,4,14
LBXD03LA,0.29712,1329,4,14
LBXD05LA,0.92176,1329,4,14
LBXD07LA,0.15104,1329,4,14
LBXF03LA,0.09152,1329,4,14
LBXF04LA,0.37248,1329,4,14
LBXF05LA,0.13024,1329,4,14
LBXF08LA,0.17344,1329,4,14
LBX074LA,0.57904,1330,3,14
LBX099LA,0.4808,1330,3,14
LBX138LA,0.14032,1330,3,14
LBX153LA,0.2,1330,3,14
LBX170LA,0.72624,1330,3,14
LBX180LA,0.1528,1330,3,14
LBX187LA,0.1576,1330,3,14
LBX194LA,0.50256,1330,3,14
LBXPCBLA,0.11584,1330,3,14
LBXHXCLA,0.11344,1330,3,14
LBX118LA,0.38864,1330,3,14
LBXD03LA,0.11104,1330,3,14
LBXD05LA,0.1456,1330,3,14
LBXD07LA,0.55056,1330,3,14
LBXF03LA,0.06416,1330,3,14
LBXF04LA,0.36,1330,3,14
LBXF05LA,0.17776,1330,3,14
LBXF08LA,0.04736,1330,3,14
LBX074LA,0.19488,1331,2,14
LBX099LA,0.08384,1331,2,14
LBX138LA,0.12224,1331,2,14
LBX153LA,0.16192,1331,2,14
LBX170LA,0.17344,1331,2,14
LBX180LA,0.24528,1331,2,14
LBX187LA,0.14544,1331,2,14
LBX194LA,0.976,1331,2,14
LBXPCBLA,0.29424,1331,2,14
LBXHXCLA,0.0888,1331,2,14
LBX118LA,0.35984,1331,2,14
LBXD03LA,0.23072,1331,2,14
LBXD05LA,0.28032,1331,2,14
LBXD07LA,0.07168,1331,2,14
LBXF03LA,0.10848,1331,2,14
LBXF04LA,0.1432,1331,2,14
LBXF05LA,0.32464,1331,2,14
LBXF08LA,0.10288,1331,2,14
LBX074LA,0.14288,1332,2,14
LBX099LA,0.08768,1332,2,14
LBX138LA,0.28208,1332,2,14
LBX153LA,0.18576,1332,2,14
LBX170LA,0.41392,1332,2,14
LBX180LA,0.1488,1332,2,14
LBX187LA,0.13872,1332,2,14
LBX194LA,0.12176,1332,2,14
LBXPCBLA,0.96256,1332,2,14
LBXHXCLA,0.30352,1332,2,14
LBX118LA,0.11856,1332,2,14
LBXD03LA,0.10816,1332,2,14
LBXD05LA,0.47952,1332,2,14
LBXD07LA,0.30192,1332,2,14
LBXF03LA,0.05648,1332,2,14
LBXF04LA,0.2064,1332,2,14
LBXF05LA,0.56608,1332,2,14
LBXF08LA,0.12816,1332,2,14
LBX074LA,0.09104,1333,4,14
LBX099LA,0.44416,1333,4,14
LBX138LA,0.11424,1333,4,14
LBX153LA,0.23712,1333,4,14
LBX170LA,0.16224,1333,4,14
LBX180LA,0.0936,1333,4,14
LBX187LA,0.34096,1333,4,14
LBX194LA,0.1912,1333,4,14
LBXPCBLA,0.4448,1333,4,14
LBXHXCLA,0.8488,1333,4,14
LBX118LA,0.6256,1333,4,14
LBXD03LA,0.2688,1333,4,14
LBXD05LA,0.42688,1333,4,14
LBXD07LA,0.31152,1333,4,14
LBXF03LA,0.05888,1333,4,14
LBXF04LA,0.12176,1333,4,14
LBXF05LA,0.31968,1333,4,14
LBXF08LA,0.03792,1333,4,14
LBX074LA,0.11744,1334,1,14
LBX099LA,0.12,1334,1,14
LBX138LA,0.31632,1334,1,14
LBX153LA,0.3344,1334,1,14
LBX170LA,0.25008,1334,1,14
LBX180LA,0.2776,1334,1,14
LBX187LA,0.552,1334,1,14
LBX194LA,0.3544,1334,1,14
LBXPCBLA,0.07648,1334,1,14
LBXHXCLA,0.19616,1334,1,14
LBX118LA,0.10864,1334,1,14
LBXD03LA,0.144,1334,1,14
LBXD05LA,0.18336,1334,1,14
LBXD07LA,0.09152,1334,1,14
LBXF03LA,0.47568,1334,1,14
LBXF04LA,0.85936,1334,1,14
LBXF05LA,0.17376,1334,1,14
LBXF08LA,0.0856,1334,1,14
LBX074LA,0.36368,1335,3,14
LBX099LA,0.2136,1335,3,14
LBX138LA,0.15856,1335,3,14
LBX153LA,0.17472,1335,3,14
LBX170LA,0.19104,1335,3,14
LBX180LA,0.17728,1335,3,14
LBX187LA,0.16368,1335,3,14
LBX194LA,0.24224,1335,3,14
LBXPCBLA,0.04944,1335,3,14
LBXHXCLA,0.13984,1335,3,14
LBX118LA,0.20576,1335,3,14
LBXD03LA,0.07696,1335,3,14
LBXD05LA,0.14016,1335,3,14
LBXD07LA,0.51984,1335,3,14
LBXF03LA,0.06416,1335,3,14
LBXF04LA,0.4784,1335,3,14
LBXF05LA,0.8224,1335,3,14
LBXF08LA,0.176,1335,3,14
LBX074LA,0.06384,1336,2,14
LBX099LA,0.09712,1336,2,14
LBX138LA,0.16384,1336,2,14
LBX153LA,0.16176,1336,2,14
LBX170LA,0.15312,1336,2,14
LBX180LA,0.13312,1336,2,14
LBX187LA,0.1544,1336,2,14
LBX194LA,0.22224,1336,2,14
LBXPCBLA,0.0448,1336,2,14
LBXHXCLA,0.12224,1336,2,14
LBX118LA,0.0656,1336,2,14
LBXD03LA,0.06784,1336,2,14
LBXD05LA,0.08032,1336,2,14
LBXD07LA,0.05072,1336,2,14
LBXF03LA,0.7616,1336,2,14
LBXF04LA,0.15904,1336,2,14
LBXF05LA,0.05376,1336,2,14
LBXF08LA,0.05216,1336,2,14
LBX074LA,0.14864,1337,3,14
LBX099LA,0.06912,1337,3,14
LBX138LA,0.68208,1337,3,14
LBX153LA,0.31344,1337,3,14
LBX170LA,0.1512,1337,3,14
LBX180LA,0.2232,1337,3,14
LBX187LA,0.32432,1337,3,14
LBX194LA,0.904,1337,3,14
LBXPCBLA,0.13296,1337,3,14
LBXHXCLA,0.0784,1337,3,14
LBX118LA,0.13984,1337,3,14
LBXD03LA,0.2232,1337,3,14
LBXD05LA,0.5576,1337,3,14
LBXD07LA,0.18496,1337,3,14
LBXF03LA,0.06,1337,3,14
LBXF04LA,0.96832,1337,3,14
LBXF05LA,0.13264,1337,3,14
LBXF08LA,0.0504,1337,3,14
LBX074LA,0.1928,1338,1,14
LBX099LA,0.72448,1338,1,14
LBX138LA,0.20544,1338,1,14
LBX153LA,0.22032,1338,1,14
LBX170LA,0.16848,1338,1,14
LBX180LA,0.19744,1338,1,14
LBX187LA,0.176,1338,1,14
LBX194LA,0.34592,1338,1,14
LBXPCBLA,0.98288,1338,1,14
LBXHXCLA,0.12416,1338,1,14
LBX118LA,0.67776,1338,1,14
LBXD03LA,0.41216,1338,1,14
LBXD05LA,0.584,1338,1,14
LBXD07LA,0.71728,1338,1,14
LBXF03LA,0.1312,1338,1,14
LBXF04LA,0.18912,1338,1,14
LBXF05LA,0.48816,1338,1,14
LBXF08LA,0.26016,1338,1,14
LBX074LA,0.10976,1339,2,14
LBX099LA,0.16752,1339,2,14
LBX138LA,0.1384,1339,2,14
LBX153LA,0.15744,1339,2,14
LBX170LA,0.34144,1339,2,14
LBX180LA,0.17536,1339,2,14
LBX187LA,0.27568,1339,2,14
LBX194LA,0.58704,1339,2,14
LBXPCBLA,0.33728,1339,2,14
LBXHXCLA,0.36464,1339,2,14
LBX118LA,0.09824,1339,2,14
LBXD03LA,0.75744,1339,2,14
LBXD05LA,0.66368,1339,2,14
LBXD07LA,0.16928,1339,2,14
LBXF03LA,0.1152,1339,2,14
LBXF04LA,0.16544,1339,2,14
LBXF05LA,0.07712,1339,2,14
LBXF08LA,0.1968,1339,2,14
LBX074LA,0.18944,1340,3,14
LBX099LA,0.33264,1340,3,14
LBX138LA,0.07776,1340,3,14
LBX153LA,0.07888,1340,3,14
LBX170LA,0.11872,1340,3,14
LBX180LA,0.1816,1340,3,14
LBX187LA,0.21984,1340,3,14
LBX194LA,0.73664,1340,3,14
LBXPCBLA,0.13296,1340,3,14
LBXHXCLA,0.04256,1340,3,14
LBX118LA,0.88592,1340,3,14
LBXD03LA,0.088,1340,3,14
LBXD05LA,0.04432,1340,3,14
LBXD07LA,0.07008,1340,3,14
LBXF03LA,0.02416,1340,3,14
LBXF04LA,0.21376,1340,3,14
LBXF05LA,0.07344,1340,3,14
LBXF08LA,0.4184,1340,3,14
LBX074LA,0.32544,1341,2,14
LBX099LA,0.21072,1341,2,14
LBX138LA,0.47584,1341,2,14
LBX153LA,0.30784,1341,2,14
LBX170LA,0.81584,1341,2,14
LBX180LA,0.28448,1341,2,14
LBX187LA,0.25904,1341,2,14
LBX194LA,0.2072,1341,2,14
LBXPCBLA,0.23056,1341,2,14
LBXHXCLA,0.89936,1341,2,14
LBX118LA,0.76768,1341,2,14
LBXD03LA,0.808,1341,2,14
LBXD05LA,0.41232,1341,2,14
LBXD07LA,0.18672,1341,2,14
LBXF03LA,0.15472,1341,2,14
LBXF04LA,0.3608,1341,2,14
LBXF05LA,0.1296,1341,2,14
LBXF08LA,0.36304,1341,2,14
LBX074LA,0.21296,1342,2,14
LBX099LA,0.4544,1342,2,14
LBX138LA,0.15136,1342,2,14
LBX153LA,0.20544,1342,2,14
LBX170LA,0.19136,1342,2,14
LBX180LA,0.13952,1342,2,14
LBX187LA,0.98592,1342,2,14
LBX194LA,0.11344,1342,2,14
LBXPCBLA,0.10912,1342,2,14
LBXHXCLA,0.19088,1342,2,14
LBX118LA,0.13728,1342,2,14
LBXD03LA,0.11696,1342,2,14
LBXD05LA,0.19392,1342,2,14
LBXD07LA,0.21616,1342,2,14
LBXF03LA,0.10816,1342,2,14
LBXF04LA,0.7576,1342,2,14
LBXF05LA,0.10976,1342,2,14
LBXF08LA,0.17168,1342,2,14
LBX074LA,0.7176,1343,2,14
LBX099LA,0.20384,1343,2,14
LBX138LA,0.35248,1343,2,14
LBX153LA,0.48512,1343,2,14
LBX170LA,0.42736,1343,2,14
LBX180LA,0.25632,1343,2,14
LBX187LA,0.44432,1343,2,14
LBX194LA,0.1568,1343,2,14
LBXPCBLA,0.07024,1343,2,14
LBXHXCLA,0.20912,1343,2,14
LBX118LA,0.29984,1343,2,14
LBXD03LA,0.5472,1343,2,14
LBXD05LA,0.08464,1343,2,14
LBXD07LA,0.06208,1343,2,14
LBXF03LA,0.06624,1343,2,14
LBXF04LA,0.50512,1343,2,14
LBXF05LA,0.30208,1343,2,14
LBXF08LA,0.0392,1343,2,14
LBX074LA,0.15312,1344,4,14
LBX099LA,0.10016,1344,4,14
LBX138LA,0.0784,1344,4,14
LBX153LA,0.0992,1344,4,14
LBX170LA,0.0896,1344,4,14
LBX180LA,0.09568,1344,4,14
LBX187LA,0.1248,1344,4,14
LBX194LA,0.9712,1344,4,14
LBXPCBLA,0.148,1344,4,14
LBXHXCLA,0.09424,1344,4,14
LBX118LA,0.06304,1344,4,14
LBXD03LA,0.31728,1344,4,14
LBXD05LA,0.93792,1344,4,14
LBXD07LA,0.19152,1344,4,14
LBXF03LA,0.08528,1344,4,14
LBXF04LA,0.68336,1344,4,14
LBXF05LA,0.18432,1344,4,14
LBXF08LA,0.04816,1344,4,14
LBX074LA,0.27328,1345,3,14
LBX099LA,0.22912,1345,3,14
LBX138LA,0.08992,1345,3,14
LBX153LA,0.09728,1345,3,14
LBX170LA,0.11376,1345,3,14
LBX180LA,0.13104,1345,3,14
LBX187LA,0.11744,1345,3,14
LBX194LA,0.11216,1345,3,14
LBXPCBLA,0.41264,1345,3,14
LBXHXCLA,0.17312,1345,3,14
LBX118LA,0.14032,1345,3,14
LBXD03LA,0.4024,1345,3,14
LBXD05LA,0.47808,1345,3,14
LBXD07LA,0.04944,1345,3,14
LBXF03LA,0.08912,1345,3,14
LBXF04LA,0.70352,1345,3,14
LBXF05LA,0.22416,1345,3,14
LBXF08LA,0.10208,1345,3,14
LBX074LA,0.14384,1346,1,14
LBX099LA,0.07744,1346,1,14
LBX138LA,0.3072,1346,1,14
LBX153LA,0.48816,1346,1,14
LBX170LA,0.15408,1346,1,14
LBX180LA,0.16432,1346,1,14
LBX187LA,0.18608,1346,1,14
LBX194LA,0.47168,1346,1,14
LBXPCBLA,0.11008,1346,1,14
LBXHXCLA,0.07952,1346,1,14
LBX118LA,0.1712,1346,1,14
LBXD03LA,0.47968,1346,1,14
LBXD05LA,0.85136,1346,1,14
LBXD07LA,0.12352,1346,1,14
LBXF03LA,0.07344,1346,1,14
LBXF04LA,0.15312,1346,1,14
LBXF05LA,0.11808,1346,1,14
LBXF08LA,0.06128,1346,1,14
LBX074LA,0.2528,1347,2,14
LBX099LA,0.06544,1347,2,14
LBX138LA,0.16336,1347,2,14
LBX153LA,0.22688,1347,2,14
LBX170LA,0.32896,1347,2,14
LBX180LA,0.5416,1347,2,14
LBX187LA,0.1104,1347,2,14
LBX194LA,0.21664,1347,2,14
LBXPCBLA,0.22576,1347,2,14
LBXHXCLA,0.1072,1347,2,14
LBX118LA,0.104,1347,2,14
LBXD03LA,0.21424,1347,2,14
LBXD05LA,0.42896,1347,2,14
LBXD07LA,0.0704,1347,2,14
LBXF03LA,0.26416,1347,2,14
LBXF04LA,0.9888,1347,2,14
LBXF05LA,0.07536,1347,2,14
LBXF08LA,0.20512,1347,2,14
LBX074LA,0.2968,1348,3,14
LBX099LA,0.14128,1348,3,14
LBX138LA,0.10688,1348,3,14
LBX153LA,0.21536,1348,3,14
LBX170LA,0.232,1348,3,14
LBX180LA,0.14752,1348,3,14
LBX187LA,0.7224,1348,3,14
LBX194LA,0.44592,1348,3,14
LBXPCBLA,0.0432,1348,3,14
LBXHXCLA,0.24528,1348,3,14
LBX118LA,0.91008,1348,3,14
LBXD03LA,0.36288,1348,3,14
LBXD05LA,0.0528,1348,3,14
LBXD07LA,0.24688,1348,3,14
LBXF03LA,0.04032,1348,3,14
LBXF04LA,0.97664,1348,3,14
LBXF05LA,0.02832,1348,3,14
LBXF08LA,0.05072,1348,3,14
LBX074LA,0.81136,1349,4,14
LBX099LA,0.08336,1349,4,14
LBX138LA,0.29568,1349,4,14
LBX153LA,0.39296,1349,4,14
LBX170LA,0.21136,1349,4,14
LBX180LA,0.31472,1349,4,14
LBX187LA,0.13552,1349,4,14
LBX194LA,0.93408,1349,4,14
LBXPCBLA,0.1072,1349,4,14
LBXHXCLA,0.16016,1349,4,14
LBX118LA,0.09584,1349,4,14
LBXD03LA,0.15136,1349,4,14
LBXD05LA,0.14576,1349,4,14
LBXD07LA,0.1256,1349,4,14
LBXF03LA,0.03456,1349,4,14
LBXF04LA,0.31968,1349,4,14
LBXF05LA,0.94816,1349,4,14
LBXF08LA,0.05264,1349,4,14
LBX074LA,0.98224,1350,1,14
LBX099LA,0.17216,1350,1,14
LBX138LA,0.16512,1350,1,14
LBX153LA,0.2256,1350,1,14
LBX170LA,0.3384,1350,1,14
LBX180LA,0.17408,1350,1,14
LBX187LA,0.17504,1350,1,14
LBX194LA,0.19552,1350,1,14
LBXPCBLA,0.16544,1350,1,14
LBXHXCLA,0.25424,1350,1,14
LBX118LA,0.2152,1350,1,14
LBXD03LA,0.14336,1350,1,14
LBXD05LA,0.97408,1350,1,14
LBXD07LA,0.75584,1350,1,14
LBXF03LA,0.11168,1350,1,14
LBXF04LA,0.3696,1350,1,14
LBXF05LA,0.15936,1350,1,14
LBXF08LA,0.12048,1350,1,14
LBX074LA,0.1736,1351,4,14
LBX099LA,0.16496,1351,4,14
LBX138LA,0.07616,1351,4,14
LBX153LA,0.0848,1351,4,14
LBX170LA,0.07328,1351,4,14
LBX180LA,0.12944,1351,4,14
LBX187LA,0.30384,1351,4,14
LBX194LA,0.73792,1351,4,14
LBXPCBLA,0.96256,1351,4,14
LBXHXCLA,0.07616,1351,4,14
LBX118LA,0.21744,1351,4,14
LBXD03LA,0.07424,1351,4,14
LBXD05LA,0.07984,1351,4,14
LBXD07LA,0.7696,1351,4,14
LBXF03LA,0.0432,1351,4,14
LBXF04LA,0.27376,1351,4,14
LBXF05LA,0.15072,1351,4,14
LBXF08LA,0.86688,1351,4,14
LBX074LA,0.27328,1352,3,14
LBX099LA,0.17584,1352,3,14
LBX138LA,0.19872,1352,3,14
LBX153LA,0.12336,1352,3,14
LBX170LA,0.22896,1352,3,14
LBX180LA,0.13872,1352,3,14
LBX187LA,0.1072,1352,3,14
LBX194LA,0.1496,1352,3,14
LBXPCBLA,0.1072,1352,3,14
LBXHXCLA,0.16304,1352,3,14
LBX118LA,0.5672,1352,3,14
LBXD03LA,0.05968,1352,3,14
LBXD05LA,0.21632,1352,3,14
LBXD07LA,0.9128,1352,3,14
LBXF03LA,0.21376,1352,3,14
LBXF04LA,0.36448,1352,3,14
LBXF05LA,0.93824,1352,3,14
LBXF08LA,0.09856,1352,3,14
LBX074LA,0.59936,1353,1,14
LBX099LA,0.14464,1353,1,14
LBX138LA,0.18016,1353,1,14
LBX153LA,0.19488,1353,1,14
LBX170LA,0.1912,1353,1,14
LBX180LA,0.1472,1353,1,14
LBX187LA,0.67952,1353,1,14
LBX194LA,0.26912,1353,1,14
LBXPCBLA,0.07472,1353,1,14
LBXHXCLA,0.1552,1353,1,14
LBX118LA,0.14,1353,1,14
LBXD03LA,0.53216,1353,1,14
LBXD05LA,0.1304,1353,1,14
LBXD07LA,0.11104,1353,1,14
LBXF03LA,0.0936,1353,1,14
LBXF04LA,0.15264,1353,1,14
LBXF05LA,0.13808,1353,1,14
LBXF08LA,0.11264,1353,1,14
LBX074LA,0.71792,1354,3,14
LBX099LA,0.212,1354,3,14
LBX138LA,0.14368,1354,3,14
LBX153LA,0.16,1354,3,14
LBX170LA,0.3496,1354,3,14
LBX180LA,0.30672,1354,3,14
LBX187LA,0.34336,1354,3,14
LBX194LA,0.44608,1354,3,14
LBXPCBLA,0.35632,1354,3,14
LBXHXCLA,0.17632,1354,3,14
LBX118LA,0.2432,1354,3,14
LBXD03LA,0.16064,1354,3,14
LBXD05LA,0.4376,1354,3,14
LBXD07LA,0.16736,1354,3,14
LBXF03LA,0.1616,1354,3,14
LBXF04LA,0.43792,1354,3,14
LBXF05LA,0.43776,1354,3,14
LBXF08LA,0.05552,1354,3,14
LBX074LA,0.16608,1355,1,14
LBX099LA,0.08752,1355,1,14
LBX138LA,0.13696,1355,1,14
LBX153LA,0.12352,1355,1,14
LBX170LA,0.09808,1355,1,14
LBX180LA,0.0784,1355,1,14
LBX187LA,0.0952,1355,1,14
LBX194LA,0.21552,1355,1,14
LBXPCBLA,0.12512,1355,1,14
LBXHXCLA,0.2608,1355,1,14
LBX118LA,0.29104,1355,1,14
LBXD03LA,0.1192,1355,1,14
LBXD05LA,0.07664,1355,1,14
LBXD07LA,0.05616,1355,1,14
LBXF03LA,0.04832,1355,1,14
LBXF04LA,0.06016,1355,1,14
LBXF05LA,0.124,1355,1,14
LBXF08LA,0.11056,1355,1,14
LBX074LA,0.27088,1356,3,14
LBX099LA,0.19984,1356,3,14
LBX138LA,0.1024,1356,3,14
LBX153LA,0.14992,1356,3,14
LBX170LA,0.3312,1356,3,14
LBX180LA,0.23856,1356,3,14
LBX187LA,0.19376,1356,3,14
LBX194LA,0.28672,1356,3,14
LBXPCBLA,0.50592,1356,3,14
LBXHXCLA,0.10016,1356,3,14
LBX118LA,0.47968,1356,3,14
LBXD03LA,0.37024,1356,3,14
LBXD05LA,0.20704,1356,3,14
LBXD07LA,0.0888,1356,3,14
LBXF03LA,0.74128,1356,3,14
LBXF04LA,0.86112,1356,3,14
LBXF05LA,0.11648,1356,3,14
LBXF08LA,0.05088,1356,3,14
LBX074LA,0.13744,1357,2,14
LBX099LA,0.10256,1357,2,14
LBX138LA,0.3144,1357,2,14
LBX153LA,0.26704,1357,2,14
LBX170LA,0.30144,1357,2,14
LBX180LA,0.2456,1357,2,14
LBX187LA,0.13808,1357,2,14
LBX194LA,0.73664,1357,2,14
LBXPCBLA,0.59552,1357,2,14
LBXHXCLA,0.24384,1357,2,14
LBX118LA,0.13136,1357,2,14
LBXD03LA,0.15056,1357,2,14
LBXD05LA,0.26816,1357,2,14
LBXD07LA,0.2344,1357,2,14
LBXF03LA,0.08208,1357,2,14
LBXF04LA,0.5792,1357,2,14
LBXF05LA,0.15904,1357,2,14
LBXF08LA,0.03232,1357,2,14
LBX074LA,0.0704,1358,4,14
LBX099LA,0.096,1358,4,14
LBX138LA,0.08288,1358,4,14
LBX153LA,0.1904,1358,4,14
LBX170LA,0.1152,1358,4,14
LBX180LA,0.07584,1358,4,14
LBX187LA,0.12064,1358,4,14
LBX194LA,0.99056,1358,4,14
LBXPCBLA,0.08144,1358,4,14
LBXHXCLA,0.1576,1358,4,14
LBX118LA,0.09344,1358,4,14
LBXD03LA,0.17344,1358,4,14
LBXD05LA,0.92832,1358,4,14
LBXD07LA,0.20032,1358,4,14
LBXF03LA,0.16576,1358,4,14
LBXF04LA,0.03776,1358,4,14
LBXF05LA,0.03776,1358,4,14
LBXF08LA,0.02464,1358,4,14
LBX074LA,0.06432,1359,3,14
LBX099LA,0.06192,1359,3,14
LBX138LA,0.29376,1359,3,14
LBX153LA,0.35392,1359,3,14
LBX170LA,0.22064,1359,3,14
LBX180LA,0.49488,1359,3,14
LBX187LA,0.08992,1359,3,14
LBX194LA,0.13488,1359,3,14
LBXPCBLA,0.06992,1359,3,14
LBXHXCLA,0.13136,1359,3,14
LBX118LA,0.80144,1359,3,14
LBXD03LA,0.11232,1359,3,14
LBXD05LA,0.23072,1359,3,14
LBXD07LA,0.2784,1359,3,14
LBXF03LA,0.29552,1359,3,14
LBXF04LA,0.976,1359,3,14
LBXF05LA,0.04944,1359,3,14
LBXF08LA,0.02624,1359,3,14
LBX074LA,0.37936,1360,3,14
LBX099LA,0.49312,1360,3,14
LBX138LA,0.20944,1360,3,14
LBX153LA,0.18928,1360,3,14
LBX170LA,0.09984,1360,3,14
LBX180LA,0.26608,1360,3,14
LBX187LA,0.53488,1360,3,14
LBX194LA,0.86592,1360,3,14
LBXPCBLA,0.112,1360,3,14
LBXHXCLA,0.07872,1360,3,14
LBX118LA,0.15136,1360,3,14
LBXD03LA,0.07856,1360,3,14
LBXD05LA,0.94496,1360,3,14
LBXD07LA,0.09136,1360,3,14
LBXF03LA,0.032,1360,3,14
LBXF04LA,0.28128,1360,3,14
LBXF05LA,0.1944,1360,3,14
LBXF08LA,0.03296,1360,3,14
LBX074LA,0.87664,1361,1,14
LBX099LA,0.1952,1361,1,14
LBX138LA,0.1432,1361,1,14
LBX153LA,0.1232,1361,1,14
LBX170LA,0.10832,1361,1,14
LBX180LA,0.14224,1361,1,14
LBX187LA,0.15488,1361,1,14
LBX194LA,0.19168,1361,1,14
LBXPCBLA,0.06544,1361,1,14
LBXHXCLA,0.08016,1361,1,14
LBX118LA,0.20272,1361,1,14
LBXD03LA,0.1528,1361,1,14
LBXD05LA,0.6608,1361,1,14
LBXD07LA,0.3528,1361,1,14
LBXF03LA,0.09888,1361,1,14
LBXF04LA,0.08272,1361,1,14
LBXF05LA,0.32816,1361,1,14
LBXF08LA,0.056,1361,1,14
LBX074LA,0.97584,1362,4,14
LBX099LA,0.10144,1362,4,14
LBX138LA,0.0728,1362,4,14
LBX153LA,0.21984,1362,4,14
LBX170LA,0.19968,1362,4,14
LBX180LA,0.45504,1362,4,14
LBX187LA,0.18944,1362,4,14
LBX194LA,0.83168,1362,4,14
LBXPCBLA,0.98272,1362,4,14
LBXHXCLA,0.02592,1362,4,14
LBX118LA,0.14272,1362,4,14
LBXD03LA,0.03184,1362,4,14
LBXD05LA,0.02448,1362,4,14
LBXD07LA,0.00976,1362,4,14
LBXF03LA,0.0312,1362,4,14
LBXF04LA,0.10736,1362,4,14
LBXF05LA,0.0792,1362,4,14
LBXF08LA,0.01888,1362,4,14
LBX074LA,0.1768,1363,4,14
LBX099LA,0.16608,1363,4,14
LBX138LA,0.09632,1363,4,14
LBX153LA,0.11184,1363,4,14
LBX170LA,0.15504,1363,4,14
LBX180LA,0.1664,1363,4,14
LBX187LA,0.3464,1363,4,14
LBX194LA,0.98336,1363,4,14
LBXPCBLA,0.18064,1363,4,14
LBXHXCLA,0.38368,1363,4,14
LBX118LA,0.07888,1363,4,14
LBXD03LA,0.17888,1363,4,14
LBXD05LA,0.1256,1363,4,14
LBXD07LA,0.17824,1363,4,14
LBXF03LA,0.35744,1363,4,14
LBXF04LA,0.23392,1363,4,14
LBXF05LA,0.83872,1363,4,14
LBXF08LA,0.05024,1363,4,14
LBX074LA,0.17776,1364,2,14
LBX099LA,0.06624,1364,2,14
LBX138LA,0.09168,1364,2,14
LBX153LA,0.26144,1364,2,14
LBX170LA,0.204,1364,2,14
LBX180LA,0.09248,1364,2,14
LBX187LA,0.25664,1364,2,14
LBX194LA,0.0672,1364,2,14
LBXPCBLA,0.0432,1364,2,14
LBXHXCLA,0.03872,1364,2,14
LBX118LA,0.8024,1364,2,14
LBXD03LA,0.08448,1364,2,14
LBXD05LA,0.188,1364,2,14
LBXD07LA,0.03344,1364,2,14
LBXF03LA,0.31504,1364,2,14
LBXF04LA,0.71568,1364,2,14
LBXF05LA,0.20192,1364,2,14
LBXF08LA,0.07856,1364,2,14
LBX074LA,0.32112,1365,3,14
LBX099LA,0.12976,1365,3,14
LBX138LA,0.15456,1365,3,14
LBX153LA,0.16304,1365,3,14
LBX170LA,0.27728,1365,3,14
LBX180LA,0.12256,1365,3,14
LBX187LA,0.44096,1365,3,14
LBX194LA,0.41696,1365,3,14
LBXPCBLA,0.10192,1365,3,14
LBXHXCLA,0.12656,1365,3,14
LBX118LA,0.14112,1365,3,14
LBXD03LA,0.19216,1365,3,14
LBXD05LA,0.30096,1365,3,14
LBXD07LA,0.26064,1365,3,14
LBXF03LA,0.27216,1365,3,14
LBXF04LA,0.1048,1365,3,14
LBXF05LA,0.27904,1365,3,14
LBXF08LA,0.77072,1365,3,14
LBX074LA,0.5248,1366,1,14
LBX099LA,0.6528,1366,1,14
LBX138LA,0.17984,1366,1,14
LBX153LA,0.23696,1366,1,14
LBX170LA,0.14064,1366,1,14
LBX180LA,0.172,1366,1,14
LBX187LA,0.164,1366,1,14
LBX194LA,0.27488,1366,1,14
LBXPCBLA,0.0936,1366,1,14
LBXHXCLA,0.9944,1366,1,14
LBX118LA,0.15728,1366,1,14
LBXD03LA,0.18416,1366,1,14
LBXD05LA,0.28544,1366,1,14
LBXD07LA,0.81168,1366,1,14
LBXF03LA,0.11984,1366,1,14
LBXF04LA,0.15248,1366,1,14
LBXF05LA,0.1328,1366,1,14
LBXF08LA,0.08976,1366,1,14
LBX074LA,0.15104,1367,2,14
LBX099LA,0.09472,1367,2,14
LBX138LA,0.128,1367,2,14
LBX153LA,0.13968,1367,2,14
LBX170LA,0.23232,1367,2,14
LBX180LA,0.12576,1367,2,14
LBX187LA,0.3096,1367,2,14
LBX194LA,0.7056,1367,2,14
LBXPCBLA,0.09024,1367,2,14
LBXHXCLA,0.08,1367,2,14
LBX118LA,0.17312,1367,2,14
LBXD03LA,0.10064,1367,2,14
LBXD05LA,0.61536,1367,2,14
LBXD07LA,0.09216,1367,2,14
LBXF03LA,0.05088,1367,2,14
LBXF04LA,0.97216,1367,2,14
LBXF05LA,0.07872,1367,2,14
LBXF08LA,0.04768,1367,2,14
LBX074LA,0.18768,1368,1,14
LBX099LA,0.12496,1368,1,14
LBX138LA,0.15232,1368,1,14
LBX153LA,0.17696,1368,1,14
LBX170LA,0.48368,1368,1,14
LBX180LA,0.17488,1368,1,14
LBX187LA,0.228,1368,1,14
LBX194LA,0.22464,1368,1,14
LBXPCBLA,0.3712,1368,1,14
LBXHXCLA,0.19584,1368,1,14
LBX118LA,0.27744,1368,1,14
LBXD03LA,0.1288,1368,1,14
LBXD05LA,0.38672,1368,1,14
LBXD07LA,0.11536,1368,1,14
LBXF03LA,0.09216,1368,1,14
LBXF04LA,0.12112,1368,1,14
LBXF05LA,0.10448,1368,1,14
LBXF08LA,0.25568,1368,1,14
LBX074LA,0.07232,1369,2,14
LBX099LA,0.13648,1369,2,14
LBX138LA,0.15312,1369,2,14
LBX153LA,0.14688,1369,2,14
LBX170LA,0.19216,1369,2,14
LBX180LA,0.46416,1369,2,14
LBX187LA,0.69472,1369,2,14
LBX194LA,0.28704,1369,2,14
LBXPCBLA,0.1336,1369,2,14
LBXHXCLA,0.09968,1369,2,14
LBX118LA,0.11968,1369,2,14
LBXD03LA,0.09936,1369,2,14
LBXD05LA,0.23408,1369,2,14
LBXD07LA,0.13296,1369,2,14
LBXF03LA,0.04992,1369,2,14
LBXF04LA,0.96768,1369,2,14
LBXF05LA,0.0792,1369,2,14
LBXF08LA,0.04752,1369,2,14
LBX074LA,0.08336,1370,2,14
LBX099LA,0.1768,1370,2,14
LBX138LA,0.09584,1370,2,14
LBX153LA,0.10832,1370,2,14
LBX170LA,0.13184,1370,2,14
LBX180LA,0.0928,1370,2,14
LBX187LA,0.86368,1370,2,14
LBX194LA,0.18976,1370,2,14
LBXPCBLA,0.19216,1370,2,14
LBXHXCLA,0.06256,1370,2,14
LBX118LA,0.09376,1370,2,14
LBXD03LA,0.088,1370,2,14
LBXD05LA,0.82192,1370,2,14
LBXD07LA,0.05104,1370,2,14
LBXF03LA,0.16304,1370,2,14
LBXF04LA,0.4512,1370,2,14
LBXF05LA,0.15136,1370,2,14
LBXF08LA,0.13696,1370,2,14
LBX074LA,0.20624,1371,1,14
LBX099LA,0.09696,1371,1,14
LBX138LA,0.40368,1371,1,14
LBX153LA,0.22288,1371,1,14
LBX170LA,0.23152,1371,1,14
LBX180LA,0.19056,1371,1,14
LBX187LA,0.15424,1371,1,14
LBX194LA,0.60224,1371,1,14
LBXPCBLA,0.1472,1371,1,14
LBXHXCLA,0.1472,1371,1,14
LBX118LA,0.24752,1371,1,14
LBXD03LA,0.09696,1371,1,14
LBXD05LA,0.7752,1371,1,14
LBXD07LA,0.16272,1371,1,14
LBXF03LA,0.08016,1371,1,14
LBXF04LA,0.10384,1371,1,14
LBXF05LA,0.08592,1371,1,14
LBXF08LA,0.06416,1371,1,14
LBX074LA,0.07424,1372,1,14
LBX099LA,0.05296,1372,1,14
LBX138LA,0.09088,1372,1,14
LBX153LA,0.11632,1372,1,14
LBX170LA,0.0912,1372,1,14
LBX180LA,0.10688,1372,1,14
LBX187LA,0.09856,1372,1,14
LBX194LA,0.17568,1372,1,14
LBXPCBLA,0.18192,1372,1,14
LBXHXCLA,0.35472,1372,1,14
LBX118LA,0.09024,1372,1,14
LBXD03LA,0.17232,1372,1,14
LBXD05LA,0.8912,1372,1,14
LBXD07LA,0.24384,1372,1,14
LBXF03LA,0.1704,1372,1,14
LBXF04LA,0.26784,1372,1,14
LBXF05LA,0.29664,1372,1,14
LBXF08LA,0.04576,1372,1,14
LBX074LA,0.5488,1373,3,14
LBX099LA,0.10448,1373,3,14
LBX138LA,0.17488,1373,3,14
LBX153LA,0.25872,1373,3,14
LBX170LA,0.72832,1373,3,14
LBX180LA,0.176,1373,3,14
LBX187LA,0.13904,1373,3,14
LBX194LA,0.16224,1373,3,14
LBXPCBLA,0.8616,1373,3,14
LBXHXCLA,0.35136,1373,3,14
LBX118LA,0.36336,1373,3,14
LBXD03LA,0.25648,1373,3,14
LBXD05LA,0.07296,1373,3,14
LBXD07LA,0.04112,1373,3,14
LBXF03LA,0.11664,1373,3,14
LBXF04LA,0.18816,1373,3,14
LBXF05LA,0.8056,1373,3,14
LBXF08LA,0.03936,1373,3,14
LBX074LA,0.15232,1374,2,14
LBX099LA,0.79584,1374,2,14
LBX138LA,0.16544,1374,2,14
LBX153LA,0.18,1374,2,14
LBX170LA,0.40816,1374,2,14
LBX180LA,0.24384,1374,2,14
LBX187LA,0.144,1374,2,14
LBX194LA,0.13456,1374,2,14
LBXPCBLA,0.17808,1374,2,14
LBXHXCLA,0.12928,1374,2,14
LBX118LA,0.20128,1374,2,14
LBXD03LA,0.16432,1374,2,14
LBXD05LA,0.44848,1374,2,14
LBXD07LA,0.14864,1374,2,14
LBXF03LA,0.09664,1374,2,14
LBXF04LA,0.7992,1374,2,14
LBXF05LA,0.26752,1374,2,14
LBXF08LA,0.10784,1374,2,14
LBX074LA,0.27136,1375,3,14
LBX099LA,0.17856,1375,3,14
LBX138LA,0.64384,1375,3,14
LBX153LA,0.52,1375,3,14
LBX170LA,0.17936,1375,3,14
LBX180LA,0.16624,1375,3,14
LBX187LA,0.61072,1375,3,14
LBX194LA,0.72016,1375,3,14
LBXPCBLA,0.572,1375,3,14
LBXHXCLA,0.14752,1375,3,14
LBX118LA,0.79024,1375,3,14
LBXD03LA,0.2056,1375,3,14
LBXD05LA,0.77872,1375,3,14
LBXD07LA,0.15744,1375,3,14
LBXF03LA,0.09168,1375,3,14
LBXF04LA,0.09792,1375,3,14
LBXF05LA,0.37136,1375,3,14
LBXF08LA,0.94704,1375,3,14
LBX074LA,0.17936,1376,4,14
LBX099LA,0.24368,1376,4,14
LBX138LA,0.74368,1376,4,14
LBX153LA,0.14784,1376,4,14
LBX170LA,0.12112,1376,4,14
LBX180LA,0.312,1376,4,14
LBX187LA,0.07232,1376,4,14
LBX194LA,0.4592,1376,4,14
LBXPCBLA,0.2936,1376,4,14
LBXHXCLA,0.13344,1376,4,14
LBX118LA,0.50176,1376,4,14
LBXD03LA,0.1432,1376,4,14
LBXD05LA,0.71888,1376,4,14
LBXD07LA,0.52224,1376,4,14
LBXF03LA,0.05056,1376,4,14
LBXF04LA,0.30752,1376,4,14
LBXF05LA,0.13056,1376,4,14
LBXF08LA,0.15344,1376,4,14
LBX074LA,0.63616,1377,2,14
LBX099LA,0.09872,1377,2,14
LBX138LA,0.11536,1377,2,14
LBX153LA,0.1216,1377,2,14
LBX170LA,0.39136,1377,2,14
LBX180LA,0.17472,1377,2,14
LBX187LA,0.17808,1377,2,14
LBX194LA,0.37248,1377,2,14
LBXPCBLA,0.0672,1377,2,14
LBXHXCLA,0.19264,1377,2,14
LBX118LA,0.24784,1377,2,14
LBXD03LA,0.22576,1377,2,14
LBXD05LA,0.11728,1377,2,14
LBXD07LA,0.04032,1377,2,14
LBXF03LA,0.188,1377,2,14
LBXF04LA,0.62944,1377,2,14
LBXF05LA,0.12288,1377,2,14
LBXF08LA,0.05088,1377,2,14
LBX074LA,0.10432,1378,1,14
LBX099LA,0.20704,1378,1,14
LBX138LA,0.12272,1378,1,14
LBX153LA,0.09952,1378,1,14
LBX170LA,0.11536,1378,1,14
LBX180LA,0.09696,1378,1,14
LBX187LA,0.12608,1378,1,14
LBX194LA,0.31344,1378,1,14
LBXPCBLA,0.26112,1378,1,14
LBXHXCLA,0.1216,1378,1,14
LBX118LA,0.13376,1378,1,14
LBXD03LA,0.09248,1378,1,14
LBXD05LA,0.8456,1378,1,14
LBXD07LA,0.09952,1378,1,14
LBXF03LA,0.07136,1378,1,14
LBXF04LA,0.088,1378,1,14
LBXF05LA,0.08912,1378,1,14
LBXF08LA,0.06672,1378,1,14
LBX074LA,0.44752,1379,4,14
LBX099LA,0.09872,1379,4,14
LBX138LA,0.47696,1379,4,14
LBX153LA,0.22272,1379,4,14
LBX170LA,0.23968,1379,4,14
LBX180LA,0.15808,1379,4,14
LBX187LA,0.14832,1379,4,14
LBX194LA,0.62768,1379,4,14
LBXPCBLA,0.04,1379,4,14
LBXHXCLA,0.06624,1379,4,14
LBX118LA,0.20768,1379,4,14
LBXD03LA,0.11328,1379,4,14
LBXD05LA,0.91968,1379,4,14
LBXD07LA,0.10848,1379,4,14
LBXF03LA,0.16768,1379,4,14
LBXF04LA,0.0576,1379,4,14
LBXF05LA,0.98688,1379,4,14
LBXF08LA,0.11424,1379,4,14
LBX074LA,0.19344,1380,1,14
LBX099LA,0.40736,1380,1,14
LBX138LA,0.20816,1380,1,14
LBX153LA,0.30144,1380,1,14
LBX170LA,0.1664,1380,1,14
LBX180LA,0.1408,1380,1,14
LBX187LA,0.32048,1380,1,14
LBX194LA,0.15712,1380,1,14
LBXPCBLA,0.10272,1380,1,14
LBXHXCLA,0.1096,1380,1,14
LBX118LA,0.1488,1380,1,14
LBXD03LA,0.1112,1380,1,14
LBXD05LA,0.55728,1380,1,14
LBXD07LA,0.28544,1380,1,14
LBXF03LA,0.16752,1380,1,14
LBXF04LA,0.10352,1380,1,14
LBXF05LA,0.09536,1380,1,14
LBXF08LA,0.09376,1380,1,14
LBX074LA,0.18096,1381,1,14
LBX099LA,0.08512,1381,1,14
LBX138LA,0.14032,1381,1,14
LBX153LA,0.10608,1381,1,14
LBX170LA,0.12512,1381,1,14
LBX180LA,0.11504,1381,1,14
LBX187LA,0.12048,1381,1,14
LBX194LA,0.72336,1381,1,14
LBXPCBLA,0.06432,1381,1,14
LBXHXCLA,0.08048,1381,1,14
LBX118LA,0.20064,1381,1,14
LBXD03LA,0.08128,1381,1,14
LBXD05LA,0.51856,1381,1,14
LBXD07LA,0.07872,1381,1,14
LBXF03LA,0.06416,1381,1,14
LBXF04LA,0.09232,1381,1,14
LBXF05LA,0.07728,1381,1,14
LBXF08LA,0.08624,1381,1,14
LBX074LA,0.06592,1382,2,14
LBX099LA,0.10544,1382,2,14
LBX138LA,0.10528,1382,2,14
LBX153LA,0.12096,1382,2,14
LBX170LA,0.79664,1382,2,14
LBX180LA,0.28512,1382,2,14
LBX187LA,0.80768,1382,2,14
LBX194LA,0.1656,1382,2,14
LBXPCBLA,0.06112,1382,2,14
LBXHXCLA,0.63008,1382,2,14
LBX118LA,0.07472,1382,2,14
LBXD03LA,0.97664,1382,2,14
LBXD05LA,0.06512,1382,2,14
LBXD07LA,0.1064,1382,2,14
LBXF03LA,0.25248,1382,2,14
LBXF04LA,0.09616,1382,2,14
LBXF05LA,0.05856,1382,2,14
LBXF08LA,0.04736,1382,2,14
LBX074LA,0.16992,1383,2,14
LBX099LA,0.08816,1383,2,14
LBX138LA,0.19008,1383,2,14
LBX153LA,0.21424,1383,2,14
LBX170LA,0.63248,1383,2,14
LBX180LA,0.25216,1383,2,14
LBX187LA,0.14576,1383,2,14
LBX194LA,0.15056,1383,2,14
LBXPCBLA,0.112,1383,2,14
LBXHXCLA,0.08496,1383,2,14
LBX118LA,0.07872,1383,2,14
LBXD03LA,0.08944,1383,2,14
LBXD05LA,0.75376,1383,2,14
LBXD07LA,0.16848,1383,2,14
LBXF03LA,0.07296,1383,2,14
LBXF04LA,0.06864,1383,2,14
LBXF05LA,0.05728,1383,2,14
LBXF08LA,0.08736,1383,2,14
LBX074LA,0.12016,1384,3,14
LBX099LA,0.10192,1384,3,14
LBX138LA,0.26128,1384,3,14
LBX153LA,0.57616,1384,3,14
LBX170LA,0.4896,1384,3,14
LBX180LA,0.63568,1384,3,14
LBX187LA,0.97616,1384,3,14
LBX194LA,0.24704,1384,3,14
LBXPCBLA,0.13792,1384,3,14
LBXHXCLA,0.14112,1384,3,14
LBX118LA,0.14992,1384,3,14
LBXD03LA,0.16784,1384,3,14
LBXD05LA,0.46784,1384,3,14
LBXD07LA,0.83872,1384,3,14
LBXF03LA,0.21504,1384,3,14
LBXF04LA,0.48768,1384,3,14
LBXF05LA,0.06992,1384,3,14
LBXF08LA,0.17696,1384,3,14
LBX074LA,0.2064,1385,4,14
LBX099LA,0.25488,1385,4,14
LBX138LA,0.3608,1385,4,14
LBX153LA,0.82224,1385,4,14
LBX170LA,0.2872,1385,4,14
LBX180LA,0.092,1385,4,14
LBX187LA,0.17504,1385,4,14
LBX194LA,0.0792,1385,4,14
LBXPCBLA,0.6456,1385,4,14
LBXHXCLA,0.34512,1385,4,14
LBX118LA,0.69248,1385,4,14
LBXD03LA,0.136,1385,4,14
LBXD05LA,0.29456,1385,4,14
LBXD07LA,0.05904,1385,4,14
LBXF03LA,0.13328,1385,4,14
LBXF04LA,0.28144,1385,4,14
LBXF05LA,0.45056,1385,4,14
LBXF08LA,0.16832,1385,4,14
LBX074LA,0.1536,1386,4,14
LBX099LA,0.09456,1386,4,14
LBX138LA,0.22208,1386,4,14
LBX153LA,0.14752,1386,4,14
LBX170LA,0.4184,1386,4,14
LBX180LA,0.09696,1386,4,14
LBX187LA,0.14176,1386,4,14
LBX194LA,0.1848,1386,4,14
LBXPCBLA,0.88912,1386,4,14
LBXHXCLA,0.05776,1386,4,14
LBX118LA,0.15696,1386,4,14
LBXD03LA,0.0816,1386,4,14
LBXD05LA,0.0616,1386,4,14
LBXD07LA,0.49616,1386,4,14
LBXF03LA,0.0408,1386,4,14
LBXF04LA,0.25056,1386,4,14
LBXF05LA,0.48688,1386,4,14
LBXF08LA,0.09248,1386,4,14
LBX074LA,0.14336,1387,2,14
LBX099LA,0.07936,1387,2,14
LBX138LA,0.10864,1387,2,14
LBX153LA,0.14032,1387,2,14
LBX170LA,0.25616,1387,2,14
LBX180LA,0.10608,1387,2,14
LBX187LA,0.5024,1387,2,14
LBX194LA,0.43856,1387,2,14
LBXPCBLA,0.99056,1387,2,14
LBXHXCLA,0.1304,1387,2,14
LBX118LA,0.20992,1387,2,14
LBXD03LA,0.27568,1387,2,14
LBXD05LA,0.19168,1387,2,14
LBXD07LA,0.25408,1387,2,14
LBXF03LA,0.16624,1387,2,14
LBXF04LA,0.25616,1387,2,14
LBXF05LA,0.77936,1387,2,14
LBXF08LA,0.06208,1387,2,14
LBX074LA,0.23936,1388,2,14
LBX099LA,0.09136,1388,2,14
LBX138LA,0.18272,1388,2,14
LBX153LA,0.15744,1388,2,14
LBX170LA,0.2064,1388,2,14
LBX180LA,0.12736,1388,2,14
LBX187LA,0.1536,1388,2,14
LBX194LA,0.15616,1388,2,14
LBXPCBLA,0.19536,1388,2,14
LBXHXCLA,0.09376,1388,2,14
LBX118LA,0.61616,1388,2,14
LBXD03LA,0.1272,1388,2,14
LBXD05LA,0.0632,1388,2,14
LBXD07LA,0.0688,1388,2,14
LBXF03LA,0.08544,1388,2,14
LBXF04LA,0.7168,1388,2,14
LBXF05LA,0.22016,1388,2,14
LBXF08LA,0.32944,1388,2,14
LBX074LA,0.37392,1389,3,14
LBX099LA,0.42384,1389,3,14
LBX138LA,0.19264,1389,3,14
LBX153LA,0.14032,1389,3,14
LBX170LA,0.09696,1389,3,14
LBX180LA,0.09408,1389,3,14
LBX187LA,0.12816,1389,3,14
LBX194LA,0.89584,1389,3,14
LBXPCBLA,0.21392,1389,3,14
LBXHXCLA,0.06624,1389,3,14
LBX118LA,0.27584,1389,3,14
LBXD03LA,0.18448,1389,3,14
LBXD05LA,0.4488,1389,3,14
LBXD07LA,0.42928,1389,3,14
LBXF03LA,0.0912,1389,3,14
LBXF04LA,0.48288,1389,3,14
LBXF05LA,0.11376,1389,3,14
LBXF08LA,0.05456,1389,3,14
LBX074LA,0.62528,1390,3,14
LBX099LA,0.2136,1390,3,14
LBX138LA,0.81664,1390,3,14
LBX153LA,0.4168,1390,3,14
LBX170LA,0.23488,1390,3,14
LBX180LA,0.16416,1390,3,14
LBX187LA,0.16592,1390,3,14
LBX194LA,0.20384,1390,3,14
LBXPCBLA,0.09232,1390,3,14
LBXHXCLA,0.17392,1390,3,14
LBX118LA,0.36208,1390,3,14
LBXD03LA,0.97648,1390,3,14
LBXD05LA,0.16912,1390,3,14
LBXD07LA,0.23712,1390,3,14
LBXF03LA,0.06288,1390,3,14
LBXF04LA,0.7328,1390,3,14
LBXF05LA,0.1008,1390,3,14
LBXF08LA,0.13664,1390,3,14
LBX074LA,0.4112,1391,4,14
LBX099LA,0.07424,1391,4,14
LBX138LA,0.33344,1391,4,14
LBX153LA,0.36496,1391,4,14
LBX170LA,0.39424,1391,4,14
LBX180LA,0.42784,1391,4,14
LBX187LA,0.77152,1391,4,14
LBX194LA,0.2688,1391,4,14
LBXPCBLA,0.58352,1391,4,14
LBXHXCLA,0.21328,1391,4,14
LBX118LA,0.27536,1391,4,14
LBXD03LA,0.06224,1391,4,14
LBXD05LA,0.84176,1391,4,14
LBXD07LA,0.23376,1391,4,14
LBXF03LA,0.28784,1391,4,14
LBXF04LA,0.4072,1391,4,14
LBXF05LA,0.08608,1391,4,14
LBXF08LA,0.12176,1391,4,14
LBX074LA,0.11184,1392,4,14
LBX099LA,0.03616,1392,4,14
LBX138LA,0.07216,1392,4,14
LBX153LA,0.10176,1392,4,14
LBX170LA,0.26992,1392,4,14
LBX180LA,0.45344,1392,4,14
LBX187LA,0.07392,1392,4,14
LBX194LA,0.20128,1392,4,14
LBXPCBLA,0.37312,1392,4,14
LBXHXCLA,0.1184,1392,4,14
LBX118LA,0.06432,1392,4,14
LBXD03LA,0.55312,1392,4,14
LBXD05LA,0.17184,1392,4,14
LBXD07LA,0.17552,1392,4,14
LBXF03LA,0.04448,1392,4,14
LBXF04LA,0.30496,1392,4,14
LBXF05LA,0.54976,1392,4,14
LBXF08LA,0.03744,1392,4,14
LBX074LA,0.33152,1393,2,14
LBX099LA,0.2096,1393,2,14
LBX138LA,0.168,1393,2,14
LBX153LA,0.20592,1393,2,14
LBX170LA,0.24384,1393,2,14
LBX180LA,0.2784,1393,2,14
LBX187LA,0.43984,1393,2,14
LBX194LA,0.40912,1393,2,14
LBXPCBLA,0.07648,1393,2,14
LBXHXCLA,0.28176,1393,2,14
LBX118LA,0.19824,1393,2,14
LBXD03LA,0.13664,1393,2,14
LBXD05LA,0.06928,1393,2,14
LBXD07LA,0.12064,1393,2,14
LBXF03LA,0.50496,1393,2,14
LBXF04LA,0.9832,1393,2,14
LBXF05LA,0.43904,1393,2,14
LBXF08LA,0.08592,1393,2,14
LBX074LA,0.1016,1394,3,14
LBX099LA,0.06896,1394,3,14
LBX138LA,0.13568,1394,3,14
LBX153LA,0.10752,1394,3,14
LBX170LA,0.18544,1394,3,14
LBX180LA,0.72464,1394,3,14
LBX187LA,0.17072,1394,3,14
LBX194LA,0.86128,1394,3,14
LBXPCBLA,0.09216,1394,3,14
LBXHXCLA,0.11504,1394,3,14
LBX118LA,0.1784,1394,3,14
LBXD03LA,0.11232,1394,3,14
LBXD05LA,0.0664,1394,3,14
LBXD07LA,0.05472,1394,3,14
LBXF03LA,0.0264,1394,3,14
LBXF04LA,0.22096,1394,3,14
LBXF05LA,0.1256,1394,3,14
LBXF08LA,0.03024,1394,3,14
LBX074LA,0.94432,1395,2,14
LBX099LA,0.06768,1395,2,14
LBX138LA,0.08272,1395,2,14
LBX153LA,0.09008,1395,2,14
LBX170LA,0.1024,1395,2,14
LBX180LA,0.09392,1395,2,14
LBX187LA,0.2432,1395,2,14
LBX194LA,0.42672,1395,2,14
LBXPCBLA,0.20176,1395,2,14
LBXHXCLA,0.19952,1395,2,14
LBX118LA,0.18608,1395,2,14
LBXD03LA,0.08432,1395,2,14
LBXD05LA,0.13408,1395,2,14
LBXD07LA,0.07344,1395,2,14
LBXF03LA,0.06176,1395,2,14
LBXF04LA,0.95376,1395,2,14
LBXF05LA,0.49088,1395,2,14
LBXF08LA,0.32944,1395,2,14
LBX074LA,0.32912,1396,1,14
LBX099LA,0.6632,1396,1,14
LBX138LA,0.23168,1396,1,14
LBX153LA,0.41072,1396,1,14
LBX170LA,0.27456,1396,1,14
LBX180LA,0.41792,1396,1,14
LBX187LA,0.33536,1396,1,14
LBX194LA,0.77952,1396,1,14
LBXPCBLA,0.09344,1396,1,14
LBXHXCLA,0.12512,1396,1,14
LBX118LA,0.16928,1396,1,14
LBXD03LA,0.20672,1396,1,14
LBXD05LA,0.64384,1396,1,14
LBXD07LA,0.1504,1396,1,14
LBXF03LA,0.18048,1396,1,14
LBXF04LA,0.15968,1396,1,14
LBXF05LA,0.18,1396,1,14
LBXF08LA,0.07776,1396,1,14
LBX074LA,0.70736,1397,3,14
LBX099LA,0.10272,1397,3,14
LBX138LA,0.24032,1397,3,14
LBX153LA,0.21504,1397,3,14
LBX170LA,0.15888,1397,3,14
LBX180LA,0.17968,1397,3,14
LBX187LA,0.21728,1397,3,14
LBX194LA,0.09872,1397,3,14
LBXPCBLA,0.80288,1397,3,14
LBXHXCLA,0.13728,1397,3,14
LBX118LA,0.35664,1397,3,14
LBXD03LA,0.35872,1397,3,14
LBXD05LA,0.2312,1397,3,14
LBXD07LA,0.1296,1397,3,14
LBXF03LA,0.1832,1397,3,14
LBXF04LA,0.71792,1397,3,14
LBXF05LA,0.10512,1397,3,14
LBXF08LA,0.10784,1397,3,14
LBX074LA,0.82496,1398,1,14
LBX099LA,0.18336,1398,1,14
LBX138LA,0.31488,1398,1,14
LBX153LA,0.35776,1398,1,14
LBX170LA,0.4344,1398,1,14
LBX180LA,0.27504,1398,1,14
LBX187LA,0.28048,1398,1,14
LBX194LA,0.46816,1398,1,14
LBXPCBLA,0.94144,1398,1,14
LBXHXCLA,0.1704,1398,1,14
LBX118LA,0.27152,1398,1,14
LBXD03LA,0.34544,1398,1,14
LBXD05LA,0.5184,1398,1,14
LBXD07LA,0.27568,1398,1,14
LBXF03LA,0.19088,1398,1,14
LBXF04LA,0.11792,1398,1,14
LBXF05LA,0.13248,1398,1,14
LBXF08LA,0.08048,1398,1,14
LBX074LA,0.36176,1399,1,14
LBX099LA,0.12192,1399,1,14
LBX138LA,0.14016,1399,1,14
LBX153LA,0.18544,1399,1,14
LBX170LA,0.24128,1399,1,14
LBX180LA,0.29056,1399,1,14
LBX187LA,0.20976,1399,1,14
LBX194LA,0.08432,1399,1,14
LBXPCBLA,0.18976,1399,1,14
LBXHXCLA,0.19184,1399,1,14
LBX118LA,0.64768,1399,1,14
LBXD03LA,0.13168,1399,1,14
LBXD05LA,0.58128,1399,1,14
LBXD07LA,0.42768,1399,1,14
LBXF03LA,0.10048,1399,1,14
LBXF04LA,0.08048,1399,1,14
LBXF05LA,0.04992,1399,1,14
LBXF08LA,0.0376,1399,1,14
LBX074LA,0.81472,1400,2,14
LBX099LA,0.08896,1400,2,14
LBX138LA,0.09872,1400,2,14
LBX153LA,0.11936,1400,2,14
LBX170LA,0.15664,1400,2,14
LBX180LA,0.09504,1400,2,14
LBX187LA,0.10976,1400,2,14
LBX194LA,0.1936,1400,2,14
LBXPCBLA,0.14256,1400,2,14
LBXHXCLA,0.10096,1400,2,14
LBX118LA,0.2704,1400,2,14
LBXD03LA,0.36992,1400,2,14
LBXD05LA,0.21136,1400,2,14
LBXD07LA,0.07664,1400,2,14
LBXF03LA,0.204,1400,2,14
LBXF04LA,0.08432,1400,2,14
LBXF05LA,0.09456,1400,2,14
LBXF08LA,0.08768,1400,2,14
LBX074LA,0.22592,1401,2,15
LBX099LA,0.15088,1401,2,15
LBX138LA,0.16112,1401,2,15
LBX153LA,0.21472,1401,2,15
LBX170LA,0.6016,1401,2,15
LBX180LA,0.64624,1401,2,15
LBX187LA,0.16976,1401,2,15
LBX194LA,0.46304,1401,2,15
LBXPCBLA,0.1616,1401,2,15
LBXHXCLA,0.2856,1401,2,15
LBX118LA,0.15056,1401,2,15
LBXD03LA,0.17024,1401,2,15
LBXD05LA,0.32144,1401,2,15
LBXD07LA,0.1384,1401,2,15
LBXF03LA,0.18736,1401,2,15
LBXF04LA,0.90896,1401,2,15
LBXF05LA,0.13696,1401,2,15
LBXF08LA,0.10128,1401,2,15
LBX074LA,0.12896,1402,2,15
LBX099LA,0.08944,1402,2,15
LBX138LA,0.13456,1402,2,15
LBX153LA,0.136,1402,2,15
LBX170LA,0.24192,1402,2,15
LBX180LA,0.17712,1402,2,15
LBX187LA,0.18256,1402,2,15
LBX194LA,0.82,1402,2,15
LBXPCBLA,0.58144,1402,2,15
LBXHXCLA,0.23968,1402,2,15
LBX118LA,0.3016,1402,2,15
LBXD03LA,0.20432,1402,2,15
LBXD05LA,0.4664,1402,2,15
LBXD07LA,0.16144,1402,2,15
LBXF03LA,0.08928,1402,2,15
LBXF04LA,0.96656,1402,2,15
LBXF05LA,0.2608,1402,2,15
LBXF08LA,0.0808,1402,2,15
LBX074LA,0.72896,1403,1,15
LBX099LA,0.12704,1403,1,15
LBX138LA,0.21344,1403,1,15
LBX153LA,0.31664,1403,1,15
LBX170LA,0.16928,1403,1,15
LBX180LA,0.16416,1403,1,15
LBX187LA,0.33456,1403,1,15
LBX194LA,0.28352,1403,1,15
LBXPCBLA,0.14544,1403,1,15
LBXHXCLA,0.80192,1403,1,15
LBX118LA,0.42944,1403,1,15
LBXD03LA,0.40704,1403,1,15
LBXD05LA,0.10704,1403,1,15
LBXD07LA,0.468,1403,1,15
LBXF03LA,0.0832,1403,1,15
LBXF04LA,0.63472,1403,1,15
LBXF05LA,0.10656,1403,1,15
LBXF08LA,0.07088,1403,1,15
LBX074LA,0.33424,1404,1,15
LBX099LA,0.18608,1404,1,15
LBX138LA,0.08928,1404,1,15
LBX153LA,0.1088,1404,1,15
LBX170LA,0.14608,1404,1,15
LBX180LA,0.13936,1404,1,15
LBX187LA,0.1128,1404,1,15
LBX194LA,0.5296,1404,1,15
LBXPCBLA,0.94896,1404,1,15
LBXHXCLA,0.08064,1404,1,15
LBX118LA,0.23088,1404,1,15
LBXD03LA,0.09808,1404,1,15
LBXD05LA,0.1016,1404,1,15
LBXD07LA,0.07632,1404,1,15
LBXF03LA,0.05152,1404,1,15
LBXF04LA,0.17968,1404,1,15
LBXF05LA,0.08096,1404,1,15
LBXF08LA,0.06704,1404,1,15
LBX074LA,0.79072,1405,4,15
LBX099LA,0.29296,1405,4,15
LBX138LA,0.8072,1405,4,15
LBX153LA,0.2616,1405,4,15
LBX170LA,0.13792,1405,4,15
LBX180LA,0.21744,1405,4,15
LBX187LA,0.11808,1405,4,15
LBX194LA,0.2144,1405,4,15
LBXPCBLA,0.33856,1405,4,15
LBXHXCLA,0.08336,1405,4,15
LBX118LA,0.36416,1405,4,15
LBXD03LA,0.25376,1405,4,15
LBXD05LA,0.79056,1405,4,15
LBXD07LA,0.13712,1405,4,15
LBXF03LA,0.20432,1405,4,15
LBXF04LA,0.78032,1405,4,15
LBXF05LA,0.17232,1405,4,15
LBXF08LA,0.19168,1405,4,15
LBX074LA,0.25408,1406,3,15
LBX099LA,0.58528,1406,3,15
LBX138LA,0.13248,1406,3,15
LBX153LA,0.14768,1406,3,15
LBX170LA,0.15296,1406,3,15
LBX180LA,0.11296,1406,3,15
LBX187LA,0.3592,1406,3,15
LBX194LA,0.87872,1406,3,15
LBXPCBLA,0.2128,1406,3,15
LBXHXCLA,0.2024,1406,3,15
LBX118LA,0.60496,1406,3,15
LBXD03LA,0.32416,1406,3,15
LBXD05LA,0.3512,1406,3,15
LBXD07LA,0.4136,1406,3,15
LBXF03LA,0.10304,1406,3,15
LBXF04LA,0.18896,1406,3,15
LBXF05LA,0.14368,1406,3,15
LBXF08LA,0.14176,1406,3,15
LBX074LA,0.17584,1407,1,15
LBX099LA,0.21168,1407,1,15
LBX138LA,0.14112,1407,1,15
LBX153LA,0.1472,1407,1,15
LBX170LA,0.18896,1407,1,15
LBX180LA,0.3248,1407,1,15
LBX187LA,0.12976,1407,1,15
LBX194LA,0.92736,1407,1,15
LBXPCBLA,0.57056,1407,1,15
LBXHXCLA,0.12832,1407,1,15
LBX118LA,0.14736,1407,1,15
LBXD03LA,0.11056,1407,1,15
LBXD05LA,0.98192,1407,1,15
LBXD07LA,0.09136,1407,1,15
LBXF03LA,0.07168,1407,1,15
LBXF04LA,0.11984,1407,1,15
LBXF05LA,0.10688,1407,1,15
LBXF08LA,0.39552,1407,1,15
LBX074LA,0.12464,1408,1,15
LBX099LA,0.23952,1408,1,15
LBX138LA,0.14752,1408,1,15
LBX153LA,0.15968,1408,1,15
LBX170LA,0.21024,1408,1,15
LBX180LA,0.14096,1408,1,15
LBX187LA,0.18496,1408,1,15
LBX194LA,0.1568,1408,1,15
LBXPCBLA,0.2376,1408,1,15
LBXHXCLA,0.10224,1408,1,15
LBX118LA,0.4648,1408,1,15
LBXD03LA,0.13248,1408,1,15
LBXD05LA,0.69312,1408,1,15
LBXD07LA,0.11824,1408,1,15
LBXF03LA,0.30064,1408,1,15
LBXF04LA,0.4096,1408,1,15
LBXF05LA,0.09328,1408,1,15
LBXF08LA,0.0536,1408,1,15
LBX074LA,0.11568,1409,2,15
LBX099LA,0.58704,1409,2,15
LBX138LA,0.15424,1409,2,15
LBX153LA,0.20928,1409,2,15
LBX170LA,0.42432,1409,2,15
LBX180LA,0.17744,1409,2,15
LBX187LA,0.2408,1409,2,15
LBX194LA,0.25184,1409,2,15
LBXPCBLA,0.12912,1409,2,15
LBXHXCLA,0.20688,1409,2,15
LBX118LA,0.13968,1409,2,15
LBXD03LA,0.21408,1409,2,15
LBXD05LA,0.11392,1409,2,15
LBXD07LA,0.14256,1409,2,15
LBXF03LA,0.1704,1409,2,15
LBXF04LA,0.94736,1409,2,15
LBXF05LA,0.13632,1409,2,15
LBXF08LA,0.1144,1409,2,15
LBX074LA,0.03296,1410,2,15
LBX099LA,0.03984,1410,2,15
LBX138LA,0.05232,1410,2,15
LBX153LA,0.06896,1410,2,15
LBX170LA,0.91568,1410,2,15
LBX180LA,0.11232,1410,2,15
LBX187LA,0.08128,1410,2,15
LBX194LA,0.09584,1410,2,15
LBXPCBLA,0.92368,1410,2,15
LBXHXCLA,0.08112,1410,2,15
LBX118LA,0.04848,1410,2,15
LBXD03LA,0.09472,1410,2,15
LBXD05LA,0.09712,1410,2,15
LBXD07LA,0.02064,1410,2,15
LBXF03LA,0.03872,1410,2,15
LBXF04LA,0.72336,1410,2,15
LBXF05LA,0.03808,1410,2,15
LBXF08LA,0.16064,1410,2,15
LBX074LA,0.03504,1411,2,15
LBX099LA,0.0672,1411,2,15
LBX138LA,0.55152,1411,2,15
LBX153LA,0.52832,1411,2,15
LBX170LA,0.1528,1411,2,15
LBX180LA,0.25328,1411,2,15
LBX187LA,0.09568,1411,2,15
LBX194LA,0.3296,1411,2,15
LBXPCBLA,0.16272,1411,2,15
LBXHXCLA,0.27984,1411,2,15
LBX118LA,0.08256,1411,2,15
LBXD03LA,0.21536,1411,2,15
LBXD05LA,0.07008,1411,2,15
LBXD07LA,0.02208,1411,2,15
LBXF03LA,0.04128,1411,2,15
LBXF04LA,0.19648,1411,2,15
LBXF05LA,0.09536,1411,2,15
LBXF08LA,0.12096,1411,2,15
LBX074LA,0.21936,1412,3,15
LBX099LA,0.19712,1412,3,15
LBX138LA,0.29008,1412,3,15
LBX153LA,0.21168,1412,3,15
LBX170LA,0.1816,1412,3,15
LBX180LA,0.15344,1412,3,15
LBX187LA,0.75376,1412,3,15
LBX194LA,0.27088,1412,3,15
LBXPCBLA,0.0856,1412,3,15
LBXHXCLA,0.09104,1412,3,15
LBX118LA,0.1424,1412,3,15
LBXD03LA,0.53264,1412,3,15
LBXD05LA,0.1672,1412,3,15
LBXD07LA,0.24224,1412,3,15
LBXF03LA,0.11792,1412,3,15
LBXF04LA,0.30912,1412,3,15
LBXF05LA,0.49184,1412,3,15
LBXF08LA,0.07552,1412,3,15
LBX074LA,0.3208,1413,3,15
LBX099LA,0.52288,1413,3,15
LBX138LA,0.91984,1413,3,15
LBX153LA,0.1912,1413,3,15
LBX170LA,0.2584,1413,3,15
LBX180LA,0.26768,1413,3,15
LBX187LA,0.0624,1413,3,15
LBX194LA,0.06,1413,3,15
LBXPCBLA,0.99504,1413,3,15
LBXHXCLA,0.04816,1413,3,15
LBX118LA,0.12336,1413,3,15
LBXD03LA,0.17936,1413,3,15
LBXD05LA,0.15744,1413,3,15
LBXD07LA,0.09184,1413,3,15
LBXF03LA,0.02784,1413,3,15
LBXF04LA,0.09536,1413,3,15
LBXF05LA,0.05072,1413,3,15
LBXF08LA,0.53376,1413,3,15
LBX074LA,0.9616,1414,2,15
LBX099LA,0.14544,1414,2,15
LBX138LA,0.17648,1414,2,15
LBX153LA,0.19792,1414,2,15
LBX170LA,0.2176,1414,2,15
LBX180LA,0.34688,1414,2,15
LBX187LA,0.24048,1414,2,15
LBX194LA,0.72144,1414,2,15
LBXPCBLA,0.2568,1414,2,15
LBXHXCLA,0.28288,1414,2,15
LBX118LA,0.2264,1414,2,15
LBXD03LA,0.14928,1414,2,15
LBXD05LA,0.5784,1414,2,15
LBXD07LA,0.60208,1414,2,15
LBXF03LA,0.14192,1414,2,15
LBXF04LA,0.81888,1414,2,15
LBXF05LA,0.328,1414,2,15
LBXF08LA,0.21376,1414,2,15
LBX074LA,0.38736,1415,4,15
LBX099LA,0.39616,1415,4,15
LBX138LA,0.81936,1415,4,15
LBX153LA,0.36464,1415,4,15
LBX170LA,0.16768,1415,4,15
LBX180LA,0.17824,1415,4,15
LBX187LA,0.18608,1415,4,15
LBX194LA,0.208,1415,4,15
LBXPCBLA,0.07824,1415,4,15
LBXHXCLA,0.1416,1415,4,15
LBX118LA,0.16928,1415,4,15
LBXD03LA,0.31088,1415,4,15
LBXD05LA,0.42912,1415,4,15
LBXD07LA,0.54832,1415,4,15
LBXF03LA,0.05632,1415,4,15
LBXF04LA,0.29072,1415,4,15
LBXF05LA,0.8224,1415,4,15
LBXF08LA,0.33488,1415,4,15
LBX074LA,0.304,1416,4,15
LBX099LA,0.26304,1416,4,15
LBX138LA,0.48976,1416,4,15
LBX153LA,0.93872,1416,4,15
LBX170LA,0.32192,1416,4,15
LBX180LA,0.2312,1416,4,15
LBX187LA,0.42976,1416,4,15
LBX194LA,0.892,1416,4,15
LBXPCBLA,0.1576,1416,4,15
LBXHXCLA,0.88352,1416,4,15
LBX118LA,0.7744,1416,4,15
LBXD03LA,0.14416,1416,4,15
LBXD05LA,0.18064,1416,4,15
LBXD07LA,0.12384,1416,4,15
LBXF03LA,0.20928,1416,4,15
LBXF04LA,0.49136,1416,4,15
LBXF05LA,0.12688,1416,4,15
LBXF08LA,0.88256,1416,4,15
LBX074LA,0.52032,1417,1,15
LBX099LA,0.16592,1417,1,15
LBX138LA,0.26208,1417,1,15
LBX153LA,0.39712,1417,1,15
LBX170LA,0.23408,1417,1,15
LBX180LA,0.18704,1417,1,15
LBX187LA,0.54016,1417,1,15
LBX194LA,0.1336,1417,1,15
LBXPCBLA,0.17776,1417,1,15
LBXHXCLA,0.10256,1417,1,15
LBX118LA,0.27392,1417,1,15
LBXD03LA,0.11376,1417,1,15
LBXD05LA,0.3288,1417,1,15
LBXD07LA,0.65088,1417,1,15
LBXF03LA,0.12288,1417,1,15
LBXF04LA,0.28128,1417,1,15
LBXF05LA,0.38064,1417,1,15
LBXF08LA,0.08192,1417,1,15
LBX074LA,0.06608,1418,3,15
LBX099LA,0.05488,1418,3,15
LBX138LA,0.19024,1418,3,15
LBX153LA,0.21904,1418,3,15
LBX170LA,0.12224,1418,3,15
LBX180LA,0.16576,1418,3,15
LBX187LA,0.13744,1418,3,15
LBX194LA,0.59536,1418,3,15
LBXPCBLA,0.17168,1418,3,15
LBXHXCLA,0.09024,1418,3,15
LBX118LA,0.25536,1418,3,15
LBXD03LA,0.58848,1418,3,15
LBXD05LA,0.96832,1418,3,15
LBXD07LA,0.2584,1418,3,15
LBXF03LA,0.28944,1418,3,15
LBXF04LA,0.36384,1418,3,15
LBXF05LA,0.27744,1418,3,15
LBXF08LA,0.036,1418,3,15
LBX074LA,0.56848,1419,4,15
LBX099LA,0.18864,1419,4,15
LBX138LA,0.17632,1419,4,15
LBX153LA,0.12096,1419,4,15
LBX170LA,0.34784,1419,4,15
LBX180LA,0.11856,1419,4,15
LBX187LA,0.41344,1419,4,15
LBX194LA,0.5016,1419,4,15
LBXPCBLA,0.14192,1419,4,15
LBXHXCLA,0.09136,1419,4,15
LBX118LA,0.16432,1419,4,15
LBXD03LA,0.0496,1419,4,15
LBXD05LA,0.60416,1419,4,15
LBXD07LA,0.11232,1419,4,15
LBXF03LA,0.35648,1419,4,15
LBXF04LA,0.45904,1419,4,15
LBXF05LA,0.04736,1419,4,15
LBXF08LA,0.4816,1419,4,15
LBX074LA,0.09408,1420,3,15
LBX099LA,0.10112,1420,3,15
LBX138LA,0.75728,1420,3,15
LBX153LA,0.15792,1420,3,15
LBX170LA,0.24064,1420,3,15
LBX180LA,0.20608,1420,3,15
LBX187LA,0.17856,1420,3,15
LBX194LA,0.52128,1420,3,15
LBXPCBLA,0.06576,1420,3,15
LBXHXCLA,0.15024,1420,3,15
LBX118LA,0.1328,1420,3,15
LBXD03LA,0.09376,1420,3,15
LBXD05LA,0.09408,1420,3,15
LBXD07LA,0.87808,1420,3,15
LBXF03LA,0.0616,1420,3,15
LBXF04LA,0.97808,1420,3,15
LBXF05LA,0.44832,1420,3,15
LBXF08LA,0.04672,1420,3,15
LBX074LA,0.17168,1421,1,15
LBX099LA,0.11264,1421,1,15
LBX138LA,0.1952,1421,1,15
LBX153LA,0.184,1421,1,15
LBX170LA,0.23072,1421,1,15
LBX180LA,0.22832,1421,1,15
LBX187LA,0.19872,1421,1,15
LBX194LA,0.90272,1421,1,15
LBXPCBLA,0.3664,1421,1,15
LBXHXCLA,0.14896,1421,1,15
LBX118LA,0.13472,1421,1,15
LBXD03LA,0.21088,1421,1,15
LBXD05LA,0.3704,1421,1,15
LBXD07LA,0.7968,1421,1,15
LBXF03LA,0.11072,1421,1,15
LBXF04LA,0.48624,1421,1,15
LBXF05LA,0.28288,1421,1,15
LBXF08LA,0.07696,1421,1,15
LBX074LA,0.1072,1422,1,15
LBX099LA,0.12352,1422,1,15
LBX138LA,0.39392,1422,1,15
LBX153LA,0.23408,1422,1,15
LBX170LA,0.20144,1422,1,15
LBX180LA,0.18192,1422,1,15
LBX187LA,0.27376,1422,1,15
LBX194LA,0.75184,1422,1,15
LBXPCBLA,0.25632,1422,1,15
LBXHXCLA,0.09136,1422,1,15
LBX118LA,0.13296,1422,1,15
LBXD03LA,0.11808,1422,1,15
LBXD05LA,0.64064,1422,1,15
LBXD07LA,0.2984,1422,1,15
LBXF03LA,0.07552,1422,1,15
LBXF04LA,0.1096,1422,1,15
LBXF05LA,0.1168,1422,1,15
LBXF08LA,0.17232,1422,1,15
LBX074LA,0.35312,1423,3,15
LBX099LA,0.17424,1423,3,15
LBX138LA,0.16032,1423,3,15
LBX153LA,0.20752,1423,3,15
LBX170LA,0.18144,1423,3,15
LBX180LA,0.20752,1423,3,15
LBX187LA,0.24864,1423,3,15
LBX194LA,0.92064,1423,3,15
LBXPCBLA,0.55424,1423,3,15
LBXHXCLA,0.11248,1423,3,15
LBX118LA,0.58,1423,3,15
LBXD03LA,0.18144,1423,3,15
LBXD05LA,0.16672,1423,3,15
LBXD07LA,0.1736,1423,3,15
LBXF03LA,0.12288,1423,3,15
LBXF04LA,0.48672,1423,3,15
LBXF05LA,0.39472,1423,3,15
LBXF08LA,0.07232,1423,3,15
LBX074LA,0.81472,1424,2,15
LBX099LA,0.12432,1424,2,15
LBX138LA,0.51008,1424,2,15
LBX153LA,0.26528,1424,2,15
LBX170LA,0.42208,1424,2,15
LBX180LA,0.50032,1424,2,15
LBX187LA,0.23888,1424,2,15
LBX194LA,0.40288,1424,2,15
LBXPCBLA,0.07344,1424,2,15
LBXHXCLA,0.13168,1424,2,15
LBX118LA,0.14464,1424,2,15
LBXD03LA,0.1048,1424,2,15
LBXD05LA,0.24848,1424,2,15
LBXD07LA,0.11856,1424,2,15
LBXF03LA,0.12768,1424,2,15
LBXF04LA,0.90624,1424,2,15
LBXF05LA,0.11824,1424,2,15
LBXF08LA,0.07232,1424,2,15
LBX074LA,0.61904,1425,2,15
LBX099LA,0.1752,1425,2,15
LBX138LA,0.424,1425,2,15
LBX153LA,0.48944,1425,2,15
LBX170LA,0.23232,1425,2,15
LBX180LA,0.27872,1425,2,15
LBX187LA,0.18672,1425,2,15
LBX194LA,0.6824,1425,2,15
LBXPCBLA,0.1656,1425,2,15
LBXHXCLA,0.29952,1425,2,15
LBX118LA,0.74656,1425,2,15
LBXD03LA,0.58464,1425,2,15
LBXD05LA,0.86576,1425,2,15
LBXD07LA,0.152,1425,2,15
LBXF03LA,0.16416,1425,2,15
LBXF04LA,0.16512,1425,2,15
LBXF05LA,0.09664,1425,2,15
LBXF08LA,0.3952,1425,2,15
LBX074LA,0.08608,1426,1,15
LBX099LA,0.0704,1426,1,15
LBX138LA,0.13632,1426,1,15
LBX153LA,0.16016,1426,1,15
LBX170LA,0.36464,1426,1,15
LBX180LA,0.48192,1426,1,15
LBX187LA,0.10032,1426,1,15
LBX194LA,0.11664,1426,1,15
LBXPCBLA,0.22848,1426,1,15
LBXHXCLA,0.37712,1426,1,15
LBX118LA,0.09024,1426,1,15
LBXD03LA,0.11664,1426,1,15
LBXD05LA,0.11296,1426,1,15
LBXD07LA,0.47152,1426,1,15
LBXF03LA,0.08352,1426,1,15
LBXF04LA,0.08992,1426,1,15
LBXF05LA,0.9648,1426,1,15
LBXF08LA,0.09248,1426,1,15
LBX074LA,0.13232,1427,3,15
LBX099LA,0.08608,1427,3,15
LBX138LA,0.2056,1427,3,15
LBX153LA,0.16544,1427,3,15
LBX170LA,0.14544,1427,3,15
LBX180LA,0.20624,1427,3,15
LBX187LA,0.22112,1427,3,15
LBX194LA,0.95616,1427,3,15
LBXPCBLA,0.97216,1427,3,15
LBXHXCLA,0.28416,1427,3,15
LBX118LA,0.22496,1427,3,15
LBXD03LA,0.08512,1427,3,15
LBXD05LA,0.04848,1427,3,15
LBXD07LA,0.06592,1427,3,15
LBXF03LA,0.46688,1427,3,15
LBXF04LA,0.95216,1427,3,15
LBXF05LA,0.09568,1427,3,15
LBXF08LA,0.18016,1427,3,15
LBX074LA,0.36896,1428,1,15
LBX099LA,0.43664,1428,1,15
LBX138LA,0.16112,1428,1,15
LBX153LA,0.20016,1428,1,15
LBX170LA,0.4016,1428,1,15
LBX180LA,0.29616,1428,1,15
LBX187LA,0.26176,1428,1,15
LBX194LA,0.3488,1428,1,15
LBXPCBLA,0.1696,1428,1,15
LBXHXCLA,0.12416,1428,1,15
LBX118LA,0.73072,1428,1,15
LBXD03LA,0.13008,1428,1,15
LBXD05LA,0.1712,1428,1,15
LBXD07LA,0.43312,1428,1,15
LBXF03LA,0.14832,1428,1,15
LBXF04LA,0.15856,1428,1,15
LBXF05LA,0.0928,1428,1,15
LBXF08LA,0.0888,1428,1,15
LBX074LA,0.2224,1429,1,15
LBX099LA,0.17424,1429,1,15
LBX138LA,0.18224,1429,1,15
LBX153LA,0.1696,1429,1,15
LBX170LA,0.18608,1429,1,15
LBX180LA,0.26224,1429,1,15
LBX187LA,0.1816,1429,1,15
LBX194LA,0.90464,1429,1,15
LBXPCBLA,0.78304,1429,1,15
LBXHXCLA,0.15776,1429,1,15
LBX118LA,0.17136,1429,1,15
LBXD03LA,0.1504,1429,1,15
LBXD05LA,0.55984,1429,1,15
LBXD07LA,0.16288,1429,1,15
LBXF03LA,0.21872,1429,1,15
LBXF04LA,0.17184,1429,1,15
LBXF05LA,0.172,1429,1,15
LBXF08LA,0.51552,1429,1,15
LBX074LA,0.15072,1430,1,15
LBX099LA,0.15296,1430,1,15
LBX138LA,0.25696,1430,1,15
LBX153LA,0.25072,1430,1,15
LBX170LA,0.36704,1430,1,15
LBX180LA,0.25888,1430,1,15
LBX187LA,0.24048,1430,1,15
LBX194LA,0.33584,1430,1,15
LBXPCBLA,0.41904,1430,1,15
LBXHXCLA,0.42608,1430,1,15
LBX118LA,0.15136,1430,1,15
LBXD03LA,0.18224,1430,1,15
LBXD05LA,0.56,1430,1,15
LBXD07LA,0.19152,1430,1,15
LBXF03LA,0.08064,1430,1,15
LBXF04LA,0.10736,1430,1,15
LBXF05LA,0.088,1430,1,15
LBXF08LA,0.05392,1430,1,15
LBX074LA,0.63168,1431,2,15
LBX099LA,0.128,1431,2,15
LBX138LA,0.15392,1431,2,15
LBX153LA,0.16112,1431,2,15
LBX170LA,0.45984,1431,2,15
LBX180LA,0.17616,1431,2,15
LBX187LA,0.87248,1431,2,15
LBX194LA,0.38192,1431,2,15
LBXPCBLA,0.31824,1431,2,15
LBXHXCLA,0.3104,1431,2,15
LBX118LA,0.25872,1431,2,15
LBXD03LA,0.11408,1431,2,15
LBXD05LA,0.81952,1431,2,15
LBXD07LA,0.23328,1431,2,15
LBXF03LA,0.25072,1431,2,15
LBXF04LA,0.10128,1431,2,15
LBXF05LA,0.88848,1431,2,15
LBXF08LA,0.04736,1431,2,15
LBX074LA,0.31632,1432,3,15
LBX099LA,0.1376,1432,3,15
LBX138LA,0.14432,1432,3,15
LBX153LA,0.1376,1432,3,15
LBX170LA,0.12288,1432,3,15
LBX180LA,0.06944,1432,3,15
LBX187LA,0.12144,1432,3,15
LBX194LA,0.12656,1432,3,15
LBXPCBLA,0.08608,1432,3,15
LBXHXCLA,0.04432,1432,3,15
LBX118LA,0.49504,1432,3,15
LBXD03LA,0.06512,1432,3,15
LBXD05LA,0.51056,1432,3,15
LBXD07LA,0.60016,1432,3,15
LBXF03LA,0.07648,1432,3,15
LBXF04LA,0.16688,1432,3,15
LBXF05LA,0.0872,1432,3,15
LBXF08LA,0.10224,1432,3,15
LBX074LA,0.47408,1433,1,15
LBX099LA,0.18608,1433,1,15
LBX138LA,0.16896,1433,1,15
LBX153LA,0.25312,1433,1,15
LBX170LA,0.6368,1433,1,15
LBX180LA,0.1968,1433,1,15
LBX187LA,0.22608,1433,1,15
LBX194LA,0.61536,1433,1,15
LBXPCBLA,0.98416,1433,1,15
LBXHXCLA,0.1048,1433,1,15
LBX118LA,0.1624,1433,1,15
LBXD03LA,0.25232,1433,1,15
LBXD05LA,0.0936,1433,1,15
LBXD07LA,0.10384,1433,1,15
LBXF03LA,0.15072,1433,1,15
LBXF04LA,0.33824,1433,1,15
LBXF05LA,0.12,1433,1,15
LBXF08LA,0.05696,1433,1,15
LBX074LA,0.70352,1434,4,15
LBX099LA,0.044,1434,4,15
LBX138LA,0.14384,1434,4,15
LBX153LA,0.20144,1434,4,15
LBX170LA,0.13728,1434,4,15
LBX180LA,0.13904,1434,4,15
LBX187LA,0.66752,1434,4,15
LBX194LA,0.39792,1434,4,15
LBXPCBLA,0.24784,1434,4,15
LBXHXCLA,0.24048,1434,4,15
LBX118LA,0.44448,1434,4,15
LBXD03LA,0.87744,1434,4,15
LBXD05LA,0.23984,1434,4,15
LBXD07LA,0.79184,1434,4,15
LBXF03LA,0.29696,1434,4,15
LBXF04LA,0.2104,1434,4,15
LBXF05LA,0.03616,1434,4,15
LBXF08LA,0.10624,1434,4,15
LBX074LA,0.27792,1435,1,15
LBX099LA,0.20704,1435,1,15
LBX138LA,0.12672,1435,1,15
LBX153LA,0.08896,1435,1,15
LBX170LA,0.1704,1435,1,15
LBX180LA,0.12528,1435,1,15
LBX187LA,0.14768,1435,1,15
LBX194LA,0.44864,1435,1,15
LBXPCBLA,0.07072,1435,1,15
LBXHXCLA,0.07008,1435,1,15
LBX118LA,0.1064,1435,1,15
LBXD03LA,0.0688,1435,1,15
LBXD05LA,0.83712,1435,1,15
LBXD07LA,0.11264,1435,1,15
LBXF03LA,0.064,1435,1,15
LBXF04LA,0.07904,1435,1,15
LBXF05LA,0.13744,1435,1,15
LBXF08LA,0.21216,1435,1,15
LBX074LA,0.06608,1436,4,15
LBX099LA,0.0464,1436,4,15
LBX138LA,0.6976,1436,4,15
LBX153LA,0.26624,1436,4,15
LBX170LA,0.05568,1436,4,15
LBX180LA,0.04576,1436,4,15
LBX187LA,0.03664,1436,4,15
LBX194LA,0.03808,1436,4,15
LBXPCBLA,0.79808,1436,4,15
LBXHXCLA,0.10448,1436,4,15
LBX118LA,0.1568,1436,4,15
LBXD03LA,0.33216,1436,4,15
LBXD05LA,0.36608,1436,4,15
LBXD07LA,0.05136,1436,4,15
LBXF03LA,0.06576,1436,4,15
LBXF04LA,0.86432,1436,4,15
LBXF05LA,0.03744,1436,4,15
LBXF08LA,0.22624,1436,4,15
LBX074LA,0.24592,1437,2,15
LBX099LA,0.0776,1437,2,15
LBX138LA,0.09392,1437,2,15
LBX153LA,0.09216,1437,2,15
LBX170LA,0.12384,1437,2,15
LBX180LA,0.18112,1437,2,15
LBX187LA,0.14704,1437,2,15
LBX194LA,0.30208,1437,2,15
LBXPCBLA,0.80912,1437,2,15
LBXHXCLA,0.09088,1437,2,15
LBX118LA,0.22992,1437,2,15
LBXD03LA,0.06624,1437,2,15
LBXD05LA,0.0896,1437,2,15
LBXD07LA,0.19024,1437,2,15
LBXF03LA,0.0432,1437,2,15
LBXF04LA,0.29024,1437,2,15
LBXF05LA,0.81024,1437,2,15
LBXF08LA,0.0664,1437,2,15
LBX074LA,0.12784,1438,2,15
LBX099LA,0.10768,1438,2,15
LBX138LA,0.48256,1438,2,15
LBX153LA,0.36944,1438,2,15
LBX170LA,0.29856,1438,2,15
LBX180LA,0.22288,1438,2,15
LBX187LA,0.50912,1438,2,15
LBX194LA,0.74384,1438,2,15
LBXPCBLA,0.496,1438,2,15
LBXHXCLA,0.20032,1438,2,15
LBX118LA,0.12752,1438,2,15
LBXD03LA,0.2048,1438,2,15
LBXD05LA,0.3872,1438,2,15
LBXD07LA,0.79008,1438,2,15
LBXF03LA,0.6256,1438,2,15
LBXF04LA,0.79888,1438,2,15
LBXF05LA,0.87584,1438,2,15
LBXF08LA,0.164,1438,2,15
LBX074LA,0.42784,1439,1,15
LBX099LA,0.14544,1439,1,15
LBX138LA,0.13168,1439,1,15
LBX153LA,0.15728,1439,1,15
LBX170LA,0.3088,1439,1,15
LBX180LA,0.1432,1439,1,15
LBX187LA,0.16256,1439,1,15
LBX194LA,0.12416,1439,1,15
LBXPCBLA,0.10656,1439,1,15
LBXHXCLA,0.08688,1439,1,15
LBX118LA,0.4144,1439,1,15
LBXD03LA,0.98064,1439,1,15
LBXD05LA,0.188,1439,1,15
LBXD07LA,0.14432,1439,1,15
LBXF03LA,0.0672,1439,1,15
LBXF04LA,0.19088,1439,1,15
LBXF05LA,0.06992,1439,1,15
LBXF08LA,0.0464,1439,1,15
LBX074LA,0.1664,1440,2,15
LBX099LA,0.13488,1440,2,15
LBX138LA,0.13376,1440,2,15
LBX153LA,0.18288,1440,2,15
LBX170LA,0.1568,1440,2,15
LBX180LA,0.13504,1440,2,15
LBX187LA,0.29952,1440,2,15
LBX194LA,0.1976,1440,2,15
LBXPCBLA,0.8928,1440,2,15
LBXHXCLA,0.20896,1440,2,15
LBX118LA,0.25376,1440,2,15
LBXD03LA,0.14176,1440,2,15
LBXD05LA,0.38336,1440,2,15
LBXD07LA,0.08096,1440,2,15
LBXF03LA,0.61824,1440,2,15
LBXF04LA,0.43152,1440,2,15
LBXF05LA,0.24352,1440,2,15
LBXF08LA,0.06096,1440,2,15
LBX074LA,0.18176,1441,1,15
LBX099LA,0.33808,1441,1,15
LBX138LA,0.2552,1441,1,15
LBX153LA,0.4608,1441,1,15
LBX170LA,0.40432,1441,1,15
LBX180LA,0.21344,1441,1,15
LBX187LA,0.20848,1441,1,15
LBX194LA,0.8816,1441,1,15
LBXPCBLA,0.07584,1441,1,15
LBXHXCLA,0.26496,1441,1,15
LBX118LA,0.40448,1441,1,15
LBXD03LA,0.13904,1441,1,15
LBXD05LA,0.3992,1441,1,15
LBXD07LA,0.22304,1441,1,15
LBXF03LA,0.08944,1441,1,15
LBXF04LA,0.11808,1441,1,15
LBXF05LA,0.15776,1441,1,15
LBXF08LA,0.06912,1441,1,15
LBX074LA,0.208,1442,4,15
LBX099LA,0.19488,1442,4,15
LBX138LA,0.18448,1442,4,15
LBX153LA,0.13168,1442,4,15
LBX170LA,0.11824,1442,4,15
LBX180LA,0.14704,1442,4,15
LBX187LA,0.15232,1442,4,15
LBX194LA,0.78,1442,4,15
LBXPCBLA,0.47136,1442,4,15
LBXHXCLA,0.09968,1442,4,15
LBX118LA,0.34848,1442,4,15
LBXD03LA,0.04736,1442,4,15
LBXD05LA,0.10256,1442,4,15
LBXD07LA,0.16864,1442,4,15
LBXF03LA,0.84368,1442,4,15
LBXF04LA,0.1656,1442,4,15
LBXF05LA,0.19152,1442,4,15
LBXF08LA,0.07536,1442,4,15
LBX074LA,0.3368,1443,2,15
LBX099LA,0.26112,1443,2,15
LBX138LA,0.54288,1443,2,15
LBX153LA,0.40816,1443,2,15
LBX170LA,0.26672,1443,2,15
LBX180LA,0.45616,1443,2,15
LBX187LA,0.30544,1443,2,15
LBX194LA,0.95712,1443,2,15
LBXPCBLA,0.31312,1443,2,15
LBXHXCLA,0.2624,1443,2,15
LBX118LA,0.2728,1443,2,15
LBXD03LA,0.28864,1443,2,15
LBXD05LA,0.20944,1443,2,15
LBXD07LA,0.2656,1443,2,15
LBXF03LA,0.09632,1443,2,15
LBXF04LA,0.8112,1443,2,15
LBXF05LA,0.92704,1443,2,15
LBXF08LA,0.27472,1443,2,15
LBX074LA,0.23296,1444,3,15
LBX099LA,0.116,1444,3,15
LBX138LA,0.14864,1444,3,15
LBX153LA,0.15072,1444,3,15
LBX170LA,0.87024,1444,3,15
LBX180LA,0.3248,1444,3,15
LBX187LA,0.18976,1444,3,15
LBX194LA,0.23056,1444,3,15
LBXPCBLA,0.87712,1444,3,15
LBXHXCLA,0.1064,1444,3,15
LBX118LA,0.46144,1444,3,15
LBXD03LA,0.18272,1444,3,15
LBXD05LA,0.1808,1444,3,15
LBXD07LA,0.16992,1444,3,15
LBXF03LA,0.60976,1444,3,15
LBXF04LA,0.51408,1444,3,15
LBXF05LA,0.32752,1444,3,15
LBXF08LA,0.1456,1444,3,15
LBX074LA,0.48864,1445,2,15
LBX099LA,0.1616,1445,2,15
LBX138LA,0.15168,1445,2,15
LBX153LA,0.16144,1445,2,15
LBX170LA,0.40048,1445,2,15
LBX180LA,0.19216,1445,2,15
LBX187LA,0.19664,1445,2,15
LBX194LA,0.4184,1445,2,15
LBXPCBLA,0.08448,1445,2,15
LBXHXCLA,0.13008,1445,2,15
LBX118LA,0.164,1445,2,15
LBXD03LA,0.17184,1445,2,15
LBXD05LA,0.99232,1445,2,15
LBXD07LA,0.56768,1445,2,15
LBXF03LA,0.17344,1445,2,15
LBXF04LA,0.61872,1445,2,15
LBXF05LA,0.12272,1445,2,15
LBXF08LA,0.4208,1445,2,15
LBX074LA,0.06608,1446,3,15
LBX099LA,0.11504,1446,3,15
LBX138LA,0.08944,1446,3,15
LBX153LA,0.1208,1446,3,15
LBX170LA,0.58464,1446,3,15
LBX180LA,0.33488,1446,3,15
LBX187LA,0.18112,1446,3,15
LBX194LA,0.07552,1446,3,15
LBXPCBLA,0.19216,1446,3,15
LBXHXCLA,0.48224,1446,3,15
LBX118LA,0.18016,1446,3,15
LBXD03LA,0.0352,1446,3,15
LBXD05LA,0.39808,1446,3,15
LBXD07LA,0.7296,1446,3,15
LBXF03LA,0.08032,1446,3,15
LBXF04LA,0.99728000000000006,1446,3,15
LBXF05LA,0.03056,1446,3,15
LBXF08LA,0.28528,1446,3,15
LBX074LA,0.8984,1447,2,15
LBX099LA,0.1312,1447,2,15
LBX138LA,0.16896,1447,2,15
LBX153LA,0.21376,1447,2,15
LBX170LA,0.24096,1447,2,15
LBX180LA,0.26832,1447,2,15
LBX187LA,0.50496,1447,2,15
LBX194LA,0.67344,1447,2,15
LBXPCBLA,0.24672,1447,2,15
LBXHXCLA,0.3512,1447,2,15
LBX118LA,0.23472,1447,2,15
LBXD03LA,0.3096,1447,2,15
LBXD05LA,0.24208,1447,2,15
LBXD07LA,0.17712,1447,2,15
LBXF03LA,0.07776,1447,2,15
LBXF04LA,0.43312,1447,2,15
LBXF05LA,0.25008,1447,2,15
LBXF08LA,0.06192,1447,2,15
LBX074LA,0.21312,1448,1,15
LBX099LA,0.18496,1448,1,15
LBX138LA,0.29504,1448,1,15
LBX153LA,0.24016,1448,1,15
LBX170LA,0.20448,1448,1,15
LBX180LA,0.30288,1448,1,15
LBX187LA,0.5696,1448,1,15
LBX194LA,0.21808,1448,1,15
LBXPCBLA,0.09936,1448,1,15
LBXHXCLA,0.21648,1448,1,15
LBX118LA,0.27424,1448,1,15
LBXD03LA,0.97936,1448,1,15
LBXD05LA,0.09888,1448,1,15
LBXD07LA,0.10672,1448,1,15
LBXF03LA,0.09584,1448,1,15
LBXF04LA,0.12656,1448,1,15
LBXF05LA,0.09728,1448,1,15
LBXF08LA,0.22832,1448,1,15
LBX074LA,0.42304,1449,1,15
LBX099LA,0.13712,1449,1,15
LBX138LA,0.2544,1449,1,15
LBX153LA,0.32064,1449,1,15
LBX170LA,0.24304,1449,1,15
LBX180LA,0.31296,1449,1,15
LBX187LA,0.24112,1449,1,15
LBX194LA,0.94176,1449,1,15
LBXPCBLA,0.23376,1449,1,15
LBXHXCLA,0.18368,1449,1,15
LBX118LA,0.41072,1449,1,15
LBXD03LA,0.22032,1449,1,15
LBXD05LA,0.97488,1449,1,15
LBXD07LA,0.10656,1449,1,15
LBXF03LA,0.132,1449,1,15
LBXF04LA,0.18784,1449,1,15
LBXF05LA,0.12224,1449,1,15
LBXF08LA,0.65328,1449,1,15
LBX074LA,0.08608,1450,3,15
LBX099LA,0.88384,1450,3,15
LBX138LA,0.14624,1450,3,15
LBX153LA,0.06736,1450,3,15
LBX170LA,0.05136,1450,3,15
LBX180LA,0.07248,1450,3,15
LBX187LA,0.10496,1450,3,15
LBX194LA,0.28208,1450,3,15
LBXPCBLA,0.54256,1450,3,15
LBXHXCLA,0.20096,1450,3,15
LBX118LA,0.09488,1450,3,15
LBXD03LA,0.06768,1450,3,15
LBXD05LA,0.95296,1450,3,15
LBXD07LA,0.0384,1450,3,15
LBXF03LA,0.85408,1450,3,15
LBXF04LA,0.19216,1450,3,15
LBXF05LA,0.10032,1450,3,15
LBXF08LA,0.03536,1450,3,15
LBX074LA,0.81584,1451,2,15
LBX099LA,0.34127999999999997,1451,2,15
LBX138LA,0.38656,1451,2,15
LBX153LA,0.41936,1451,2,15
LBX170LA,0.78544,1451,2,15
LBX180LA,0.24368,1451,2,15
LBX187LA,0.50832,1451,2,15
LBX194LA,0.28656,1451,2,15
LBXPCBLA,0.0968,1451,2,15
LBXHXCLA,0.17824,1451,2,15
LBX118LA,0.25664,1451,2,15
LBXD03LA,0.17584,1451,2,15
LBXD05LA,0.60912,1451,2,15
LBXD07LA,0.1688,1451,2,15
LBXF03LA,0.37872,1451,2,15
LBXF04LA,0.416,1451,2,15
LBXF05LA,0.64256,1451,2,15
LBXF08LA,0.05392,1451,2,15
LBX074LA,0.2736,1452,4,15
LBX099LA,0.14176,1452,4,15
LBX138LA,0.54144,1452,4,15
LBX153LA,0.21568,1452,4,15
LBX170LA,0.17728,1452,4,15
LBX180LA,0.21616,1452,4,15
LBX187LA,0.06976,1452,4,15
LBX194LA,0.176,1452,4,15
LBXPCBLA,0.3664,1452,4,15
LBXHXCLA,0.1384,1452,4,15
LBX118LA,0.10496,1452,4,15
LBXD03LA,0.07136,1452,4,15
LBXD05LA,0.99616,1452,4,15
LBXD07LA,0.62432,1452,4,15
LBXF03LA,0.15664,1452,4,15
LBXF04LA,0.09888,1452,4,15
LBXF05LA,0.53888,1452,4,15
LBXF08LA,0.19408,1452,4,15
LBX074LA,0.22304,1453,2,15
LBX099LA,0.49008,1453,2,15
LBX138LA,0.44352,1453,2,15
LBX153LA,0.7856,1453,2,15
LBX170LA,0.21584,1453,2,15
LBX180LA,0.82144,1453,2,15
LBX187LA,0.21056,1453,2,15
LBX194LA,0.68384,1453,2,15
LBXPCBLA,0.14272,1453,2,15
LBXHXCLA,0.50512,1453,2,15
LBX118LA,0.2632,1453,2,15
LBXD03LA,0.19648,1453,2,15
LBXD05LA,0.94528,1453,2,15
LBXD07LA,0.18544,1453,2,15
LBXF03LA,0.31968,1453,2,15
LBXF04LA,0.44864,1453,2,15
LBXF05LA,0.30768,1453,2,15
LBXF08LA,0.12784,1453,2,15
LBX074LA,0.27408,1454,1,15
LBX099LA,0.21408,1454,1,15
LBX138LA,0.28752,1454,1,15
LBX153LA,0.22976,1454,1,15
LBX170LA,0.17664,1454,1,15
LBX180LA,0.16832,1454,1,15
LBX187LA,0.14672,1454,1,15
LBX194LA,0.2624,1454,1,15
LBXPCBLA,0.32848,1454,1,15
LBXHXCLA,0.08832,1454,1,15
LBX118LA,0.28688,1454,1,15
LBXD03LA,0.11328,1454,1,15
LBXD05LA,0.51296,1454,1,15
LBXD07LA,0.54896,1454,1,15
LBXF03LA,0.20192,1454,1,15
LBXF04LA,0.97056,1454,1,15
LBXF05LA,0.13744,1454,1,15
LBXF08LA,0.27664,1454,1,15
LBX074LA,0.28064,1455,2,15
LBX099LA,0.56544,1455,2,15
LBX138LA,0.50496,1455,2,15
LBX153LA,0.41024,1455,2,15
LBX170LA,0.48,1455,2,15
LBX180LA,0.27184,1455,2,15
LBX187LA,0.24864,1455,2,15
LBX194LA,0.50432,1455,2,15
LBXPCBLA,0.94896,1455,2,15
LBXHXCLA,0.22176,1455,2,15
LBX118LA,0.50816,1455,2,15
LBXD03LA,0.28064,1455,2,15
LBXD05LA,0.12896,1455,2,15
LBXD07LA,0.17312,1455,2,15
LBXF03LA,0.11136,1455,2,15
LBXF04LA,0.65872,1455,2,15
LBXF05LA,0.19472,1455,2,15
LBXF08LA,0.80656,1455,2,15
LBX074LA,0.11424,1456,1,15
LBX099LA,0.0936,1456,1,15
LBX138LA,0.1464,1456,1,15
LBX153LA,0.39696,1456,1,15
LBX170LA,0.22928,1456,1,15
LBX180LA,0.36096,1456,1,15
LBX187LA,0.1296,1456,1,15
LBX194LA,0.17728,1456,1,15
LBXPCBLA,0.22992,1456,1,15
LBXHXCLA,0.1928,1456,1,15
LBX118LA,0.1232,1456,1,15
LBXD03LA,0.12912,1456,1,15
LBXD05LA,0.71072,1456,1,15
LBXD07LA,0.10352,1456,1,15
LBXF03LA,0.36016,1456,1,15
LBXF04LA,0.208,1456,1,15
LBXF05LA,0.10544,1456,1,15
LBXF08LA,0.09312,1456,1,15
LBX074LA,0.63808,1457,2,15
LBX099LA,0.06,1457,2,15
LBX138LA,0.12736,1457,2,15
LBX153LA,0.34256,1457,2,15
LBX170LA,0.19152,1457,2,15
LBX180LA,0.10624,1457,2,15
LBX187LA,0.37456,1457,2,15
LBX194LA,0.2792,1457,2,15
LBXPCBLA,0.06224,1457,2,15
LBXHXCLA,0.12064,1457,2,15
LBX118LA,0.15104,1457,2,15
LBXD03LA,0.70176,1457,2,15
LBXD05LA,0.34048,1457,2,15
LBXD07LA,0.4872,1457,2,15
LBXF03LA,0.43952,1457,2,15
LBXF04LA,0.11136,1457,2,15
LBXF05LA,0.07216,1457,2,15
LBXF08LA,0.06752,1457,2,15
LBX074LA,0.376,1458,4,15
LBX099LA,0.0608,1458,4,15
LBX138LA,0.0712,1458,4,15
LBX153LA,0.11664,1458,4,15
LBX170LA,0.1112,1458,4,15
LBX180LA,0.27664,1458,4,15
LBX187LA,0.32176,1458,4,15
LBX194LA,0.88272,1458,4,15
LBXPCBLA,0.18224,1458,4,15
LBXHXCLA,0.08,1458,4,15
LBX118LA,0.09104,1458,4,15
LBXD03LA,0.21904,1458,4,15
LBXD05LA,0.65136,1458,4,15
LBXD07LA,0.18192,1458,4,15
LBXF03LA,0.08528,1458,4,15
LBXF04LA,0.9952,1458,4,15
LBXF05LA,0.15488,1458,4,15
LBXF08LA,0.07392,1458,4,15
LBX074LA,0.19536,1459,1,15
LBX099LA,0.10176,1459,1,15
LBX138LA,0.26848,1459,1,15
LBX153LA,0.35712,1459,1,15
LBX170LA,0.13088,1459,1,15
LBX180LA,0.18592,1459,1,15
LBX187LA,0.11216,1459,1,15
LBX194LA,0.12656,1459,1,15
LBXPCBLA,0.3272,1459,1,15
LBXHXCLA,0.13712,1459,1,15
LBX118LA,0.31488,1459,1,15
LBXD03LA,0.11872,1459,1,15
LBXD05LA,0.56512,1459,1,15
LBXD07LA,0.22448,1459,1,15
LBXF03LA,0.1192,1459,1,15
LBXF04LA,0.34272,1459,1,15
LBXF05LA,0.33312,1459,1,15
LBXF08LA,0.11696,1459,1,15
LBX074LA,0.15664,1460,4,15
LBX099LA,0.08192,1460,4,15
LBX138LA,0.08688,1460,4,15
LBX153LA,0.20256,1460,4,15
LBX170LA,0.17136,1460,4,15
LBX180LA,0.13856,1460,4,15
LBX187LA,0.31376,1460,4,15
LBX194LA,0.99568,1460,4,15
LBXPCBLA,0.2696,1460,4,15
LBXHXCLA,0.12784,1460,4,15
LBX118LA,0.16016,1460,4,15
LBXD03LA,0.27792,1460,4,15
LBXD05LA,0.41968,1460,4,15
LBXD07LA,0.50144,1460,4,15
LBXF03LA,0.0712,1460,4,15
LBXF04LA,0.26096,1460,4,15
LBXF05LA,0.99568,1460,4,15
LBXF08LA,0.1776,1460,4,15
LBX074LA,0.04912,1461,3,15
LBX099LA,0.12368,1461,3,15
LBX138LA,0.45008,1461,3,15
LBX153LA,0.20496,1461,3,15
LBX170LA,0.132,1461,3,15
LBX180LA,0.14832,1461,3,15
LBX187LA,0.71616,1461,3,15
LBX194LA,0.97632,1461,3,15
LBXPCBLA,0.05008,1461,3,15
LBXHXCLA,0.09216,1461,3,15
LBX118LA,0.58416,1461,3,15
LBXD03LA,0.08048,1461,3,15
LBXD05LA,0.1544,1461,3,15
LBXD07LA,0.5176,1461,3,15
LBXF03LA,0.09616,1461,3,15
LBXF04LA,0.9768,1461,3,15
LBXF05LA,0.05216,1461,3,15
LBXF08LA,0.05552,1461,3,15
LBX074LA,0.67312,1462,3,15
LBX099LA,0.17472,1462,3,15
LBX138LA,0.10752,1462,3,15
LBX153LA,0.14832,1462,3,15
LBX170LA,0.16,1462,3,15
LBX180LA,0.20288,1462,3,15
LBX187LA,0.46608,1462,3,15
LBX194LA,0.12704,1462,3,15
LBXPCBLA,0.05296,1462,3,15
LBXHXCLA,0.49344,1462,3,15
LBX118LA,0.08608,1462,3,15
LBXD03LA,0.46464,1462,3,15
LBXD05LA,0.03248,1462,3,15
LBXD07LA,0.02784,1462,3,15
LBXF03LA,0.01408,1462,3,15
LBXF04LA,0.24736,1462,3,15
LBXF05LA,0.71504,1462,3,15
LBXF08LA,0.0112,1462,3,15
LBX074LA,0.1848,1463,1,15
LBX099LA,0.50224,1463,1,15
LBX138LA,0.12768,1463,1,15
LBX153LA,0.17312,1463,1,15
LBX170LA,0.13008,1463,1,15
LBX180LA,0.18656,1463,1,15
LBX187LA,0.18768,1463,1,15
LBX194LA,0.1552,1463,1,15
LBXPCBLA,0.57184,1463,1,15
LBXHXCLA,0.18528,1463,1,15
LBX118LA,0.2488,1463,1,15
LBXD03LA,0.13008,1463,1,15
LBXD05LA,0.42928,1463,1,15
LBXD07LA,0.35936,1463,1,15
LBXF03LA,0.0816,1463,1,15
LBXF04LA,0.23568,1463,1,15
LBXF05LA,0.11296,1463,1,15
LBXF08LA,0.0848,1463,1,15
LBX074LA,0.91552,1464,1,15
LBX099LA,0.14976,1464,1,15
LBX138LA,0.17104,1464,1,15
LBX153LA,0.19616,1464,1,15
LBX170LA,0.204,1464,1,15
LBX180LA,0.188,1464,1,15
LBX187LA,0.18256,1464,1,15
LBX194LA,0.22528,1464,1,15
LBXPCBLA,0.14112,1464,1,15
LBXHXCLA,0.30848,1464,1,15
LBX118LA,0.21472,1464,1,15
LBXD03LA,0.43808,1464,1,15
LBXD05LA,0.13312,1464,1,15
LBXD07LA,0.09808,1464,1,15
LBXF03LA,0.09744,1464,1,15
LBXF04LA,0.80848,1464,1,15
LBXF05LA,0.132,1464,1,15
LBXF08LA,0.08144,1464,1,15
LBX074LA,0.16832,1465,2,15
LBX099LA,0.2072,1465,2,15
LBX138LA,0.20176,1465,2,15
LBX153LA,0.3888,1465,2,15
LBX170LA,0.1824,1465,2,15
LBX180LA,0.41904,1465,2,15
LBX187LA,0.12624,1465,2,15
LBX194LA,0.2984,1465,2,15
LBXPCBLA,0.11984,1465,2,15
LBXHXCLA,0.11088,1465,2,15
LBX118LA,0.53856,1465,2,15
LBXD03LA,0.19024,1465,2,15
LBXD05LA,0.5216,1465,2,15
LBXD07LA,0.07872,1465,2,15
LBXF03LA,0.07248,1465,2,15
LBXF04LA,0.48992,1465,2,15
LBXF05LA,0.2856,1465,2,15
LBXF08LA,0.35264,1465,2,15
LBX074LA,0.42448,1466,1,15
LBX099LA,0.32832,1466,1,15
LBX138LA,0.10224,1466,1,15
LBX153LA,0.12272,1466,1,15
LBX170LA,0.12272,1466,1,15
LBX180LA,0.11808,1466,1,15
LBX187LA,0.12832,1466,1,15
LBX194LA,0.28224,1466,1,15
LBXPCBLA,0.0816,1466,1,15
LBXHXCLA,0.09504,1466,1,15
LBX118LA,0.29152,1466,1,15
LBXD03LA,0.1072,1466,1,15
LBXD05LA,0.46288,1466,1,15
LBXD07LA,0.28384,1466,1,15
LBXF03LA,0.08192,1466,1,15
LBXF04LA,0.0888,1466,1,15
LBXF05LA,0.192,1466,1,15
LBXF08LA,0.0632,1466,1,15
LBX074LA,0.2728,1467,4,15
LBX099LA,0.93024,1467,4,15
LBX138LA,0.13488,1467,4,15
LBX153LA,0.1488,1467,4,15
LBX170LA,0.148,1467,4,15
LBX180LA,0.23792,1467,4,15
LBX187LA,0.98848,1467,4,15
LBX194LA,0.32768,1467,4,15
LBXPCBLA,0.0872,1467,4,15
LBXHXCLA,0.09008,1467,4,15
LBX118LA,0.476,1467,4,15
LBXD03LA,0.09152,1467,4,15
LBXD05LA,0.16032,1467,4,15
LBXD07LA,0.14496,1467,4,15
LBXF03LA,0.09472,1467,4,15
LBXF04LA,0.30992,1467,4,15
LBXF05LA,0.96976,1467,4,15
LBXF08LA,0.17472,1467,4,15
LBX074LA,0.6944,1468,2,15
LBX099LA,0.29088,1468,2,15
LBX138LA,0.2224,1468,2,15
LBX153LA,0.26928,1468,2,15
LBX170LA,0.26768,1468,2,15
LBX180LA,0.24576,1468,2,15
LBX187LA,0.20112,1468,2,15
LBX194LA,0.78848,1468,2,15
LBXPCBLA,0.10832,1468,2,15
LBXHXCLA,0.2072,1468,2,15
LBX118LA,0.9848,1468,2,15
LBXD03LA,0.16928,1468,2,15
LBXD05LA,0.08448,1468,2,15
LBXD07LA,0.07824,1468,2,15
LBXF03LA,0.09328,1468,2,15
LBXF04LA,0.9256,1468,2,15
LBXF05LA,0.12224,1468,2,15
LBXF08LA,0.24368,1468,2,15
LBX074LA,0.20128,1469,4,15
LBX099LA,0.18016,1469,4,15
LBX138LA,0.20752,1469,4,15
LBX153LA,0.27616,1469,4,15
LBX170LA,0.10656,1469,4,15
LBX180LA,0.05696,1469,4,15
LBX187LA,0.808,1469,4,15
LBX194LA,0.1888,1469,4,15
LBXPCBLA,0.12784,1469,4,15
LBXHXCLA,0.0568,1469,4,15
LBX118LA,0.0552,1469,4,15
LBXD03LA,0.0384,1469,4,15
LBXD05LA,0.0368,1469,4,15
LBXD07LA,0.5392,1469,4,15
LBXF03LA,0.07184,1469,4,15
LBXF04LA,0.74992,1469,4,15
LBXF05LA,0.07856,1469,4,15
LBXF08LA,0.0288,1469,4,15
LBX074LA,0.22192,1470,3,15
LBX099LA,0.05328,1470,3,15
LBX138LA,0.12464,1470,3,15
LBX153LA,0.06496,1470,3,15
LBX170LA,0.08672,1470,3,15
LBX180LA,0.06752,1470,3,15
LBX187LA,0.12864,1470,3,15
LBX194LA,0.73456,1470,3,15
LBXPCBLA,0.0288,1470,3,15
LBXHXCLA,0.0608,1470,3,15
LBX118LA,0.03584,1470,3,15
LBXD03LA,0.09936,1470,3,15
LBXD05LA,0.78512,1470,3,15
LBXD07LA,0.17712,1470,3,15
LBXF03LA,0.03456,1470,3,15
LBXF04LA,0.348,1470,3,15
LBXF05LA,0.04704,1470,3,15
LBXF08LA,0.05744,1470,3,15
LBX074LA,0.5,1471,2,15
LBX099LA,0.19296,1471,2,15
LBX138LA,0.16544,1471,2,15
LBX153LA,0.1712,1471,2,15
LBX170LA,0.22352,1471,2,15
LBX180LA,0.41216,1471,2,15
LBX187LA,0.16592,1471,2,15
LBX194LA,0.22624,1471,2,15
LBXPCBLA,0.07952,1471,2,15
LBXHXCLA,0.23296,1471,2,15
LBX118LA,0.16704,1471,2,15
LBXD03LA,0.21872,1471,2,15
LBXD05LA,0.39392,1471,2,15
LBXD07LA,0.16704,1471,2,15
LBXF03LA,0.1152,1471,2,15
LBXF04LA,0.86016,1471,2,15
LBXF05LA,0.15488,1471,2,15
LBXF08LA,0.07424,1471,2,15
LBX074LA,0.19744,1472,1,15
LBX099LA,0.10528,1472,1,15
LBX138LA,0.2344,1472,1,15
LBX153LA,0.1784,1472,1,15
LBX170LA,0.51536,1472,1,15
LBX180LA,0.26416,1472,1,15
LBX187LA,0.15792,1472,1,15
LBX194LA,0.58848,1472,1,15
LBXPCBLA,0.7336,1472,1,15
LBXHXCLA,0.12512,1472,1,15
LBX118LA,0.11136,1472,1,15
LBXD03LA,0.7776,1472,1,15
LBXD05LA,0.5336,1472,1,15
LBXD07LA,0.60752,1472,1,15
LBXF03LA,0.06448,1472,1,15
LBXF04LA,0.11664,1472,1,15
LBXF05LA,0.09872,1472,1,15
LBXF08LA,0.06064,1472,1,15
LBX074LA,0.07824,1473,3,15
LBX099LA,0.0696,1473,3,15
LBX138LA,0.11376,1473,3,15
LBX153LA,0.13248,1473,3,15
LBX170LA,0.74528,1473,3,15
LBX180LA,0.16304,1473,3,15
LBX187LA,0.11024,1473,3,15
LBX194LA,0.35632,1473,3,15
LBXPCBLA,0.70992,1473,3,15
LBXHXCLA,0.10912,1473,3,15
LBX118LA,0.16128,1473,3,15
LBXD03LA,0.80432,1473,3,15
LBXD05LA,0.12064,1473,3,15
LBXD07LA,0.16672,1473,3,15
LBXF03LA,0.07824,1473,3,15
LBXF04LA,0.59616,1473,3,15
LBXF05LA,0.1664,1473,3,15
LBXF08LA,0.0472,1473,3,15
LBX074LA,0.32208,1474,4,15
LBX099LA,0.03648,1474,4,15
LBX138LA,0.0224,1474,4,15
LBX153LA,0.05744,1474,4,15
LBX170LA,0.05296,1474,4,15
LBX180LA,0.056,1474,4,15
LBX187LA,0.13408,1474,4,15
LBX194LA,0.824,1474,4,15
LBXPCBLA,0.15232,1474,4,15
LBXHXCLA,0.1576,1474,4,15
LBX118LA,0.17024,1474,4,15
LBXD03LA,0.12576,1474,4,15
LBXD05LA,0.03936,1474,4,15
LBXD07LA,0.02064,1474,4,15
LBXF03LA,0.37952,1474,4,15
LBXF04LA,0.86688,1474,4,15
LBXF05LA,0.02368,1474,4,15
LBXF08LA,0.02192,1474,4,15
LBX074LA,0.08976,1475,2,15
LBX099LA,0.12016,1475,2,15
LBX138LA,0.136,1475,2,15
LBX153LA,0.2368,1475,2,15
LBX170LA,0.29952,1475,2,15
LBX180LA,0.21312,1475,2,15
LBX187LA,0.23776,1475,2,15
LBX194LA,0.46176,1475,2,15
LBXPCBLA,0.80992,1475,2,15
LBXHXCLA,0.08944,1475,2,15
LBX118LA,0.16448,1475,2,15
LBXD03LA,0.12928,1475,2,15
LBXD05LA,0.07296,1475,2,15
LBXD07LA,0.0744,1475,2,15
LBXF03LA,0.09072,1475,2,15
LBXF04LA,0.37008,1475,2,15
LBXF05LA,0.93632,1475,2,15
LBXF08LA,0.05072,1475,2,15
LBX074LA,0.73088,1476,1,15
LBX099LA,0.20864,1476,1,15
LBX138LA,0.2904,1476,1,15
LBX153LA,0.29952,1476,1,15
LBX170LA,0.17024,1476,1,15
LBX180LA,0.1736,1476,1,15
LBX187LA,0.32496,1476,1,15
LBX194LA,0.17184,1476,1,15
LBXPCBLA,0.24896,1476,1,15
LBXHXCLA,0.11824,1476,1,15
LBX118LA,0.29904,1476,1,15
LBXD03LA,0.19088,1476,1,15
LBXD05LA,0.14336,1476,1,15
LBXD07LA,0.108,1476,1,15
LBXF03LA,0.144,1476,1,15
LBXF04LA,0.3552,1476,1,15
LBXF05LA,0.09472,1476,1,15
LBXF08LA,0.07088,1476,1,15
LBX074LA,0.0952,1477,1,15
LBX099LA,0.11088,1477,1,15
LBX138LA,0.11424,1477,1,15
LBX153LA,0.13392,1477,1,15
LBX170LA,0.18544,1477,1,15
LBX180LA,0.2432,1477,1,15
LBX187LA,0.15008,1477,1,15
LBX194LA,0.4184,1477,1,15
LBXPCBLA,0.06816,1477,1,15
LBXHXCLA,0.09664,1477,1,15
LBX118LA,0.15856,1477,1,15
LBXD03LA,0.08736,1477,1,15
LBXD05LA,0.99808,1477,1,15
LBXD07LA,0.0776,1477,1,15
LBXF03LA,0.048,1477,1,15
LBXF04LA,0.07632,1477,1,15
LBXF05LA,0.09072,1477,1,15
LBXF08LA,0.12624,1477,1,15
LBX074LA,0.32416,1478,2,15
LBX099LA,0.12672,1478,2,15
LBX138LA,0.22016,1478,2,15
LBX153LA,0.2888,1478,2,15
LBX170LA,0.35488,1478,2,15
LBX180LA,0.22736,1478,2,15
LBX187LA,0.36096,1478,2,15
LBX194LA,0.37808,1478,2,15
LBXPCBLA,0.94288,1478,2,15
LBXHXCLA,0.20528,1478,2,15
LBX118LA,0.51472,1478,2,15
LBXD03LA,0.18096,1478,2,15
LBXD05LA,0.16352,1478,2,15
LBXD07LA,0.1064,1478,2,15
LBXF03LA,0.09392,1478,2,15
LBXF04LA,0.74128,1478,2,15
LBXF05LA,0.38464,1478,2,15
LBXF08LA,0.28208,1478,2,15
LBX074LA,0.1408,1479,2,15
LBX099LA,0.3648,1479,2,15
LBX138LA,0.28896,1479,2,15
LBX153LA,0.24736,1479,2,15
LBX170LA,0.2952,1479,2,15
LBX180LA,0.16448,1479,2,15
LBX187LA,0.16288,1479,2,15
LBX194LA,0.3616,1479,2,15
LBXPCBLA,0.14304,1479,2,15
LBXHXCLA,0.23328,1479,2,15
LBX118LA,0.97664,1479,2,15
LBXD03LA,0.28976,1479,2,15
LBXD05LA,0.68768,1479,2,15
LBXD07LA,0.66256,1479,2,15
LBXF03LA,0.07984,1479,2,15
LBXF04LA,0.4224,1479,2,15
LBXF05LA,0.12784,1479,2,15
LBXF08LA,0.07632,1479,2,15
LBX074LA,0.06736,1480,3,15
LBX099LA,0.02864,1480,3,15
LBX138LA,0.14992,1480,3,15
LBX153LA,0.09024,1480,3,15
LBX170LA,0.17328,1480,3,15
LBX180LA,0.52768,1480,3,15
LBX187LA,0.22944,1480,3,15
LBX194LA,0.4272,1480,3,15
LBXPCBLA,0.34127999999999997,1480,3,15
LBXHXCLA,0.08016,1480,3,15
LBX118LA,0.3184,1480,3,15
LBXD03LA,0.32096,1480,3,15
LBXD05LA,0.82432,1480,3,15
LBXD07LA,0.0464,1480,3,15
LBXF03LA,0.09408,1480,3,15
LBXF04LA,0.0816,1480,3,15
LBXF05LA,0.5648,1480,3,15
LBXF08LA,0.00704,1480,3,15
LBX074LA,0.1344,1481,1,15
LBX099LA,0.08768,1481,1,15
LBX138LA,0.13152,1481,1,15
LBX153LA,0.11504,1481,1,15
LBX170LA,0.23488,1481,1,15
LBX180LA,0.15344,1481,1,15
LBX187LA,0.10736,1481,1,15
LBX194LA,0.8592,1481,1,15
LBXPCBLA,0.06,1481,1,15
LBXHXCLA,0.14608,1481,1,15
LBX118LA,0.11376,1481,1,15
LBXD03LA,0.1656,1481,1,15
LBXD05LA,0.97776,1481,1,15
LBXD07LA,0.53696,1481,1,15
LBXF03LA,0.0576,1481,1,15
LBXF04LA,0.1672,1481,1,15
LBXF05LA,0.12272,1481,1,15
LBXF08LA,0.06288,1481,1,15
LBX074LA,0.09968,1482,3,15
LBX099LA,0.14208,1482,3,15
LBX138LA,0.27136,1482,3,15
LBX153LA,0.4376,1482,3,15
LBX170LA,0.30112,1482,3,15
LBX180LA,0.33264,1482,3,15
LBX187LA,0.12976,1482,3,15
LBX194LA,0.92976,1482,3,15
LBXPCBLA,0.2968,1482,3,15
LBXHXCLA,0.496,1482,3,15
LBX118LA,0.09936,1482,3,15
LBXD03LA,0.2824,1482,3,15
LBXD05LA,0.11968,1482,3,15
LBXD07LA,0.11808,1482,3,15
LBXF03LA,0.15424,1482,3,15
LBXF04LA,0.06192,1482,3,15
LBXF05LA,0.10336,1482,3,15
LBXF08LA,0.0624,1482,3,15
LBX074LA,0.29984,1483,1,15
LBX099LA,0.11936,1483,1,15
LBX138LA,0.14576,1483,1,15
LBX153LA,0.14208,1483,1,15
LBX170LA,0.30192,1483,1,15
LBX180LA,0.1472,1483,1,15
LBX187LA,0.19008,1483,1,15
LBX194LA,0.16,1483,1,15
LBXPCBLA,0.0936,1483,1,15
LBXHXCLA,0.63872,1483,1,15
LBX118LA,0.19008,1483,1,15
LBXD03LA,0.108,1483,1,15
LBXD05LA,0.98976,1483,1,15
LBXD07LA,0.22608,1483,1,15
LBXF03LA,0.07952,1483,1,15
LBXF04LA,0.09312,1483,1,15
LBXF05LA,0.08288,1483,1,15
LBXF08LA,0.07328,1483,1,15
LBX074LA,0.23808000000000001,1484,2,15
LBX099LA,0.08448,1484,2,15
LBX138LA,0.17728,1484,2,15
LBX153LA,0.65856,1484,2,15
LBX170LA,0.40848,1484,2,15
LBX180LA,0.15888,1484,2,15
LBX187LA,0.19504,1484,2,15
LBX194LA,0.48768,1484,2,15
LBXPCBLA,0.06176,1484,2,15
LBXHXCLA,0.16576,1484,2,15
LBX118LA,0.3144,1484,2,15
LBXD03LA,0.69392,1484,2,15
LBXD05LA,0.18048,1484,2,15
LBXD07LA,0.27264,1484,2,15
LBXF03LA,0.28112,1484,2,15
LBXF04LA,0.12544,1484,2,15
LBXF05LA,0.06816,1484,2,15
LBXF08LA,0.03632,1484,2,15
LBX074LA,0.12768,1485,2,15
LBX099LA,0.15344,1485,2,15
LBX138LA,0.16528,1485,2,15
LBX153LA,0.14352,1485,2,15
LBX170LA,0.34127999999999997,1485,2,15
LBX180LA,0.1272,1485,2,15
LBX187LA,0.3368,1485,2,15
LBX194LA,0.52768,1485,2,15
LBXPCBLA,0.12416,1485,2,15
LBXHXCLA,0.06896,1485,2,15
LBX118LA,0.05728,1485,2,15
LBXD03LA,0.08496,1485,2,15
LBXD05LA,0.33776,1485,2,15
LBXD07LA,0.08224,1485,2,15
LBXF03LA,0.07728,1485,2,15
LBXF04LA,0.39264,1485,2,15
LBXF05LA,0.06464,1485,2,15
LBXF08LA,0.04624,1485,2,15
LBX074LA,0.368,1486,4,15
LBX099LA,0.05936,1486,4,15
LBX138LA,0.07984,1486,4,15
LBX153LA,0.07136,1486,4,15
LBX170LA,0.21472,1486,4,15
LBX180LA,0.25968,1486,4,15
LBX187LA,0.09744,1486,4,15
LBX194LA,0.19008,1486,4,15
LBXPCBLA,0.05056,1486,4,15
LBXHXCLA,0.0536,1486,4,15
LBX118LA,0.204,1486,4,15
LBXD03LA,0.11952,1486,4,15
LBXD05LA,0.82528,1486,4,15
LBXD07LA,0.03168,1486,4,15
LBXF03LA,0.05168,1486,4,15
LBXF04LA,0.55552,1486,4,15
LBXF05LA,0.04032,1486,4,15
LBXF08LA,0.06272,1486,4,15
LBX074LA,0.07744,1487,1,15
LBX099LA,0.068,1487,1,15
LBX138LA,0.12624,1487,1,15
LBX153LA,0.18848,1487,1,15
LBX170LA,0.1552,1487,1,15
LBX180LA,0.36576,1487,1,15
LBX187LA,0.62656,1487,1,15
LBX194LA,0.08944,1487,1,15
LBXPCBLA,0.1144,1487,1,15
LBXHXCLA,0.07392,1487,1,15
LBX118LA,0.09024,1487,1,15
LBXD03LA,0.15376,1487,1,15
LBXD05LA,0.97344,1487,1,15
LBXD07LA,0.0952,1487,1,15
LBXF03LA,0.07584,1487,1,15
LBXF04LA,0.09856,1487,1,15
LBXF05LA,0.08512,1487,1,15
LBXF08LA,0.2024,1487,1,15
LBX074LA,0.61184,1488,2,15
LBX099LA,0.11696,1488,2,15
LBX138LA,0.1104,1488,2,15
LBX153LA,0.1216,1488,2,15
LBX170LA,0.25488,1488,2,15
LBX180LA,0.29856,1488,2,15
LBX187LA,0.10688,1488,2,15
LBX194LA,0.2328,1488,2,15
LBXPCBLA,0.05456,1488,2,15
LBXHXCLA,0.12272,1488,2,15
LBX118LA,0.36544,1488,2,15
LBXD03LA,0.27856,1488,2,15
LBXD05LA,0.068,1488,2,15
LBXD07LA,0.07376,1488,2,15
LBXF03LA,0.28016,1488,2,15
LBXF04LA,0.91504,1488,2,15
LBXF05LA,0.09104,1488,2,15
LBXF08LA,0.172,1488,2,15
LBX074LA,0.1088,1489,3,15
LBX099LA,0.35472,1489,3,15
LBX138LA,0.21392,1489,3,15
LBX153LA,0.2904,1489,3,15
LBX170LA,0.27504,1489,3,15
LBX180LA,0.47824,1489,3,15
LBX187LA,0.124,1489,3,15
LBX194LA,0.61776,1489,3,15
LBXPCBLA,0.42992,1489,3,15
LBXHXCLA,0.1112,1489,3,15
LBX118LA,0.47456,1489,3,15
LBXD03LA,0.3832,1489,3,15
LBXD05LA,0.19488,1489,3,15
LBXD07LA,0.0768,1489,3,15
LBXF03LA,0.0728,1489,3,15
LBXF04LA,0.93552,1489,3,15
LBXF05LA,0.0776,1489,3,15
LBXF08LA,0.06672,1489,3,15
LBX074LA,0.5096,1490,3,15
LBX099LA,0.18288,1490,3,15
LBX138LA,0.04384,1490,3,15
LBX153LA,0.05328,1490,3,15
LBX170LA,0.06064,1490,3,15
LBX180LA,0.04736,1490,3,15
LBX187LA,0.08896,1490,3,15
LBX194LA,0.85808,1490,3,15
LBXPCBLA,0.0512,1490,3,15
LBXHXCLA,0.08896,1490,3,15
LBX118LA,0.1648,1490,3,15
LBXD03LA,0.1032,1490,3,15
LBXD05LA,0.2072,1490,3,15
LBXD07LA,0.032,1490,3,15
LBXF03LA,0.1184,1490,3,15
LBXF04LA,0.256,1490,3,15
LBXF05LA,0.27456,1490,3,15
LBXF08LA,0.04144,1490,3,15
LBX074LA,0.2768,1491,2,15
LBX099LA,0.24096,1491,2,15
LBX138LA,0.15104,1491,2,15
LBX153LA,0.22096,1491,2,15
LBX170LA,0.15776,1491,2,15
LBX180LA,0.1376,1491,2,15
LBX187LA,0.45008,1491,2,15
LBX194LA,0.37872,1491,2,15
LBXPCBLA,0.14624,1491,2,15
LBXHXCLA,0.08656,1491,2,15
LBX118LA,0.54576,1491,2,15
LBXD03LA,0.21296,1491,2,15
LBXD05LA,0.79072,1491,2,15
LBXD07LA,0.20672,1491,2,15
LBXF03LA,0.28784,1491,2,15
LBXF04LA,0.19968,1491,2,15
LBXF05LA,0.17456,1491,2,15
LBXF08LA,0.69936,1491,2,15
LBX074LA,0.61968,1492,1,15
LBX099LA,0.13808,1492,1,15
LBX138LA,0.18544,1492,1,15
LBX153LA,0.17728,1492,1,15
LBX170LA,0.50576,1492,1,15
LBX180LA,0.244,1492,1,15
LBX187LA,0.21776,1492,1,15
LBX194LA,0.60832,1492,1,15
LBXPCBLA,0.25344,1492,1,15
LBXHXCLA,0.15184,1492,1,15
LBX118LA,0.24784,1492,1,15
LBXD03LA,0.13808,1492,1,15
LBXD05LA,0.53792,1492,1,15
LBXD07LA,0.20272,1492,1,15
LBXF03LA,0.29856,1492,1,15
LBXF04LA,0.22336,1492,1,15
LBXF05LA,0.36896,1492,1,15
LBXF08LA,0.19456,1492,1,15
LBX074LA,0.08208,1493,2,15
LBX099LA,0.06592,1493,2,15
LBX138LA,0.20176,1493,2,15
LBX153LA,0.12032,1493,2,15
LBX170LA,0.4328,1493,2,15
LBX180LA,0.1704,1493,2,15
LBX187LA,0.23904,1493,2,15
LBX194LA,0.17232,1493,2,15
LBXPCBLA,0.44112,1493,2,15
LBXHXCLA,0.07568,1493,2,15
LBX118LA,0.22912,1493,2,15
LBXD03LA,0.12304,1493,2,15
LBXD05LA,0.18416,1493,2,15
LBXD07LA,0.17536,1493,2,15
LBXF03LA,0.11296,1493,2,15
LBXF04LA,0.93008,1493,2,15
LBXF05LA,0.4848,1493,2,15
LBXF08LA,0.1136,1493,2,15
LBX074LA,0.39232,1494,2,15
LBX099LA,0.23488,1494,2,15
LBX138LA,0.80416,1494,2,15
LBX153LA,0.44032,1494,2,15
LBX170LA,0.70576,1494,2,15
LBX180LA,0.71136,1494,2,15
LBX187LA,0.50768,1494,2,15
LBX194LA,0.71072,1494,2,15
LBXPCBLA,0.48208,1494,2,15
LBXHXCLA,0.2104,1494,2,15
LBX118LA,0.1592,1494,2,15
LBXD03LA,0.18032,1494,2,15
LBXD05LA,0.85056,1494,2,15
LBXD07LA,0.11184,1494,2,15
LBXF03LA,0.13232,1494,2,15
LBXF04LA,0.71856,1494,2,15
LBXF05LA,0.13024,1494,2,15
LBXF08LA,0.38464,1494,2,15
LBX074LA,0.13824,1495,2,15
LBX099LA,0.71728,1495,2,15
LBX138LA,0.2584,1495,2,15
LBX153LA,0.1928,1495,2,15
LBX170LA,0.69376,1495,2,15
LBX180LA,0.2248,1495,2,15
LBX187LA,0.14096,1495,2,15
LBX194LA,0.32848,1495,2,15
LBXPCBLA,0.04464,1495,2,15
LBXHXCLA,0.08064,1495,2,15
LBX118LA,0.20864,1495,2,15
LBXD03LA,0.80304,1495,2,15
LBXD05LA,0.09984,1495,2,15
LBXD07LA,0.1632,1495,2,15
LBXF03LA,0.11744,1495,2,15
LBXF04LA,0.088,1495,2,15
LBXF05LA,0.06688,1495,2,15
LBXF08LA,0.93904,1495,2,15
LBX074LA,0.35328,1496,1,15
LBX099LA,0.71104,1496,1,15
LBX138LA,0.16448,1496,1,15
LBX153LA,0.17264,1496,1,15
LBX170LA,0.1752,1496,1,15
LBX180LA,0.2512,1496,1,15
LBX187LA,0.22704,1496,1,15
LBX194LA,0.82304,1496,1,15
LBXPCBLA,0.19696,1496,1,15
LBXHXCLA,0.23872,1496,1,15
LBX118LA,0.1896,1496,1,15
LBXD03LA,0.16752,1496,1,15
LBXD05LA,0.80896,1496,1,15
LBXD07LA,0.14544,1496,1,15
LBXF03LA,0.10416,1496,1,15
LBXF04LA,0.09264,1496,1,15
LBXF05LA,0.12416,1496,1,15
LBXF08LA,0.19744,1496,1,15
LBX074LA,0.54864,1497,3,15
LBX099LA,0.23824,1497,3,15
LBX138LA,0.08576,1497,3,15
LBX153LA,0.17648,1497,3,15
LBX170LA,0.16208,1497,3,15
LBX180LA,0.08672,1497,3,15
LBX187LA,0.676,1497,3,15
LBX194LA,0.9888,1497,3,15
LBXPCBLA,0.48576,1497,3,15
LBXHXCLA,0.07856,1497,3,15
LBX118LA,0.2752,1497,3,15
LBXD03LA,0.12176,1497,3,15
LBXD05LA,0.11088,1497,3,15
LBXD07LA,0.09136,1497,3,15
LBXF03LA,0.04992,1497,3,15
LBXF04LA,0.98528,1497,3,15
LBXF05LA,0.06912,1497,3,15
LBXF08LA,0.06224,1497,3,15
LBX074LA,0.80064,1498,1,15
LBX099LA,0.16304,1498,1,15
LBX138LA,0.11904000000000001,1498,1,15
LBX153LA,0.13632,1498,1,15
LBX170LA,0.12352,1498,1,15
LBX180LA,0.13712,1498,1,15
LBX187LA,0.10736,1498,1,15
LBX194LA,0.11632,1498,1,15
LBXPCBLA,0.059520000000000003,1498,1,15
LBXHXCLA,0.0984,1498,1,15
LBX118LA,0.11472,1498,1,15
LBXD03LA,0.15296,1498,1,15
LBXD05LA,0.26608,1498,1,15
LBXD07LA,0.6712,1498,1,15
LBXF03LA,0.07824,1498,1,15
LBXF04LA,0.16624,1498,1,15
LBXF05LA,0.0888,1498,1,15
LBXF08LA,0.05696,1498,1,15
LBX074LA,0.17872,1499,2,15
LBX099LA,0.15136,1499,2,15
LBX138LA,0.18688,1499,2,15
LBX153LA,0.26272,1499,2,15
LBX170LA,0.27648,1499,2,15
LBX180LA,0.43296,1499,2,15
LBX187LA,0.2376,1499,2,15
LBX194LA,0.42032,1499,2,15
LBXPCBLA,0.5784,1499,2,15
LBXHXCLA,0.12848,1499,2,15
LBX118LA,0.1616,1499,2,15
LBXD03LA,0.11616,1499,2,15
LBXD05LA,0.1328,1499,2,15
LBXD07LA,0.11104,1499,2,15
LBXF03LA,0.2688,1499,2,15
LBXF04LA,0.95952,1499,2,15
LBXF05LA,0.10768,1499,2,15
LBXF08LA,0.1664,1499,2,15
LBX074LA,0.16416,1500,1,15
LBX099LA,0.09152,1500,1,15
LBX138LA,0.46544,1500,1,15
LBX153LA,0.5344,1500,1,15
LBX170LA,0.19968,1500,1,15
LBX180LA,0.27184,1500,1,15
LBX187LA,0.2664,1500,1,15
LBX194LA,0.1216,1500,1,15
LBXPCBLA,0.20304,1500,1,15
LBXHXCLA,0.10288,1500,1,15
LBX118LA,0.11792,1500,1,15
LBXD03LA,0.99024,1500,1,15
LBXD05LA,0.08672,1500,1,15
LBXD07LA,0.0912,1500,1,15
LBXF03LA,0.07728,1500,1,15
LBXF04LA,0.20416,1500,1,15
LBXF05LA,0.0832,1500,1,15
LBXF08LA,0.99536,1500,1,15
LBX074LA,0.3784,1501,2,16
LBX099LA,0.09824,1501,2,16
LBX138LA,0.22016,1501,2,16
LBX153LA,0.29312,1501,2,16
LBX170LA,0.38096,1501,2,16
LBX180LA,0.37376,1501,2,16
LBX187LA,0.30032,1501,2,16
LBX194LA,0.46432,1501,2,16
LBXPCBLA,0.17232,1501,2,16
LBXHXCLA,0.10688,1501,2,16
LBX118LA,0.64256,1501,2,16
LBXD03LA,0.10368,1501,2,16
LBXD05LA,0.9544,1501,2,16
LBXD07LA,0.6224,1501,2,16
LBXF03LA,0.0696,1501,2,16
LBXF04LA,0.46096,1501,2,16
LBXF05LA,0.09744,1501,2,16
LBXF08LA,0.05568,1501,2,16
LBX074LA,0.87264,1502,2,16
LBX099LA,0.15008,1502,2,16
LBX138LA,0.13168,1502,2,16
LBX153LA,0.1368,1502,2,16
LBX170LA,0.11536,1502,2,16
LBX180LA,0.12064,1502,2,16
LBX187LA,0.11632,1502,2,16
LBX194LA,0.1152,1502,2,16
LBXPCBLA,0.16864,1502,2,16
LBXHXCLA,0.108,1502,2,16
LBX118LA,0.16784,1502,2,16
LBXD03LA,0.10912,1502,2,16
LBXD05LA,0.0848,1502,2,16
LBXD07LA,0.044,1502,2,16
LBXF03LA,0.06592,1502,2,16
LBXF04LA,0.18544,1502,2,16
LBXF05LA,0.07856,1502,2,16
LBXF08LA,0.03792,1502,2,16
LBX074LA,0.25328,1503,2,16
LBX099LA,0.08256,1503,2,16
LBX138LA,0.33312,1503,2,16
LBX153LA,0.12784,1503,2,16
LBX170LA,0.31808,1503,2,16
LBX180LA,0.14992,1503,2,16
LBX187LA,0.06496,1503,2,16
LBX194LA,0.06096,1503,2,16
LBXPCBLA,0.16032,1503,2,16
LBXHXCLA,0.09584,1503,2,16
LBX118LA,0.08512,1503,2,16
LBXD03LA,0.07392,1503,2,16
LBXD05LA,0.03184,1503,2,16
LBXD07LA,0.02128,1503,2,16
LBXF03LA,0.04224,1503,2,16
LBXF04LA,0.20976,1503,2,16
LBXF05LA,0.80176,1503,2,16
LBXF08LA,0.08144,1503,2,16
LBX074LA,0.81632,1504,2,16
LBX099LA,0.088,1504,2,16
LBX138LA,0.1496,1504,2,16
LBX153LA,0.12176,1504,2,16
LBX170LA,0.10208,1504,2,16
LBX180LA,0.12288,1504,2,16
LBX187LA,0.08064,1504,2,16
LBX194LA,0.09328,1504,2,16
LBXPCBLA,0.1392,1504,2,16
LBXHXCLA,0.07808,1504,2,16
LBX118LA,0.21552,1504,2,16
LBXD03LA,0.08784,1504,2,16
LBXD05LA,0.08864,1504,2,16
LBXD07LA,0.97648,1504,2,16
LBXF03LA,0.09776,1504,2,16
LBXF04LA,0.76256,1504,2,16
LBXF05LA,0.252,1504,2,16
LBXF08LA,0.104,1504,2,16
LBX074LA,0.11664,1505,3,16
LBX099LA,0.08368,1505,3,16
LBX138LA,0.11088,1505,3,16
LBX153LA,0.1624,1505,3,16
LBX170LA,0.092,1505,3,16
LBX180LA,0.16048,1505,3,16
LBX187LA,0.10688,1505,3,16
LBX194LA,0.07504,1505,3,16
LBXPCBLA,0.09424,1505,3,16
LBXHXCLA,0.29232,1505,3,16
LBX118LA,0.08976,1505,3,16
LBXD03LA,0.82944,1505,3,16
LBXD05LA,0.82768,1505,3,16
LBXD07LA,0.14976,1505,3,16
LBXF03LA,0.0608,1505,3,16
LBXF04LA,0.34672,1505,3,16
LBXF05LA,0.11296,1505,3,16
LBXF08LA,0.5144,1505,3,16
LBX074LA,0.68255999999999994,1506,4,16
LBX099LA,0.46976,1506,4,16
LBX138LA,0.18368,1506,4,16
LBX153LA,0.16736,1506,4,16
LBX170LA,0.07984,1506,4,16
LBX180LA,0.39328,1506,4,16
LBX187LA,0.07136,1506,4,16
LBX194LA,0.08224,1506,4,16
LBXPCBLA,0.98496,1506,4,16
LBXHXCLA,0.03776,1506,4,16
LBX118LA,0.20752,1506,4,16
LBXD03LA,0.08208,1506,4,16
LBXD05LA,0.03712,1506,4,16
LBXD07LA,0.12256,1506,4,16
LBXF03LA,0.04832,1506,4,16
LBXF04LA,0.60592,1506,4,16
LBXF05LA,0.08336,1506,4,16
LBXF08LA,0.03344,1506,4,16
LBX074LA,0.1568,1507,1,16
LBX099LA,0.12656,1507,1,16
LBX138LA,0.12448,1507,1,16
LBX153LA,0.14624,1507,1,16
LBX170LA,0.19472,1507,1,16
LBX180LA,0.1552,1507,1,16
LBX187LA,0.15248,1507,1,16
LBX194LA,0.6576,1507,1,16
LBXPCBLA,0.06576,1507,1,16
LBXHXCLA,0.07456,1507,1,16
LBX118LA,0.25456,1507,1,16
LBXD03LA,0.29856,1507,1,16
LBXD05LA,0.50992,1507,1,16
LBXD07LA,0.11728,1507,1,16
LBXF03LA,0.07376,1507,1,16
LBXF04LA,0.33072,1507,1,16
LBXF05LA,0.09984,1507,1,16
LBXF08LA,0.17264,1507,1,16
LBX074LA,0.48576,1508,1,16
LBX099LA,0.73072,1508,1,16
LBX138LA,0.15328,1508,1,16
LBX153LA,0.22144,1508,1,16
LBX170LA,0.29504,1508,1,16
LBX180LA,0.15776,1508,1,16
LBX187LA,0.19008,1508,1,16
LBX194LA,0.65488,1508,1,16
LBXPCBLA,0.068,1508,1,16
LBXHXCLA,0.13504,1508,1,16
LBX118LA,0.22144,1508,1,16
LBXD03LA,0.09632,1508,1,16
LBXD05LA,0.53264,1508,1,16
LBXD07LA,0.12128,1508,1,16
LBXF03LA,0.12848,1508,1,16
LBXF04LA,0.15792,1508,1,16
LBXF05LA,0.08496,1508,1,16
LBXF08LA,0.20432,1508,1,16
LBX074LA,0.86224,1509,2,16
LBX099LA,0.19808,1509,2,16
LBX138LA,0.15808,1509,2,16
LBX153LA,0.15584,1509,2,16
LBX170LA,0.1672,1509,2,16
LBX180LA,0.156,1509,2,16
LBX187LA,0.61776,1509,2,16
LBX194LA,0.60112,1509,2,16
LBXPCBLA,0.06064,1509,2,16
LBXHXCLA,0.07488,1509,2,16
LBX118LA,0.38,1509,2,16
LBXD03LA,0.07536,1509,2,16
LBXD05LA,0.25968,1509,2,16
LBXD07LA,0.0456,1509,2,16
LBXF03LA,0.05664,1509,2,16
LBXF04LA,0.47872,1509,2,16
LBXF05LA,0.07376,1509,2,16
LBXF08LA,0.072,1509,2,16
LBX074LA,0.18352,1510,1,16
LBX099LA,0.1088,1510,1,16
LBX138LA,0.21184,1510,1,16
LBX153LA,0.19952,1510,1,16
LBX170LA,0.61696,1510,1,16
LBX180LA,0.24384,1510,1,16
LBX187LA,0.23984,1510,1,16
LBX194LA,0.19024,1510,1,16
LBXPCBLA,0.07344,1510,1,16
LBXHXCLA,0.1224,1510,1,16
LBX118LA,0.13904,1510,1,16
LBXD03LA,0.10704,1510,1,16
LBXD05LA,0.112,1510,1,16
LBXD07LA,0.15824,1510,1,16
LBXF03LA,0.19024,1510,1,16
LBXF04LA,0.20784,1510,1,16
LBXF05LA,0.24752,1510,1,16
LBXF08LA,0.11584,1510,1,16
LBX074LA,0.10272,1511,1,16
LBX099LA,0.10416,1511,1,16
LBX138LA,0.14112,1511,1,16
LBX153LA,0.18672,1511,1,16
LBX170LA,0.5032,1511,1,16
LBX180LA,0.42064,1511,1,16
LBX187LA,0.23136,1511,1,16
LBX194LA,0.13888,1511,1,16
LBXPCBLA,0.20672,1511,1,16
LBXHXCLA,0.15936,1511,1,16
LBX118LA,0.15776,1511,1,16
LBXD03LA,0.14016,1511,1,16
LBXD05LA,0.69744,1511,1,16
LBXD07LA,0.25248,1511,1,16
LBXF03LA,0.11264,1511,1,16
LBXF04LA,0.11584,1511,1,16
LBXF05LA,0.19968,1511,1,16
LBXF08LA,0.09856,1511,1,16
LBX074LA,0.44512,1512,3,16
LBX099LA,0.42688,1512,3,16
LBX138LA,0.22544,1512,3,16
LBX153LA,0.15168,1512,3,16
LBX170LA,0.13088,1512,3,16
LBX180LA,0.17808,1512,3,16
LBX187LA,0.14464,1512,3,16
LBX194LA,0.1168,1512,3,16
LBXPCBLA,0.25376,1512,3,16
LBXHXCLA,0.25824,1512,3,16
LBX118LA,0.2056,1512,3,16
LBXD03LA,0.31264,1512,3,16
LBXD05LA,0.12752,1512,3,16
LBXD07LA,0.20016,1512,3,16
LBXF03LA,0.1864,1512,3,16
LBXF04LA,0.25488,1512,3,16
LBXF05LA,0.95504,1512,3,16
LBXF08LA,0.11152,1512,3,16
LBX074LA,0.57648,1513,1,16
LBX099LA,0.15472,1513,1,16
LBX138LA,0.18304,1513,1,16
LBX153LA,0.15184,1513,1,16
LBX170LA,0.2184,1513,1,16
LBX180LA,0.1648,1513,1,16
LBX187LA,0.37008,1513,1,16
LBX194LA,0.13648,1513,1,16
LBXPCBLA,0.0984,1513,1,16
LBXHXCLA,0.1272,1513,1,16
LBX118LA,0.3544,1513,1,16
LBXD03LA,0.11616,1513,1,16
LBXD05LA,0.66528,1513,1,16
LBXD07LA,0.27664,1513,1,16
LBXF03LA,0.2232,1513,1,16
LBXF04LA,0.16272,1513,1,16
LBXF05LA,0.18656,1513,1,16
LBXF08LA,0.29936,1513,1,16
LBX074LA,0.93168,1514,1,16
LBX099LA,0.14272,1514,1,16
LBX138LA,0.26304,1514,1,16
LBX153LA,0.52192,1514,1,16
LBX170LA,0.13072,1514,1,16
LBX180LA,0.15488,1514,1,16
LBX187LA,0.12256,1514,1,16
LBX194LA,0.12624,1514,1,16
LBXPCBLA,0.1368,1514,1,16
LBXHXCLA,0.28352,1514,1,16
LBX118LA,0.28496,1514,1,16
LBXD03LA,0.12032,1514,1,16
LBXD05LA,0.1488,1514,1,16
LBXD07LA,0.42336,1514,1,16
LBXF03LA,0.64384,1514,1,16
LBXF04LA,0.13984,1514,1,16
LBXF05LA,0.14704,1514,1,16
LBXF08LA,0.08,1514,1,16
LBX074LA,0.27568,1515,2,16
LBX099LA,0.13952,1515,2,16
LBX138LA,0.20576,1515,2,16
LBX153LA,0.2632,1515,2,16
LBX170LA,0.16784,1515,2,16
LBX180LA,0.2128,1515,2,16
LBX187LA,0.1608,1515,2,16
LBX194LA,0.10048,1515,2,16
LBXPCBLA,0.13232,1515,2,16
LBXHXCLA,0.1096,1515,2,16
LBX118LA,0.82464,1515,2,16
LBXD03LA,0.0856,1515,2,16
LBXD05LA,0.17408,1515,2,16
LBXD07LA,0.08512,1515,2,16
LBXF03LA,0.14,1515,2,16
LBXF04LA,0.21616,1515,2,16
LBXF05LA,0.67632,1515,2,16
LBXF08LA,0.04464,1515,2,16
LBX074LA,0.31568,1516,2,16
LBX099LA,0.22448,1516,2,16
LBX138LA,0.26656,1516,2,16
LBX153LA,0.39584,1516,2,16
LBX170LA,0.33344,1516,2,16
LBX180LA,0.21232,1516,2,16
LBX187LA,0.21792,1516,2,16
LBX194LA,0.17232,1516,2,16
LBXPCBLA,0.31312,1516,2,16
LBXHXCLA,0.39712,1516,2,16
LBX118LA,0.81552,1516,2,16
LBXD03LA,0.29456,1516,2,16
LBXD05LA,0.4032,1516,2,16
LBXD07LA,0.81488,1516,2,16
LBXF03LA,0.10576,1516,2,16
LBXF04LA,0.65808,1516,2,16
LBXF05LA,0.17904,1516,2,16
LBXF08LA,0.07824,1516,2,16
LBX074LA,0.28864,1517,3,16
LBX099LA,0.17136,1517,3,16
LBX138LA,0.38224,1517,3,16
LBX153LA,0.27728,1517,3,16
LBX170LA,0.45008,1517,3,16
LBX180LA,0.17984,1517,3,16
LBX187LA,0.2592,1517,3,16
LBX194LA,0.9464,1517,3,16
LBXPCBLA,0.80272,1517,3,16
LBXHXCLA,0.2648,1517,3,16
LBX118LA,0.79856,1517,3,16
LBXD03LA,0.18576,1517,3,16
LBXD05LA,0.13344,1517,3,16
LBXD07LA,0.28848,1517,3,16
LBXF03LA,0.08304,1517,3,16
LBXF04LA,0.9856,1517,3,16
LBXF05LA,0.72944,1517,3,16
LBXF08LA,0.36896,1517,3,16
LBX074LA,0.0736,1518,4,16
LBX099LA,0.64256,1518,4,16
LBX138LA,0.0992,1518,4,16
LBX153LA,0.11616,1518,4,16
LBX170LA,0.78688,1518,4,16
LBX180LA,0.21536,1518,4,16
LBX187LA,0.11392,1518,4,16
LBX194LA,0.30608,1518,4,16
LBXPCBLA,0.30272,1518,4,16
LBXHXCLA,0.05904,1518,4,16
LBX118LA,0.12832,1518,4,16
LBXD03LA,0.07456,1518,4,16
LBXD05LA,0.13488,1518,4,16
LBXD07LA,0.69072,1518,4,16
LBXF03LA,0.09712,1518,4,16
LBXF04LA,0.98656,1518,4,16
LBXF05LA,0.05008,1518,4,16
LBXF08LA,0.0544,1518,4,16
LBX074LA,0.27776,1519,4,16
LBX099LA,0.11008,1519,4,16
LBX138LA,0.08528,1519,4,16
LBX153LA,0.25776,1519,4,16
LBX170LA,0.07728,1519,4,16
LBX180LA,0.104,1519,4,16
LBX187LA,0.44656,1519,4,16
LBX194LA,0.58304,1519,4,16
LBXPCBLA,0.07504,1519,4,16
LBXHXCLA,0.13952,1519,4,16
LBX118LA,0.06848,1519,4,16
LBXD03LA,0.04416,1519,4,16
LBXD05LA,0.27392,1519,4,16
LBXD07LA,0.0832,1519,4,16
LBXF03LA,0.03312,1519,4,16
LBXF04LA,0.07232,1519,4,16
LBXF05LA,0.04016,1519,4,16
LBXF08LA,0.0424,1519,4,16
LBX074LA,0.216,1520,3,16
LBX099LA,0.09168,1520,3,16
LBX138LA,0.13856,1520,3,16
LBX153LA,0.18912,1520,3,16
LBX170LA,0.24752,1520,3,16
LBX180LA,0.15776,1520,3,16
LBX187LA,0.15024,1520,3,16
LBX194LA,0.78576,1520,3,16
LBXPCBLA,0.10208,1520,3,16
LBXHXCLA,0.49504,1520,3,16
LBX118LA,0.11424,1520,3,16
LBXD03LA,0.3832,1520,3,16
LBXD05LA,0.5184,1520,3,16
LBXD07LA,0.65328,1520,3,16
LBXF03LA,0.3136,1520,3,16
LBXF04LA,0.15632,1520,3,16
LBXF05LA,0.10544,1520,3,16
LBXF08LA,0.07872,1520,3,16
LBX074LA,0.03856,1521,2,16
LBX099LA,0.04256,1521,2,16
LBX138LA,0.10416,1521,2,16
LBX153LA,0.12672,1521,2,16
LBX170LA,0.19968,1521,2,16
LBX180LA,0.55184,1521,2,16
LBX187LA,0.1024,1521,2,16
LBX194LA,0.49408,1521,2,16
LBXPCBLA,0.06848,1521,2,16
LBXHXCLA,0.0824,1521,2,16
LBX118LA,0.09296,1521,2,16
LBXD03LA,0.09024,1521,2,16
LBXD05LA,0.0544,1521,2,16
LBXD07LA,0.03712,1521,2,16
LBXF03LA,0.05088,1521,2,16
LBXF04LA,0.98928,1521,2,16
LBXF05LA,0.04384,1521,2,16
LBXF08LA,0.84336,1521,2,16
LBX074LA,0.22752,1522,2,16
LBX099LA,0.07792,1522,2,16
LBX138LA,0.1256,1522,2,16
LBX153LA,0.43824,1522,2,16
LBX170LA,0.16144,1522,2,16
LBX180LA,0.28448,1522,2,16
LBX187LA,0.17712,1522,2,16
LBX194LA,0.91088,1522,2,16
LBXPCBLA,0.10832,1522,2,16
LBXHXCLA,0.23952,1522,2,16
LBX118LA,0.44976,1522,2,16
LBXD03LA,0.46096,1522,2,16
LBXD05LA,0.05792,1522,2,16
LBXD07LA,0.06256,1522,2,16
LBXF03LA,0.08112,1522,2,16
LBXF04LA,0.76384,1522,2,16
LBXF05LA,0.19792,1522,2,16
LBXF08LA,0.06416,1522,2,16
LBX074LA,0.20144,1523,1,16
LBX099LA,0.11168,1523,1,16
LBX138LA,0.13776,1523,1,16
LBX153LA,0.15088,1523,1,16
LBX170LA,0.18288,1523,1,16
LBX180LA,0.1664,1523,1,16
LBX187LA,0.16896,1523,1,16
LBX194LA,0.91872,1523,1,16
LBXPCBLA,0.13968,1523,1,16
LBXHXCLA,0.15648,1523,1,16
LBX118LA,0.14416,1523,1,16
LBXD03LA,0.1928,1523,1,16
LBXD05LA,0.1192,1523,1,16
LBXD07LA,0.15104,1523,1,16
LBXF03LA,0.09216,1523,1,16
LBXF04LA,0.13904,1523,1,16
LBXF05LA,0.14608,1523,1,16
LBXF08LA,0.08448,1523,1,16
LBX074LA,0.9384,1524,3,16
LBX099LA,0.17792,1524,3,16
LBX138LA,0.07376,1524,3,16
LBX153LA,0.09136,1524,3,16
LBX170LA,0.084,1524,3,16
LBX180LA,0.10112,1524,3,16
LBX187LA,0.16528,1524,3,16
LBX194LA,0.15424,1524,3,16
LBXPCBLA,0.68208,1524,3,16
LBXHXCLA,0.04512,1524,3,16
LBX118LA,0.32592,1524,3,16
LBXD03LA,0.15792,1524,3,16
LBXD05LA,0.91712,1524,3,16
LBXD07LA,0.144,1524,3,16
LBXF03LA,0.14496,1524,3,16
LBXF04LA,0.05696,1524,3,16
LBXF05LA,0.17792,1524,3,16
LBXF08LA,0.05408,1524,3,16
LBX074LA,0.10688,1525,1,16
LBX099LA,0.0976,1525,1,16
LBX138LA,0.13584,1525,1,16
LBX153LA,0.14512,1525,1,16
LBX170LA,0.17968,1525,1,16
LBX180LA,0.13184,1525,1,16
LBX187LA,0.1432,1525,1,16
LBX194LA,0.3952,1525,1,16
LBXPCBLA,0.39552,1525,1,16
LBXHXCLA,0.1248,1525,1,16
LBX118LA,0.15984,1525,1,16
LBXD03LA,0.09136,1525,1,16
LBXD05LA,0.34896,1525,1,16
LBXD07LA,0.10128,1525,1,16
LBXF03LA,0.07248,1525,1,16
LBXF04LA,0.08064,1525,1,16
LBXF05LA,0.07568,1525,1,16
LBXF08LA,0.052,1525,1,16
LBX074LA,0.45936,1526,2,16
LBX099LA,0.13872,1526,2,16
LBX138LA,0.20608,1526,2,16
LBX153LA,0.24176,1526,2,16
LBX170LA,0.59184,1526,2,16
LBX180LA,0.78144,1526,2,16
LBX187LA,0.19456,1526,2,16
LBX194LA,0.2344,1526,2,16
LBXPCBLA,0.32368,1526,2,16
LBXHXCLA,0.27808,1526,2,16
LBX118LA,0.37536,1526,2,16
LBXD03LA,0.31792,1526,2,16
LBXD05LA,0.68864,1526,2,16
LBXD07LA,0.7264,1526,2,16
LBXF03LA,0.09152,1526,2,16
LBXF04LA,0.84688,1526,2,16
LBXF05LA,0.18512,1526,2,16
LBXF08LA,0.10928,1526,2,16
LBX074LA,0.24736,1527,3,16
LBX099LA,0.07392,1527,3,16
LBX138LA,0.0672,1527,3,16
LBX153LA,0.1344,1527,3,16
LBX170LA,0.1448,1527,3,16
LBX180LA,0.1472,1527,3,16
LBX187LA,0.86912,1527,3,16
LBX194LA,0.17952,1527,3,16
LBXPCBLA,0.14448,1527,3,16
LBXHXCLA,0.30768,1527,3,16
LBX118LA,0.05216,1527,3,16
LBXD03LA,0.23168,1527,3,16
LBXD05LA,0.23104,1527,3,16
LBXD07LA,0.76928,1527,3,16
LBXF03LA,0.09616,1527,3,16
LBXF04LA,0.98864,1527,3,16
LBXF05LA,0.20704,1527,3,16
LBXF08LA,0.06368,1527,3,16
LBX074LA,0.08496,1528,3,16
LBX099LA,0.39888,1528,3,16
LBX138LA,0.24816,1528,3,16
LBX153LA,0.168,1528,3,16
LBX170LA,0.2552,1528,3,16
LBX180LA,0.16,1528,3,16
LBX187LA,0.24048,1528,3,16
LBX194LA,0.31792,1528,3,16
LBXPCBLA,0.02848,1528,3,16
LBXHXCLA,0.0536,1528,3,16
LBX118LA,0.18624,1528,3,16
LBXD03LA,0.03984,1528,3,16
LBXD05LA,0.20992,1528,3,16
LBXD07LA,0.0216,1528,3,16
LBXF03LA,0.0312,1528,3,16
LBXF04LA,0.03776,1528,3,16
LBXF05LA,0.13168,1528,3,16
LBXF08LA,0.06848,1528,3,16
LBX074LA,0.06704,1529,4,16
LBX099LA,0.03856,1529,4,16
LBX138LA,0.02608,1529,4,16
LBX153LA,0.03344,1529,4,16
LBX170LA,0.06448,1529,4,16
LBX180LA,0.01568,1529,4,16
LBX187LA,0.02464,1529,4,16
LBX194LA,0.09344,1529,4,16
LBXPCBLA,0.01088,1529,4,16
LBXHXCLA,0.04704,1529,4,16
LBX118LA,0.02576,1529,4,16
LBXD03LA,0.42256,1529,4,16
LBXD05LA,0.05456,1529,4,16
LBXD07LA,0.01392,1529,4,16
LBXF03LA,0.92816,1529,4,16
LBXF04LA,0.03232,1529,4,16
LBXF05LA,0.09888,1529,4,16
LBXF08LA,0.03888,1529,4,16
LBX074LA,0.188,1530,1,16
LBX099LA,0.1224,1530,1,16
LBX138LA,0.16832,1530,1,16
LBX153LA,0.21728,1530,1,16
LBX170LA,0.16032,1530,1,16
LBX180LA,0.20896,1530,1,16
LBX187LA,0.1488,1530,1,16
LBX194LA,0.29904,1530,1,16
LBXPCBLA,0.12608,1530,1,16
LBXHXCLA,0.25456,1530,1,16
LBX118LA,0.80624,1530,1,16
LBXD03LA,0.53024,1530,1,16
LBXD05LA,0.2744,1530,1,16
LBXD07LA,0.1176,1530,1,16
LBXF03LA,0.0896,1530,1,16
LBXF04LA,0.10384,1530,1,16
LBXF05LA,0.12368,1530,1,16
LBXF08LA,0.17744,1530,1,16
LBX074LA,0.20048,1531,1,16
LBX099LA,0.17712,1531,1,16
LBX138LA,0.67888,1531,1,16
LBX153LA,0.4136,1531,1,16
LBX170LA,0.51536,1531,1,16
LBX180LA,0.33584,1531,1,16
LBX187LA,0.20176,1531,1,16
LBX194LA,0.18576,1531,1,16
LBXPCBLA,0.2168,1531,1,16
LBXHXCLA,0.3536,1531,1,16
LBX118LA,0.87312,1531,1,16
LBXD03LA,0.53616,1531,1,16
LBXD05LA,0.1224,1531,1,16
LBXD07LA,0.11632,1531,1,16
LBXF03LA,0.21328,1531,1,16
LBXF04LA,0.31248,1531,1,16
LBXF05LA,0.21408,1531,1,16
LBXF08LA,0.21984,1531,1,16
LBX074LA,0.29312,1532,3,16
LBX099LA,0.06608,1532,3,16
LBX138LA,0.28752,1532,3,16
LBX153LA,0.55968,1532,3,16
LBX170LA,0.18128,1532,3,16
LBX180LA,0.19184,1532,3,16
LBX187LA,0.18592,1532,3,16
LBX194LA,0.17408,1532,3,16
LBXPCBLA,0.05328,1532,3,16
LBXHXCLA,0.08464,1532,3,16
LBX118LA,0.13152,1532,3,16
LBXD03LA,0.1464,1532,3,16
LBXD05LA,0.20304,1532,3,16
LBXD07LA,0.31968,1532,3,16
LBXF03LA,0.10928,1532,3,16
LBXF04LA,0.1872,1532,3,16
LBXF05LA,0.23728,1532,3,16
LBXF08LA,0.09536,1532,3,16
LBX074LA,0.77552,1533,1,16
LBX099LA,0.10944,1533,1,16
LBX138LA,0.09264,1533,1,16
LBX153LA,0.13024,1533,1,16
LBX170LA,0.17776,1533,1,16
LBX180LA,0.1256,1533,1,16
LBX187LA,0.13952,1533,1,16
LBX194LA,0.09248,1533,1,16
LBXPCBLA,0.39648,1533,1,16
LBXHXCLA,0.12896,1533,1,16
LBX118LA,0.11984,1533,1,16
LBXD03LA,0.09344,1533,1,16
LBXD05LA,0.12368,1533,1,16
LBXD07LA,0.0504,1533,1,16
LBXF03LA,0.08512,1533,1,16
LBXF04LA,0.059520000000000003,1533,1,16
LBXF05LA,0.07568,1533,1,16
LBXF08LA,0.0472,1533,1,16
LBX074LA,0.12032,1534,2,16
LBX099LA,0.15856,1534,2,16
LBX138LA,0.29904,1534,2,16
LBX153LA,0.25392,1534,2,16
LBX170LA,0.38592,1534,2,16
LBX180LA,0.3728,1534,2,16
LBX187LA,0.38096,1534,2,16
LBX194LA,0.29584,1534,2,16
LBXPCBLA,0.25904,1534,2,16
LBXHXCLA,0.26464,1534,2,16
LBX118LA,0.19008,1534,2,16
LBXD03LA,0.24144,1534,2,16
LBXD05LA,0.2592,1534,2,16
LBXD07LA,0.12144,1534,2,16
LBXF03LA,0.17376,1534,2,16
LBXF04LA,0.79824,1534,2,16
LBXF05LA,0.3728,1534,2,16
LBXF08LA,0.17536,1534,2,16
LBX074LA,0.13904,1535,3,16
LBX099LA,0.08496,1535,3,16
LBX138LA,0.20848,1535,3,16
LBX153LA,0.11568,1535,3,16
LBX170LA,0.1,1535,3,16
LBX180LA,0.08512,1535,3,16
LBX187LA,0.08752,1535,3,16
LBX194LA,0.90368,1535,3,16
LBXPCBLA,0.40064,1535,3,16
LBXHXCLA,0.13696,1535,3,16
LBX118LA,0.08128,1535,3,16
LBXD03LA,0.5992,1535,3,16
LBXD05LA,0.05088,1535,3,16
LBXD07LA,0.16368,1535,3,16
LBXF03LA,0.04512,1535,3,16
LBXF04LA,0.51424,1535,3,16
LBXF05LA,0.70432,1535,3,16
LBXF08LA,0.06496,1535,3,16
LBX074LA,0.06816,1536,1,16
LBX099LA,0.07472,1536,1,16
LBX138LA,0.10496,1536,1,16
LBX153LA,0.12208,1536,1,16
LBX170LA,0.14368,1536,1,16
LBX180LA,0.10944,1536,1,16
LBX187LA,0.27056,1536,1,16
LBX194LA,0.51264,1536,1,16
LBXPCBLA,0.0536,1536,1,16
LBXHXCLA,0.09168,1536,1,16
LBX118LA,0.0848,1536,1,16
LBXD03LA,0.48304,1536,1,16
LBXD05LA,0.3472,1536,1,16
LBXD07LA,0.216,1536,1,16
LBXF03LA,0.09808,1536,1,16
LBXF04LA,0.07568,1536,1,16
LBXF05LA,0.14976,1536,1,16
LBXF08LA,0.22848,1536,1,16
LBX074LA,0.0528,1537,3,16
LBX099LA,0.08928,1537,3,16
LBX138LA,0.14656,1537,3,16
LBX153LA,0.19616,1537,3,16
LBX170LA,0.42448,1537,3,16
LBX180LA,0.22432,1537,3,16
LBX187LA,0.1488,1537,3,16
LBX194LA,0.16512,1537,3,16
LBXPCBLA,0.0696,1537,3,16
LBXHXCLA,0.58688,1537,3,16
LBX118LA,0.12304,1537,3,16
LBXD03LA,0.28144,1537,3,16
LBXD05LA,0.09488,1537,3,16
LBXD07LA,0.04528,1537,3,16
LBXF03LA,0.55504,1537,3,16
LBXF04LA,0.81136,1537,3,16
LBXF05LA,0.2592,1537,3,16
LBXF08LA,0.06368,1537,3,16
LBX074LA,0.94976,1538,3,16
LBX099LA,0.0488,1538,3,16
LBX138LA,0.0536,1538,3,16
LBX153LA,0.05504,1538,3,16
LBX170LA,0.05904,1538,3,16
LBX180LA,0.06624,1538,3,16
LBX187LA,0.0408,1538,3,16
LBX194LA,0.0296,1538,3,16
LBXPCBLA,0.03408,1538,3,16
LBXHXCLA,0.29952,1538,3,16
LBX118LA,0.06272,1538,3,16
LBXD03LA,0.19728,1538,3,16
LBXD05LA,0.19488,1538,3,16
LBXD07LA,0.95952,1538,3,16
LBXF03LA,0.03936,1538,3,16
LBXF04LA,0.2304,1538,3,16
LBXF05LA,0.04688,1538,3,16
LBXF08LA,0.08112,1538,3,16
LBX074LA,0.23552,1539,1,16
LBX099LA,0.29536,1539,1,16
LBX138LA,0.25424,1539,1,16
LBX153LA,0.16528,1539,1,16
LBX170LA,0.14464,1539,1,16
LBX180LA,0.14848,1539,1,16
LBX187LA,0.204,1539,1,16
LBX194LA,0.108,1539,1,16
LBXPCBLA,0.30112,1539,1,16
LBXHXCLA,0.13936,1539,1,16
LBX118LA,0.23664,1539,1,16
LBXD03LA,0.2376,1539,1,16
LBXD05LA,0.1544,1539,1,16
LBXD07LA,0.14208,1539,1,16
LBXF03LA,0.10784,1539,1,16
LBXF04LA,0.45008,1539,1,16
LBXF05LA,0.11856,1539,1,16
LBXF08LA,0.11488,1539,1,16
LBX074LA,0.40544,1540,2,16
LBX099LA,0.13104,1540,2,16
LBX138LA,0.14528,1540,2,16
LBX153LA,0.2256,1540,2,16
LBX170LA,0.37568,1540,2,16
LBX180LA,0.19376,1540,2,16
LBX187LA,0.3624,1540,2,16
LBX194LA,0.29552,1540,2,16
LBXPCBLA,0.08896,1540,2,16
LBXHXCLA,0.12496,1540,2,16
LBX118LA,0.1384,1540,2,16
LBXD03LA,0.14144,1540,2,16
LBXD05LA,0.28128,1540,2,16
LBXD07LA,0.23168,1540,2,16
LBXF03LA,0.13536,1540,2,16
LBXF04LA,0.64896,1540,2,16
LBXF05LA,0.16736,1540,2,16
LBXF08LA,0.13264,1540,2,16
LBX074LA,0.03088,1541,3,16
LBX099LA,0.1312,1541,3,16
LBX138LA,0.25552,1541,3,16
LBX153LA,0.15664,1541,3,16
LBX170LA,0.13632,1541,3,16
LBX180LA,0.44544,1541,3,16
LBX187LA,0.4224,1541,3,16
LBX194LA,0.19888,1541,3,16
LBXPCBLA,0.03296,1541,3,16
LBXHXCLA,0.09328,1541,3,16
LBX118LA,0.08,1541,3,16
LBXD03LA,0.24976,1541,3,16
LBXD05LA,0.2136,1541,3,16
LBXD07LA,0.0304,1541,3,16
LBXF03LA,0.04944,1541,3,16
LBXF04LA,0.67312,1541,3,16
LBXF05LA,0.16672,1541,3,16
LBXF08LA,0.0296,1541,3,16
LBX074LA,0.26272,1542,2,16
LBX099LA,0.16224,1542,2,16
LBX138LA,0.13936,1542,2,16
LBX153LA,0.12608,1542,2,16
LBX170LA,0.61216,1542,2,16
LBX180LA,0.33552,1542,2,16
LBX187LA,0.10976,1542,2,16
LBX194LA,0.14528,1542,2,16
LBXPCBLA,0.3512,1542,2,16
LBXHXCLA,0.12528,1542,2,16
LBX118LA,0.09296,1542,2,16
LBXD03LA,0.29712,1542,2,16
LBXD05LA,0.60208,1542,2,16
LBXD07LA,0.07152,1542,2,16
LBXF03LA,0.03376,1542,2,16
LBXF04LA,0.86816,1542,2,16
LBXF05LA,0.072,1542,2,16
LBXF08LA,0.03264,1542,2,16
LBX074LA,0.2312,1543,3,16
LBX099LA,0.14512,1543,3,16
LBX138LA,0.16768,1543,3,16
LBX153LA,0.18016,1543,3,16
LBX170LA,0.38416,1543,3,16
LBX180LA,0.22544,1543,3,16
LBX187LA,0.5352,1543,3,16
LBX194LA,0.95808,1543,3,16
LBXPCBLA,0.10944,1543,3,16
LBXHXCLA,0.14208,1543,3,16
LBX118LA,0.71424,1543,3,16
LBXD03LA,0.484,1543,3,16
LBXD05LA,0.47008,1543,3,16
LBXD07LA,0.25072,1543,3,16
LBXF03LA,0.32144,1543,3,16
LBXF04LA,0.47184,1543,3,16
LBXF05LA,0.21264,1543,3,16
LBXF08LA,0.37696,1543,3,16
LBX074LA,0.16304,1544,1,16
LBX099LA,0.07424,1544,1,16
LBX138LA,0.10752,1544,1,16
LBX153LA,0.11104,1544,1,16
LBX170LA,0.34976,1544,1,16
LBX180LA,0.16688,1544,1,16
LBX187LA,0.11264,1544,1,16
LBX194LA,0.724,1544,1,16
LBXPCBLA,0.11568,1544,1,16
LBXHXCLA,0.08528,1544,1,16
LBX118LA,0.13568,1544,1,16
LBXD03LA,0.09184,1544,1,16
LBXD05LA,0.1464,1544,1,16
LBXD07LA,0.148,1544,1,16
LBXF03LA,0.22768,1544,1,16
LBXF04LA,0.25376,1544,1,16
LBXF05LA,0.14208,1544,1,16
LBXF08LA,0.06,1544,1,16
LBX074LA,0.13536,1545,2,16
LBX099LA,0.2808,1545,2,16
LBX138LA,0.3328,1545,2,16
LBX153LA,0.21376,1545,2,16
LBX170LA,0.38368,1545,2,16
LBX180LA,0.21504,1545,2,16
LBX187LA,0.58896,1545,2,16
LBX194LA,0.184,1545,2,16
LBXPCBLA,0.48736,1545,2,16
LBXHXCLA,0.14608,1545,2,16
LBX118LA,0.71856,1545,2,16
LBXD03LA,0.1528,1545,2,16
LBXD05LA,0.23744,1545,2,16
LBXD07LA,0.64976,1545,2,16
LBXF03LA,0.08704,1545,2,16
LBXF04LA,0.9832,1545,2,16
LBXF05LA,0.1072,1545,2,16
LBXF08LA,0.09056,1545,2,16
LBX074LA,0.31552,1546,2,16
LBX099LA,0.2632,1546,2,16
LBX138LA,0.18656,1546,2,16
LBX153LA,0.18304,1546,2,16
LBX170LA,0.556,1546,2,16
LBX180LA,0.26,1546,2,16
LBX187LA,0.6384,1546,2,16
LBX194LA,0.48,1546,2,16
LBXPCBLA,0.20384,1546,2,16
LBXHXCLA,0.43552,1546,2,16
LBX118LA,0.43392,1546,2,16
LBXD03LA,0.4712,1546,2,16
LBXD05LA,0.52912,1546,2,16
LBXD07LA,0.34608,1546,2,16
LBXF03LA,0.10992,1546,2,16
LBXF04LA,0.31584,1546,2,16
LBXF05LA,0.09008,1546,2,16
LBXF08LA,0.08736,1546,2,16
LBX074LA,0.25248,1547,1,16
LBX099LA,0.21776,1547,1,16
LBX138LA,0.21984,1547,1,16
LBX153LA,0.3216,1547,1,16
LBX170LA,0.12,1547,1,16
LBX180LA,0.1336,1547,1,16
LBX187LA,0.10768,1547,1,16
LBX194LA,0.1144,1547,1,16
LBXPCBLA,0.06256,1547,1,16
LBXHXCLA,0.10816,1547,1,16
LBX118LA,0.26528,1547,1,16
LBXD03LA,0.09024,1547,1,16
LBXD05LA,0.64816,1547,1,16
LBXD07LA,0.43744,1547,1,16
LBXF03LA,0.05728,1547,1,16
LBXF04LA,0.08304,1547,1,16
LBXF05LA,0.09104,1547,1,16
LBXF08LA,0.07152,1547,1,16
LBX074LA,0.3488,1548,2,16
LBX099LA,0.22736,1548,2,16
LBX138LA,0.0952,1548,2,16
LBX153LA,0.11968,1548,2,16
LBX170LA,0.11648,1548,2,16
LBX180LA,0.11344,1548,2,16
LBX187LA,0.08144,1548,2,16
LBX194LA,0.07904,1548,2,16
LBXPCBLA,0.05984,1548,2,16
LBXHXCLA,0.05136,1548,2,16
LBX118LA,0.21248,1548,2,16
LBXD03LA,0.07632,1548,2,16
LBXD05LA,0.2568,1548,2,16
LBXD07LA,0.14336,1548,2,16
LBXF03LA,0.04736,1548,2,16
LBXF04LA,0.96544,1548,2,16
LBXF05LA,0.14224,1548,2,16
LBXF08LA,0.09952,1548,2,16
LBX074LA,0.91968,1549,2,16
LBX099LA,0.12416,1549,2,16
LBX138LA,0.25424,1549,2,16
LBX153LA,0.36624,1549,2,16
LBX170LA,0.2496,1549,2,16
LBX180LA,0.15856,1549,2,16
LBX187LA,0.17056,1549,2,16
LBX194LA,0.32048,1549,2,16
LBXPCBLA,0.07776,1549,2,16
LBXHXCLA,0.13168,1549,2,16
LBX118LA,0.75616,1549,2,16
LBXD03LA,0.1648,1549,2,16
LBXD05LA,0.38064,1549,2,16
LBXD07LA,0.07904,1549,2,16
LBXF03LA,0.068,1549,2,16
LBXF04LA,0.65616,1549,2,16
LBXF05LA,0.5656,1549,2,16
LBXF08LA,0.08736,1549,2,16
LBX074LA,0.524,1550,3,16
LBX099LA,0.39008,1550,3,16
LBX138LA,0.15328,1550,3,16
LBX153LA,0.1072,1550,3,16
LBX170LA,0.20944,1550,3,16
LBX180LA,0.13536,1550,3,16
LBX187LA,0.41248,1550,3,16
LBX194LA,0.86048,1550,3,16
LBXPCBLA,0.18336,1550,3,16
LBXHXCLA,0.14928,1550,3,16
LBX118LA,0.51824,1550,3,16
LBXD03LA,0.33232,1550,3,16
LBXD05LA,0.13472,1550,3,16
LBXD07LA,0.1872,1550,3,16
LBXF03LA,0.63712,1550,3,16
LBXF04LA,0.50112,1550,3,16
LBXF05LA,0.09056,1550,3,16
LBXF08LA,0.06576,1550,3,16
LBX074LA,0.30464,1551,4,16
LBX099LA,0.0608,1551,4,16
LBX138LA,0.06368,1551,4,16
LBX153LA,0.07504,1551,4,16
LBX170LA,0.13696,1551,4,16
LBX180LA,0.0984,1551,4,16
LBX187LA,0.3688,1551,4,16
LBX194LA,0.71248,1551,4,16
LBXPCBLA,0.1976,1551,4,16
LBXHXCLA,0.10528,1551,4,16
LBX118LA,0.06656,1551,4,16
LBXD03LA,0.08336,1551,4,16
LBXD05LA,0.06512,1551,4,16
LBXD07LA,0.036,1551,4,16
LBXF03LA,0.0528,1551,4,16
LBXF04LA,0.9536,1551,4,16
LBXF05LA,0.1024,1551,4,16
LBXF08LA,0.04608,1551,4,16
LBX074LA,0.40368,1552,3,16
LBX099LA,0.16736,1552,3,16
LBX138LA,0.16,1552,3,16
LBX153LA,0.21888,1552,3,16
LBX170LA,0.12784,1552,3,16
LBX180LA,0.20816,1552,3,16
LBX187LA,0.17424,1552,3,16
LBX194LA,0.1112,1552,3,16
LBXPCBLA,0.19776,1552,3,16
LBXHXCLA,0.07888,1552,3,16
LBX118LA,0.31408,1552,3,16
LBXD03LA,0.21712,1552,3,16
LBXD05LA,0.09552,1552,3,16
LBXD07LA,0.57776,1552,3,16
LBXF03LA,0.03744,1552,3,16
LBXF04LA,0.92576,1552,3,16
LBXF05LA,0.07088,1552,3,16
LBXF08LA,0.18608,1552,3,16
LBX074LA,0.78896,1553,1,16
LBX099LA,0.13776,1553,1,16
LBX138LA,0.17424,1553,1,16
LBX153LA,0.16064,1553,1,16
LBX170LA,0.20416,1553,1,16
LBX180LA,0.16752,1553,1,16
LBX187LA,0.16768,1553,1,16
LBX194LA,0.5376,1553,1,16
LBXPCBLA,0.17248,1553,1,16
LBXHXCLA,0.2424,1553,1,16
LBX118LA,0.29664,1553,1,16
LBXD03LA,0.12592,1553,1,16
LBXD05LA,0.65344,1553,1,16
LBXD07LA,0.17904,1553,1,16
LBXF03LA,0.1736,1553,1,16
LBXF04LA,0.32784,1553,1,16
LBXF05LA,0.11088,1553,1,16
LBXF08LA,0.144,1553,1,16
LBX074LA,0.36432,1554,1,16
LBX099LA,0.11248,1554,1,16
LBX138LA,0.10944,1554,1,16
LBX153LA,0.12032,1554,1,16
LBX170LA,0.10736,1554,1,16
LBX180LA,0.084,1554,1,16
LBX187LA,0.07168,1554,1,16
LBX194LA,0.10512,1554,1,16
LBXPCBLA,0.11136,1554,1,16
LBXHXCLA,0.17408,1554,1,16
LBX118LA,0.39136,1554,1,16
LBXD03LA,0.12688,1554,1,16
LBXD05LA,0.08336,1554,1,16
LBXD07LA,0.13472,1554,1,16
LBXF03LA,0.09392,1554,1,16
LBXF04LA,0.07984,1554,1,16
LBXF05LA,0.2728,1554,1,16
LBXF08LA,0.1056,1554,1,16
LBX074LA,0.31776,1555,1,16
LBX099LA,0.44208,1555,1,16
LBX138LA,0.21936,1555,1,16
LBX153LA,0.24304,1555,1,16
LBX170LA,0.20784,1555,1,16
LBX180LA,0.2152,1555,1,16
LBX187LA,0.20304,1555,1,16
LBX194LA,0.57504,1555,1,16
LBXPCBLA,0.3136,1555,1,16
LBXHXCLA,0.58576,1555,1,16
LBX118LA,0.39616,1555,1,16
LBXD03LA,0.18848,1555,1,16
LBXD05LA,0.09808,1555,1,16
LBXD07LA,0.7888,1555,1,16
LBXF03LA,0.14448,1555,1,16
LBXF04LA,0.95424,1555,1,16
LBXF05LA,0.12288,1555,1,16
LBXF08LA,0.06176,1555,1,16
LBX074LA,0.80576,1556,2,16
LBX099LA,0.4904,1556,2,16
LBX138LA,0.208,1556,2,16
LBX153LA,0.23648,1556,2,16
LBX170LA,0.18416,1556,2,16
LBX180LA,0.43808,1556,2,16
LBX187LA,0.15696,1556,2,16
LBX194LA,0.13056,1556,2,16
LBXPCBLA,0.47456,1556,2,16
LBXHXCLA,0.65424,1556,2,16
LBX118LA,0.25104,1556,2,16
LBXD03LA,0.20992,1556,2,16
LBXD05LA,0.18128,1556,2,16
LBXD07LA,0.18416,1556,2,16
LBXF03LA,0.11632,1556,2,16
LBXF04LA,0.27312,1556,2,16
LBXF05LA,0.1928,1556,2,16
LBXF08LA,0.0664,1556,2,16
LBX074LA,0.11504,1557,1,16
LBX099LA,0.06624,1557,1,16
LBX138LA,0.09712,1557,1,16
LBX153LA,0.09936,1557,1,16
LBX170LA,0.116,1557,1,16
LBX180LA,0.09168,1557,1,16
LBX187LA,0.10224,1557,1,16
LBX194LA,0.16928,1557,1,16
LBXPCBLA,0.052,1557,1,16
LBXHXCLA,0.06608,1557,1,16
LBX118LA,0.11248,1557,1,16
LBXD03LA,0.10464,1557,1,16
LBXD05LA,0.97008,1557,1,16
LBXD07LA,0.09024,1557,1,16
LBXF03LA,0.0688,1557,1,16
LBXF04LA,0.06656,1557,1,16
LBXF05LA,0.0584,1557,1,16
LBXF08LA,0.0888,1557,1,16
LBX074LA,0.2176,1558,4,16
LBX099LA,0.99376,1558,4,16
LBX138LA,0.69456,1558,4,16
LBX153LA,0.28288,1558,4,16
LBX170LA,0.41776,1558,4,16
LBX180LA,0.25008,1558,4,16
LBX187LA,0.07024,1558,4,16
LBX194LA,0.24224,1558,4,16
LBXPCBLA,0.99616,1558,4,16
LBXHXCLA,0.06336,1558,4,16
LBX118LA,0.22608,1558,4,16
LBXD03LA,0.36592,1558,4,16
LBXD05LA,0.15296,1558,4,16
LBXD07LA,0.09648,1558,4,16
LBXF03LA,0.15456,1558,4,16
LBXF04LA,0.32592,1558,4,16
LBXF05LA,0.1072,1558,4,16
LBXF08LA,0.0656,1558,4,16
LBX074LA,0.44224,1559,1,16
LBX099LA,0.16192,1559,1,16
LBX138LA,0.1624,1559,1,16
LBX153LA,0.16992,1559,1,16
LBX170LA,0.22752,1559,1,16
LBX180LA,0.13792,1559,1,16
LBX187LA,0.13712,1559,1,16
LBX194LA,0.30992,1559,1,16
LBXPCBLA,0.98176,1559,1,16
LBXHXCLA,0.21712,1559,1,16
LBX118LA,0.14,1559,1,16
LBXD03LA,0.1464,1559,1,16
LBXD05LA,0.164,1559,1,16
LBXD07LA,0.08272,1559,1,16
LBXF03LA,0.14336,1559,1,16
LBXF04LA,0.1296,1559,1,16
LBXF05LA,0.1088,1559,1,16
LBXF08LA,0.06416,1559,1,16
LBX074LA,0.33168,1560,4,16
LBX099LA,0.15504,1560,4,16
LBX138LA,0.1096,1560,4,16
LBX153LA,0.13216,1560,4,16
LBX170LA,0.10608,1560,4,16
LBX180LA,0.0872,1560,4,16
LBX187LA,0.12624,1560,4,16
LBX194LA,0.14272,1560,4,16
LBXPCBLA,0.17392,1560,4,16
LBXHXCLA,0.2136,1560,4,16
LBX118LA,0.78288,1560,4,16
LBXD03LA,0.1088,1560,4,16
LBXD05LA,0.1416,1560,4,16
LBXD07LA,0.0608,1560,4,16
LBXF03LA,0.15824,1560,4,16
LBXF04LA,0.06688,1560,4,16
LBXF05LA,0.07856,1560,4,16
LBXF08LA,0.06816,1560,4,16
LBX074LA,0.54976,1561,1,16
LBX099LA,0.40368,1561,1,16
LBX138LA,0.13952,1561,1,16
LBX153LA,0.17664,1561,1,16
LBX170LA,0.1408,1561,1,16
LBX180LA,0.30864,1561,1,16
LBX187LA,0.11424,1561,1,16
LBX194LA,0.21472,1561,1,16
LBXPCBLA,0.13376,1561,1,16
LBXHXCLA,0.13184,1561,1,16
LBX118LA,0.29808,1561,1,16
LBXD03LA,0.10816,1561,1,16
LBXD05LA,0.0768,1561,1,16
LBXD07LA,0.0792,1561,1,16
LBXF03LA,0.23536,1561,1,16
LBXF04LA,0.08896,1561,1,16
LBXF05LA,0.12864,1561,1,16
LBXF08LA,0.19232,1561,1,16
LBX074LA,0.9872,1562,1,16
LBX099LA,0.09584,1562,1,16
LBX138LA,0.20432,1562,1,16
LBX153LA,0.18576,1562,1,16
LBX170LA,0.30112,1562,1,16
LBX180LA,0.28544,1562,1,16
LBX187LA,0.56768,1562,1,16
LBX194LA,0.20368,1562,1,16
LBXPCBLA,0.07776,1562,1,16
LBXHXCLA,0.09232,1562,1,16
LBX118LA,0.13536,1562,1,16
LBXD03LA,0.16224,1562,1,16
LBXD05LA,0.12864,1562,1,16
LBXD07LA,0.27488,1562,1,16
LBXF03LA,0.0808,1562,1,16
LBXF04LA,0.0664,1562,1,16
LBXF05LA,0.09552,1562,1,16
LBXF08LA,0.05664,1562,1,16
LBX074LA,0.61984,1563,4,16
LBX099LA,0.11984,1563,4,16
LBX138LA,0.23712,1563,4,16
LBX153LA,0.10016,1563,4,16
LBX170LA,0.07952,1563,4,16
LBX180LA,0.06992,1563,4,16
LBX187LA,0.05824,1563,4,16
LBX194LA,0.11056,1563,4,16
LBXPCBLA,0.69904,1563,4,16
LBXHXCLA,0.14448,1563,4,16
LBX118LA,0.14192,1563,4,16
LBXD03LA,0.5136,1563,4,16
LBXD05LA,0.26528,1563,4,16
LBXD07LA,0.07936,1563,4,16
LBXF03LA,0.1224,1563,4,16
LBXF04LA,0.31472,1563,4,16
LBXF05LA,0.27424,1563,4,16
LBXF08LA,0.03744,1563,4,16
LBX074LA,0.34512,1564,4,16
LBX099LA,0.93552,1564,4,16
LBX138LA,0.42016,1564,4,16
LBX153LA,0.336,1564,4,16
LBX170LA,0.18768,1564,4,16
LBX180LA,0.46688,1564,4,16
LBX187LA,0.21648,1564,4,16
LBX194LA,0.26,1564,4,16
LBXPCBLA,0.38608,1564,4,16
LBXHXCLA,0.84384,1564,4,16
LBX118LA,0.20544,1564,4,16
LBXD03LA,0.75744,1564,4,16
LBXD05LA,0.936,1564,4,16
LBXD07LA,0.29024,1564,4,16
LBXF03LA,0.28592,1564,4,16
LBXF04LA,0.72816,1564,4,16
LBXF05LA,0.19216,1564,4,16
LBXF08LA,0.2576,1564,4,16
LBX074LA,0.94768,1565,3,16
LBX099LA,0.15712,1565,3,16
LBX138LA,0.37776,1565,3,16
LBX153LA,0.3712,1565,3,16
LBX170LA,0.08736,1565,3,16
LBX180LA,0.14784,1565,3,16
LBX187LA,0.13168,1565,3,16
LBX194LA,0.29088,1565,3,16
LBXPCBLA,0.17216,1565,3,16
LBXHXCLA,0.09616,1565,3,16
LBX118LA,0.34816,1565,3,16
LBXD03LA,0.1936,1565,3,16
LBXD05LA,0.06656,1565,3,16
LBXD07LA,0.05888,1565,3,16
LBXF03LA,0.06032,1565,3,16
LBXF04LA,0.86368,1565,3,16
LBXF05LA,0.54112,1565,3,16
LBXF08LA,0.03904,1565,3,16
LBX074LA,0.21552,1566,2,16
LBX099LA,0.22176,1566,2,16
LBX138LA,0.20128,1566,2,16
LBX153LA,0.2024,1566,2,16
LBX170LA,0.66096,1566,2,16
LBX180LA,0.38352,1566,2,16
LBX187LA,0.13744,1566,2,16
LBX194LA,0.17664,1566,2,16
LBXPCBLA,0.04704,1566,2,16
LBXHXCLA,0.13488,1566,2,16
LBX118LA,0.77456,1566,2,16
LBXD03LA,0.22128,1566,2,16
LBXD05LA,0.32944,1566,2,16
LBXD07LA,0.07504,1566,2,16
LBXF03LA,0.1368,1566,2,16
LBXF04LA,0.95152,1566,2,16
LBXF05LA,0.0992,1566,2,16
LBXF08LA,0.04224,1566,2,16
LBX074LA,0.4528,1567,3,16
LBX099LA,0.0864,1567,3,16
LBX138LA,0.3336,1567,3,16
LBX153LA,0.82896,1567,3,16
LBX170LA,0.08432,1567,3,16
LBX180LA,0.1016,1567,3,16
LBX187LA,0.09264,1567,3,16
LBX194LA,0.07216,1567,3,16
LBXPCBLA,0.16976,1567,3,16
LBXHXCLA,0.06288,1567,3,16
LBX118LA,0.352,1567,3,16
LBXD03LA,0.11232,1567,3,16
LBXD05LA,0.03168,1567,3,16
LBXD07LA,0.0488,1567,3,16
LBXF03LA,0.14416,1567,3,16
LBXF04LA,0.27904,1567,3,16
LBXF05LA,0.08544,1567,3,16
LBXF08LA,0.03008,1567,3,16
LBX074LA,0.0752,1568,2,16
LBX099LA,0.06048,1568,2,16
LBX138LA,0.09984,1568,2,16
LBX153LA,0.13344,1568,2,16
LBX170LA,0.1096,1568,2,16
LBX180LA,0.06192,1568,2,16
LBX187LA,0.08304,1568,2,16
LBX194LA,0.09904,1568,2,16
LBXPCBLA,0.18608,1568,2,16
LBXHXCLA,0.05824,1568,2,16
LBX118LA,0.13072,1568,2,16
LBXD03LA,0.0776,1568,2,16
LBXD05LA,0.10816,1568,2,16
LBXD07LA,0.05184,1568,2,16
LBXF03LA,0.06112,1568,2,16
LBXF04LA,0.80752,1568,2,16
LBXF05LA,0.10352,1568,2,16
LBXF08LA,0.0552,1568,2,16
LBX074LA,0.32416,1569,2,16
LBX099LA,0.15088,1569,2,16
LBX138LA,0.63136,1569,2,16
LBX153LA,0.2832,1569,2,16
LBX170LA,0.3064,1569,2,16
LBX180LA,0.15472,1569,2,16
LBX187LA,0.13856,1569,2,16
LBX194LA,0.14672,1569,2,16
LBXPCBLA,0.44336,1569,2,16
LBXHXCLA,0.36688,1569,2,16
LBX118LA,0.23088,1569,2,16
LBXD03LA,0.164,1569,2,16
LBXD05LA,0.40752,1569,2,16
LBXD07LA,0.0568,1569,2,16
LBXF03LA,0.08912,1569,2,16
LBXF04LA,0.93888,1569,2,16
LBXF05LA,0.152,1569,2,16
LBXF08LA,0.0504,1569,2,16
LBX074LA,0.21376,1570,4,16
LBX099LA,0.12864,1570,4,16
LBX138LA,0.57536,1570,4,16
LBX153LA,0.26736,1570,4,16
LBX170LA,0.15888,1570,4,16
LBX180LA,0.12512,1570,4,16
LBX187LA,0.28896,1570,4,16
LBX194LA,0.1976,1570,4,16
LBXPCBLA,0.23936,1570,4,16
LBXHXCLA,0.29872,1570,4,16
LBX118LA,0.704,1570,4,16
LBXD03LA,0.1304,1570,4,16
LBXD05LA,0.71424,1570,4,16
LBXD07LA,0.38096,1570,4,16
LBXF03LA,0.16864,1570,4,16
LBXF04LA,0.74208,1570,4,16
LBXF05LA,0.40256,1570,4,16
LBXF08LA,0.26192,1570,4,16
LBX074LA,0.7736,1571,2,16
LBX099LA,0.48448,1571,2,16
LBX138LA,0.2032,1571,2,16
LBX153LA,0.1368,1571,2,16
LBX170LA,0.1928,1571,2,16
LBX180LA,0.1456,1571,2,16
LBX187LA,0.20736,1571,2,16
LBX194LA,0.76064,1571,2,16
LBXPCBLA,0.09104,1571,2,16
LBXHXCLA,0.08672,1571,2,16
LBX118LA,0.18368,1571,2,16
LBXD03LA,0.17648,1571,2,16
LBXD05LA,0.24144,1571,2,16
LBXD07LA,0.12432,1571,2,16
LBXF03LA,0.05248,1571,2,16
LBXF04LA,0.7376,1571,2,16
LBXF05LA,0.75312,1571,2,16
LBXF08LA,0.14576,1571,2,16
LBX074LA,0.65856,1572,3,16
LBX099LA,0.7776,1572,3,16
LBX138LA,0.11392,1572,3,16
LBX153LA,0.1288,1572,3,16
LBX170LA,0.22624,1572,3,16
LBX180LA,0.2568,1572,3,16
LBX187LA,0.11216,1572,3,16
LBX194LA,0.13968,1572,3,16
LBXPCBLA,0.3032,1572,3,16
LBXHXCLA,0.07136,1572,3,16
LBX118LA,0.20736,1572,3,16
LBXD03LA,0.09056,1572,3,16
LBXD05LA,0.14272,1572,3,16
LBXD07LA,0.05216,1572,3,16
LBXF03LA,0.05088,1572,3,16
LBXF04LA,0.9472,1572,3,16
LBXF05LA,0.09824,1572,3,16
LBXF08LA,0.1296,1572,3,16
LBX074LA,0.0608,1573,1,16
LBX099LA,0.05056,1573,1,16
LBX138LA,0.09088,1573,1,16
LBX153LA,0.07824,1573,1,16
LBX170LA,0.09072,1573,1,16
LBX180LA,0.0776,1573,1,16
LBX187LA,0.16896,1573,1,16
LBX194LA,0.14464,1573,1,16
LBXPCBLA,0.0472,1573,1,16
LBXHXCLA,0.07088,1573,1,16
LBX118LA,0.05968,1573,1,16
LBXD03LA,0.07776,1573,1,16
LBXD05LA,0.10608,1573,1,16
LBXD07LA,0.28544,1573,1,16
LBXF03LA,0.08672,1573,1,16
LBXF04LA,0.57616,1573,1,16
LBXF05LA,0.22176,1573,1,16
LBXF08LA,0.0664,1573,1,16
LBX074LA,0.20432,1574,3,16
LBX099LA,0.12176,1574,3,16
LBX138LA,0.60192,1574,3,16
LBX153LA,0.33808,1574,3,16
LBX170LA,0.18144,1574,3,16
LBX180LA,0.08512,1574,3,16
LBX187LA,0.11056,1574,3,16
LBX194LA,0.09888,1574,3,16
LBXPCBLA,0.476,1574,3,16
LBXHXCLA,0.83296,1574,3,16
LBX118LA,0.34416,1574,3,16
LBXD03LA,0.11744,1574,3,16
LBXD05LA,0.9944,1574,3,16
LBXD07LA,0.05312,1574,3,16
LBXF03LA,0.05552,1574,3,16
LBXF04LA,0.34624,1574,3,16
LBXF05LA,0.17936,1574,3,16
LBXF08LA,0.26352,1574,3,16
LBX074LA,0.48032,1575,3,16
LBX099LA,0.24688,1575,3,16
LBX138LA,0.12576,1575,3,16
LBX153LA,0.35856,1575,3,16
LBX170LA,0.14704,1575,3,16
LBX180LA,0.13296,1575,3,16
LBX187LA,0.17472,1575,3,16
LBX194LA,0.5624,1575,3,16
LBXPCBLA,0.81952,1575,3,16
LBXHXCLA,0.11408,1575,3,16
LBX118LA,0.35824,1575,3,16
LBXD03LA,0.09408,1575,3,16
LBXD05LA,0.8808,1575,3,16
LBXD07LA,0.0904,1575,3,16
LBXF03LA,0.24352,1575,3,16
LBXF04LA,0.93728,1575,3,16
LBXF05LA,0.33984,1575,3,16
LBXF08LA,0.81024,1575,3,16
LBX074LA,0.31296,1576,2,16
LBX099LA,0.21536,1576,2,16
LBX138LA,0.24912,1576,2,16
LBX153LA,0.19632,1576,2,16
LBX170LA,0.19984,1576,2,16
LBX180LA,0.1296,1576,2,16
LBX187LA,0.15264,1576,2,16
LBX194LA,0.1704,1576,2,16
LBXPCBLA,0.36992,1576,2,16
LBXHXCLA,0.19936,1576,2,16
LBX118LA,0.2456,1576,2,16
LBXD03LA,0.16464,1576,2,16
LBXD05LA,0.49648,1576,2,16
LBXD07LA,0.08112,1576,2,16
LBXF03LA,0.91968,1576,2,16
LBXF04LA,0.09104,1576,2,16
LBXF05LA,0.09072,1576,2,16
LBXF08LA,0.08976,1576,2,16
LBX074LA,0.1296,1577,3,16
LBX099LA,0.06992,1577,3,16
LBX138LA,0.09776,1577,3,16
LBX153LA,0.10192,1577,3,16
LBX170LA,0.18256,1577,3,16
LBX180LA,0.35216,1577,3,16
LBX187LA,0.104,1577,3,16
LBX194LA,0.39328,1577,3,16
LBXPCBLA,0.31008,1577,3,16
LBXHXCLA,0.12128,1577,3,16
LBX118LA,0.54208,1577,3,16
LBXD03LA,0.77424,1577,3,16
LBXD05LA,0.91344,1577,3,16
LBXD07LA,0.08304,1577,3,16
LBXF03LA,0.04016,1577,3,16
LBXF04LA,0.7264,1577,3,16
LBXF05LA,0.07584,1577,3,16
LBXF08LA,0.08704,1577,3,16
LBX074LA,0.19728,1578,3,16
LBX099LA,0.16592,1578,3,16
LBX138LA,0.06512,1578,3,16
LBX153LA,0.1048,1578,3,16
LBX170LA,0.10352,1578,3,16
LBX180LA,0.11904000000000001,1578,3,16
LBX187LA,0.69952,1578,3,16
LBX194LA,0.93584,1578,3,16
LBXPCBLA,0.24224,1578,3,16
LBXHXCLA,0.09632,1578,3,16
LBX118LA,0.08064,1578,3,16
LBXD03LA,0.15472,1578,3,16
LBXD05LA,0.96992,1578,3,16
LBXD07LA,0.04992,1578,3,16
LBXF03LA,0.0936,1578,3,16
LBXF04LA,0.1352,1578,3,16
LBXF05LA,0.09856,1578,3,16
LBXF08LA,0.0528,1578,3,16
LBX074LA,0.51664,1579,1,16
LBX099LA,0.38112,1579,1,16
LBX138LA,0.17696,1579,1,16
LBX153LA,0.1536,1579,1,16
LBX170LA,0.14224,1579,1,16
LBX180LA,0.16592,1579,1,16
LBX187LA,0.19504,1579,1,16
LBX194LA,0.1008,1579,1,16
LBXPCBLA,0.14016,1579,1,16
LBXHXCLA,0.09376,1579,1,16
LBX118LA,0.12592,1579,1,16
LBXD03LA,0.09824,1579,1,16
LBXD05LA,0.11632,1579,1,16
LBXD07LA,0.52064,1579,1,16
LBXF03LA,0.07808,1579,1,16
LBXF04LA,0.1096,1579,1,16
LBXF05LA,0.0792,1579,1,16
LBXF08LA,0.05792,1579,1,16
LBX074LA,0.72336,1580,3,16
LBX099LA,0.0728,1580,3,16
LBX138LA,0.11136,1580,3,16
LBX153LA,0.0992,1580,3,16
LBX170LA,0.31344,1580,3,16
LBX180LA,0.236,1580,3,16
LBX187LA,0.74336,1580,3,16
LBX194LA,0.32096,1580,3,16
LBXPCBLA,0.25648,1580,3,16
LBXHXCLA,0.1096,1580,3,16
LBX118LA,0.12128,1580,3,16
LBXD03LA,0.128,1580,3,16
LBXD05LA,0.21264,1580,3,16
LBXD07LA,0.09488,1580,3,16
LBXF03LA,0.21648,1580,3,16
LBXF04LA,0.24816,1580,3,16
LBXF05LA,0.08544,1580,3,16
LBXF08LA,0.19616,1580,3,16
LBX074LA,0.29168,1581,2,16
LBX099LA,0.1256,1581,2,16
LBX138LA,0.19104,1581,2,16
LBX153LA,0.23344,1581,2,16
LBX170LA,0.30304,1581,2,16
LBX180LA,0.2056,1581,2,16
LBX187LA,0.18912,1581,2,16
LBX194LA,0.3496,1581,2,16
LBXPCBLA,0.15376,1581,2,16
LBXHXCLA,0.216,1581,2,16
LBX118LA,0.1984,1581,2,16
LBXD03LA,0.24944,1581,2,16
LBXD05LA,0.2616,1581,2,16
LBXD07LA,0.23632,1581,2,16
LBXF03LA,0.19872,1581,2,16
LBXF04LA,0.77792,1581,2,16
LBXF05LA,0.41344,1581,2,16
LBXF08LA,0.0736,1581,2,16
LBX074LA,0.13952,1582,2,16
LBX099LA,0.08464,1582,2,16
LBX138LA,0.10048,1582,2,16
LBX153LA,0.13424,1582,2,16
LBX170LA,0.2496,1582,2,16
LBX180LA,0.35824,1582,2,16
LBX187LA,0.14064,1582,2,16
LBX194LA,0.08544,1582,2,16
LBXPCBLA,0.0592,1582,2,16
LBXHXCLA,0.11264,1582,2,16
LBX118LA,0.08544,1582,2,16
LBXD03LA,0.07776,1582,2,16
LBXD05LA,0.26496,1582,2,16
LBXD07LA,0.04304,1582,2,16
LBXF03LA,0.05968,1582,2,16
LBXF04LA,0.10208,1582,2,16
LBXF05LA,0.8992,1582,2,16
LBXF08LA,0.03408,1582,2,16
LBX074LA,0.87136,1583,3,16
LBX099LA,0.21856,1583,3,16
LBX138LA,0.26256,1583,3,16
LBX153LA,0.168,1583,3,16
LBX170LA,0.11136,1583,3,16
LBX180LA,0.08768,1583,3,16
LBX187LA,0.23824,1583,3,16
LBX194LA,0.08624,1583,3,16
LBXPCBLA,0.36096,1583,3,16
LBXHXCLA,0.0632,1583,3,16
LBX118LA,0.29088,1583,3,16
LBXD03LA,0.19776,1583,3,16
LBXD05LA,0.35984,1583,3,16
LBXD07LA,0.0824,1583,3,16
LBXF03LA,0.09328,1583,3,16
LBXF04LA,0.29328,1583,3,16
LBXF05LA,0.212,1583,3,16
LBXF08LA,0.25152,1583,3,16
LBX074LA,0.8152,1584,2,16
LBX099LA,0.32832,1584,2,16
LBX138LA,0.11232,1584,2,16
LBX153LA,0.12912,1584,2,16
LBX170LA,0.22176,1584,2,16
LBX180LA,0.29072,1584,2,16
LBX187LA,0.62976,1584,2,16
LBX194LA,0.12448,1584,2,16
LBXPCBLA,0.02464,1584,2,16
LBXHXCLA,0.37072,1584,2,16
LBX118LA,0.10336,1584,2,16
LBXD03LA,0.1304,1584,2,16
LBXD05LA,0.05376,1584,2,16
LBXD07LA,0.08336,1584,2,16
LBXF03LA,0.11776,1584,2,16
LBXF04LA,0.53952,1584,2,16
LBXF05LA,0.07728,1584,2,16
LBXF08LA,0.02256,1584,2,16
LBX074LA,0.42512,1585,1,16
LBX099LA,0.14304,1585,1,16
LBX138LA,0.1832,1585,1,16
LBX153LA,0.35728,1585,1,16
LBX170LA,0.1936,1585,1,16
LBX180LA,0.33936,1585,1,16
LBX187LA,0.23968,1585,1,16
LBX194LA,0.20944,1585,1,16
LBXPCBLA,0.10992,1585,1,16
LBXHXCLA,0.11584,1585,1,16
LBX118LA,0.20848,1585,1,16
LBXD03LA,0.1336,1585,1,16
LBXD05LA,0.22592,1585,1,16
LBXD07LA,0.23456,1585,1,16
LBXF03LA,0.16272,1585,1,16
LBXF04LA,0.15536,1585,1,16
LBXF05LA,0.32672,1585,1,16
LBXF08LA,0.97248,1585,1,16
LBX074LA,0.1872,1586,2,16
LBX099LA,0.11168,1586,2,16
LBX138LA,0.13616,1586,2,16
LBX153LA,0.18112,1586,2,16
LBX170LA,0.1888,1586,2,16
LBX180LA,0.20288,1586,2,16
LBX187LA,0.12368,1586,2,16
LBX194LA,0.228,1586,2,16
LBXPCBLA,0.11984,1586,2,16
LBXHXCLA,0.1864,1586,2,16
LBX118LA,0.15824,1586,2,16
LBXD03LA,0.11056,1586,2,16
LBXD05LA,0.15104,1586,2,16
LBXD07LA,0.9992,1586,2,16
LBXF03LA,0.1344,1586,2,16
LBXF04LA,0.85808,1586,2,16
LBXF05LA,0.27744,1586,2,16
LBXF08LA,0.0984,1586,2,16
LBX074LA,0.51408,1587,1,16
LBX099LA,0.1,1587,1,16
LBX138LA,0.13136,1587,1,16
LBX153LA,0.22816,1587,1,16
LBX170LA,0.53136,1587,1,16
LBX180LA,0.21408,1587,1,16
LBX187LA,0.28304,1587,1,16
LBX194LA,0.44304,1587,1,16
LBXPCBLA,0.3624,1587,1,16
LBXHXCLA,0.12016,1587,1,16
LBX118LA,0.33056,1587,1,16
LBXD03LA,0.25792,1587,1,16
LBXD05LA,0.2144,1587,1,16
LBXD07LA,0.1704,1587,1,16
LBXF03LA,0.11344,1587,1,16
LBXF04LA,0.14048,1587,1,16
LBXF05LA,0.22336,1587,1,16
LBXF08LA,0.17632,1587,1,16
LBX074LA,0.37264,1588,2,16
LBX099LA,0.15232,1588,2,16
LBX138LA,0.49504,1588,2,16
LBX153LA,0.352,1588,2,16
LBX170LA,0.37632,1588,2,16
LBX180LA,0.50976,1588,2,16
LBX187LA,0.21328,1588,2,16
LBX194LA,0.1048,1588,2,16
LBXPCBLA,0.1992,1588,2,16
LBXHXCLA,0.28,1588,2,16
LBX118LA,0.12816,1588,2,16
LBXD03LA,0.61696,1588,2,16
LBXD05LA,0.25968,1588,2,16
LBXD07LA,0.12784,1588,2,16
LBXF03LA,0.08224,1588,2,16
LBXF04LA,0.26816,1588,2,16
LBXF05LA,0.27072,1588,2,16
LBXF08LA,0.08096,1588,2,16
LBX074LA,0.09264,1589,1,16
LBX099LA,0.06672,1589,1,16
LBX138LA,0.1208,1589,1,16
LBX153LA,0.13872,1589,1,16
LBX170LA,0.13216,1589,1,16
LBX180LA,0.104,1589,1,16
LBX187LA,0.08864,1589,1,16
LBX194LA,0.08816,1589,1,16
LBXPCBLA,0.07104,1589,1,16
LBXHXCLA,0.56048,1589,1,16
LBX118LA,0.08944,1589,1,16
LBXD03LA,0.17456,1589,1,16
LBXD05LA,0.20528,1589,1,16
LBXD07LA,0.53888,1589,1,16
LBXF03LA,0.1056,1589,1,16
LBXF04LA,0.27792,1589,1,16
LBXF05LA,0.11136,1589,1,16
LBXF08LA,0.15616,1589,1,16
LBX074LA,0.6176,1590,3,16
LBX099LA,0.23296,1590,3,16
LBX138LA,0.07296,1590,3,16
LBX153LA,0.10896,1590,3,16
LBX170LA,0.10288,1590,3,16
LBX180LA,0.07632,1590,3,16
LBX187LA,0.1992,1590,3,16
LBX194LA,0.17408,1590,3,16
LBXPCBLA,0.04288,1590,3,16
LBXHXCLA,0.12848,1590,3,16
LBX118LA,0.0728,1590,3,16
LBXD03LA,0.82992,1590,3,16
LBXD05LA,0.3128,1590,3,16
LBXD07LA,0.06048,1590,3,16
LBXF03LA,0.21136,1590,3,16
LBXF04LA,0.11136,1590,3,16
LBXF05LA,0.0504,1590,3,16
LBXF08LA,0.90944,1590,3,16
LBX074LA,0.3008,1591,1,16
LBX099LA,0.1392,1591,1,16
LBX138LA,0.25808,1591,1,16
LBX153LA,0.13968,1591,1,16
LBX170LA,0.11696,1591,1,16
LBX180LA,0.11456,1591,1,16
LBX187LA,0.1,1591,1,16
LBX194LA,0.10464,1591,1,16
LBXPCBLA,0.2024,1591,1,16
LBXHXCLA,0.1432,1591,1,16
LBX118LA,0.69024,1591,1,16
LBXD03LA,0.16944,1591,1,16
LBXD05LA,0.38672,1591,1,16
LBXD07LA,0.29056,1591,1,16
LBXF03LA,0.08352,1591,1,16
LBXF04LA,0.19776,1591,1,16
LBXF05LA,0.37408,1591,1,16
LBXF08LA,0.3072,1591,1,16
LBX074LA,0.31712,1592,4,16
LBX099LA,0.35504,1592,4,16
LBX138LA,0.12336,1592,4,16
LBX153LA,0.09616,1592,4,16
LBX170LA,0.1144,1592,4,16
LBX180LA,0.14624,1592,4,16
LBX187LA,0.10816,1592,4,16
LBX194LA,0.22064,1592,4,16
LBXPCBLA,0.23872,1592,4,16
LBXHXCLA,0.65808,1592,4,16
LBX118LA,0.08896,1592,4,16
LBXD03LA,0.18272,1592,4,16
LBXD05LA,0.42128,1592,4,16
LBXD07LA,0.57472,1592,4,16
LBXF03LA,0.13872,1592,4,16
LBXF04LA,0.32768,1592,4,16
LBXF05LA,0.13552,1592,4,16
LBXF08LA,0.11552,1592,4,16
LBX074LA,0.10464,1593,4,16
LBX099LA,0.05344,1593,4,16
LBX138LA,0.05744,1593,4,16
LBX153LA,0.02064,1593,4,16
LBX170LA,0.09008,1593,4,16
LBX180LA,0.02576,1593,4,16
LBX187LA,0.08448,1593,4,16
LBX194LA,0.1648,1593,4,16
LBXPCBLA,0.2304,1593,4,16
LBXHXCLA,0.04784,1593,4,16
LBX118LA,0.18976,1593,4,16
LBXD03LA,0.01904,1593,4,16
LBXD05LA,0.05136,1593,4,16
LBXD07LA,0.9864,1593,4,16
LBXF03LA,0.09856,1593,4,16
LBXF04LA,0.73696,1593,4,16
LBXF05LA,0.58512,1593,4,16
LBXF08LA,0.02032,1593,4,16
LBX074LA,0.77584,1594,2,16
LBX099LA,0.19648,1594,2,16
LBX138LA,0.11968,1594,2,16
LBX153LA,0.14256,1594,2,16
LBX170LA,0.16672,1594,2,16
LBX180LA,0.16368,1594,2,16
LBX187LA,0.11632,1594,2,16
LBX194LA,0.0968,1594,2,16
LBXPCBLA,0.20688,1594,2,16
LBXHXCLA,0.13664,1594,2,16
LBX118LA,0.2848,1594,2,16
LBXD03LA,0.2336,1594,2,16
LBXD05LA,0.59632,1594,2,16
LBXD07LA,0.82176,1594,2,16
LBXF03LA,0.05728,1594,2,16
LBXF04LA,0.11696,1594,2,16
LBXF05LA,0.09152,1594,2,16
LBXF08LA,0.10688,1594,2,16
LBX074LA,0.15056,1595,3,16
LBX099LA,0.12128,1595,3,16
LBX138LA,0.09072,1595,3,16
LBX153LA,0.14432,1595,3,16
LBX170LA,0.41616,1595,3,16
LBX180LA,0.53968,1595,3,16
LBX187LA,0.244,1595,3,16
LBX194LA,0.16816,1595,3,16
LBXPCBLA,0.17584,1595,3,16
LBXHXCLA,0.22336,1595,3,16
LBX118LA,0.19376,1595,3,16
LBXD03LA,0.33664,1595,3,16
LBXD05LA,0.46608,1595,3,16
LBXD07LA,0.09408,1595,3,16
LBXF03LA,0.0512,1595,3,16
LBXF04LA,0.08368,1595,3,16
LBXF05LA,0.04816,1595,3,16
LBXF08LA,0.0752,1595,3,16
LBX074LA,0.20864,1596,2,16
LBX099LA,0.1224,1596,2,16
LBX138LA,0.15536,1596,2,16
LBX153LA,0.2928,1596,2,16
LBX170LA,0.47072,1596,2,16
LBX180LA,0.32736,1596,2,16
LBX187LA,0.20832,1596,2,16
LBX194LA,0.20384,1596,2,16
LBXPCBLA,0.09456,1596,2,16
LBXHXCLA,0.10624,1596,2,16
LBX118LA,0.388,1596,2,16
LBXD03LA,0.0632,1596,2,16
LBXD05LA,0.12496,1596,2,16
LBXD07LA,0.52544,1596,2,16
LBXF03LA,0.10752,1596,2,16
LBXF04LA,0.09808,1596,2,16
LBXF05LA,0.17728,1596,2,16
LBXF08LA,0.02496,1596,2,16
LBX074LA,0.1072,1597,2,16
LBX099LA,0.12864,1597,2,16
LBX138LA,0.11648,1597,2,16
LBX153LA,0.20368,1597,2,16
LBX170LA,0.19408,1597,2,16
LBX180LA,0.14912,1597,2,16
LBX187LA,0.81088,1597,2,16
LBX194LA,0.30784,1597,2,16
LBXPCBLA,0.13184,1597,2,16
LBXHXCLA,0.35072,1597,2,16
LBX118LA,0.08624,1597,2,16
LBXD03LA,0.15072,1597,2,16
LBXD05LA,0.14912,1597,2,16
LBXD07LA,0.53072,1597,2,16
LBXF03LA,0.14752,1597,2,16
LBXF04LA,0.72832,1597,2,16
LBXF05LA,0.17392,1597,2,16
LBXF08LA,0.07712,1597,2,16
LBX074LA,0.97712,1598,3,16
LBX099LA,0.26256,1598,3,16
LBX138LA,0.2744,1598,3,16
LBX153LA,0.16512,1598,3,16
LBX170LA,0.17888,1598,3,16
LBX180LA,0.148,1598,3,16
LBX187LA,0.18592,1598,3,16
LBX194LA,0.2168,1598,3,16
LBXPCBLA,0.06688,1598,3,16
LBXHXCLA,0.57936,1598,3,16
LBX118LA,0.16512,1598,3,16
LBXD03LA,0.16448,1598,3,16
LBXD05LA,0.10416,1598,3,16
LBXD07LA,0.1848,1598,3,16
LBXF03LA,0.59088,1598,3,16
LBXF04LA,0.89536,1598,3,16
LBXF05LA,0.204,1598,3,16
LBXF08LA,0.1904,1598,3,16
LBX074LA,0.68144,1599,1,16
LBX099LA,0.1544,1599,1,16
LBX138LA,0.15152,1599,1,16
LBX153LA,0.14,1599,1,16
LBX170LA,0.3024,1599,1,16
LBX180LA,0.1912,1599,1,16
LBX187LA,0.144,1599,1,16
LBX194LA,0.11344,1599,1,16
LBXPCBLA,0.7216,1599,1,16
LBXHXCLA,0.1808,1599,1,16
LBX118LA,0.212,1599,1,16
LBXD03LA,0.18992,1599,1,16
LBXD05LA,0.10752,1599,1,16
LBXD07LA,0.06768,1599,1,16
LBXF03LA,0.16944,1599,1,16
LBXF04LA,0.20304,1599,1,16
LBXF05LA,0.11184,1599,1,16
LBXF08LA,0.17776,1599,1,16
LBX074LA,0.18576,1600,1,16
LBX099LA,0.12944,1600,1,16
LBX138LA,0.4024,1600,1,16
LBX153LA,0.39584,1600,1,16
LBX170LA,0.1976,1600,1,16
LBX180LA,0.18304,1600,1,16
LBX187LA,0.0976,1600,1,16
LBX194LA,0.18592,1600,1,16
LBXPCBLA,0.08352,1600,1,16
LBXHXCLA,0.12848,1600,1,16
LBX118LA,0.14624,1600,1,16
LBXD03LA,0.08384,1600,1,16
LBXD05LA,0.10304,1600,1,16
LBXD07LA,0.09504,1600,1,16
LBXF03LA,0.1448,1600,1,16
LBXF04LA,0.09952,1600,1,16
LBXF05LA,0.07984,1600,1,16
LBXF08LA,0.0776,1600,1,16
LBX074LA,0.20752,1601,2,17
LBX099LA,0.10816,1601,2,17
LBX138LA,0.44816,1601,2,17
LBX153LA,0.22704,1601,2,17
LBX170LA,0.17344,1601,2,17
LBX180LA,0.14384,1601,2,17
LBX187LA,0.12464,1601,2,17
LBX194LA,0.904,1601,2,17
LBXPCBLA,0.15584,1601,2,17
LBXHXCLA,0.0968,1601,2,17
LBX118LA,0.15536,1601,2,17
LBXD03LA,0.9776,1601,2,17
LBXD05LA,0.076,1601,2,17
LBXD07LA,0.07872,1601,2,17
LBXF03LA,0.05456,1601,2,17
LBXF04LA,0.89792,1601,2,17
LBXF05LA,0.14576,1601,2,17
LBXF08LA,0.04368,1601,2,17
LBX074LA,0.40272,1602,2,17
LBX099LA,0.15008,1602,2,17
LBX138LA,0.55088,1602,2,17
LBX153LA,0.32928,1602,2,17
LBX170LA,0.20896,1602,2,17
LBX180LA,0.47184,1602,2,17
LBX187LA,0.17104,1602,2,17
LBX194LA,0.14256,1602,2,17
LBXPCBLA,0.97344,1602,2,17
LBXHXCLA,0.10368,1602,2,17
LBX118LA,0.89216,1602,2,17
LBXD03LA,0.11904000000000001,1602,2,17
LBXD05LA,0.15488,1602,2,17
LBXD07LA,0.1848,1602,2,17
LBXF03LA,0.16416,1602,2,17
LBXF04LA,0.94736,1602,2,17
LBXF05LA,0.09488,1602,2,17
LBXF08LA,0.09184,1602,2,17
LBX074LA,0.13728,1603,1,17
LBX099LA,0.23488,1603,1,17
LBX138LA,0.14848,1603,1,17
LBX153LA,0.18368,1603,1,17
LBX170LA,0.18608,1603,1,17
LBX180LA,0.1288,1603,1,17
LBX187LA,0.1664,1603,1,17
LBX194LA,0.26016,1603,1,17
LBXPCBLA,0.12016,1603,1,17
LBXHXCLA,0.0992,1603,1,17
LBX118LA,0.33984,1603,1,17
LBXD03LA,0.23984,1603,1,17
LBXD05LA,0.19856,1603,1,17
LBXD07LA,0.89472,1603,1,17
LBXF03LA,0.07936,1603,1,17
LBXF04LA,0.28272,1603,1,17
LBXF05LA,0.11344,1603,1,17
LBXF08LA,0.10192,1603,1,17
LBX074LA,0.10912,1604,2,17
LBX099LA,0.08416,1604,2,17
LBX138LA,0.12272,1604,2,17
LBX153LA,0.13936,1604,2,17
LBX170LA,0.46464,1604,2,17
LBX180LA,0.31504,1604,2,17
LBX187LA,0.19744,1604,2,17
LBX194LA,0.14352,1604,2,17
LBXPCBLA,0.67536,1604,2,17
LBXHXCLA,0.188,1604,2,17
LBX118LA,0.14784,1604,2,17
LBXD03LA,0.14336,1604,2,17
LBXD05LA,0.82032,1604,2,17
LBXD07LA,0.15248,1604,2,17
LBXF03LA,0.09616,1604,2,17
LBXF04LA,0.08432,1604,2,17
LBXF05LA,0.12304,1604,2,17
LBXF08LA,0.32768,1604,2,17
LBX074LA,0.80864,1605,2,17
LBX099LA,0.16688,1605,2,17
LBX138LA,0.38896,1605,2,17
LBX153LA,0.36688,1605,2,17
LBX170LA,0.42864,1605,2,17
LBX180LA,0.2376,1605,2,17
LBX187LA,0.24464,1605,2,17
LBX194LA,0.84096,1605,2,17
LBXPCBLA,0.09936,1605,2,17
LBXHXCLA,0.14544,1605,2,17
LBX118LA,0.22048,1605,2,17
LBXD03LA,0.25504,1605,2,17
LBXD05LA,0.12672,1605,2,17
LBXD07LA,0.21472,1605,2,17
LBXF03LA,0.38128,1605,2,17
LBXF04LA,0.53344,1605,2,17
LBXF05LA,0.25088,1605,2,17
LBXF08LA,0.07776,1605,2,17
LBX074LA,0.2096,1606,2,17
LBX099LA,0.16064,1606,2,17
LBX138LA,0.3864,1606,2,17
LBX153LA,0.18688,1606,2,17
LBX170LA,0.12784,1606,2,17
LBX180LA,0.14048,1606,2,17
LBX187LA,0.1104,1606,2,17
LBX194LA,0.11376,1606,2,17
LBXPCBLA,0.09632,1606,2,17
LBXHXCLA,0.14752,1606,2,17
LBX118LA,0.2352,1606,2,17
LBXD03LA,0.2544,1606,2,17
LBXD05LA,0.35488,1606,2,17
LBXD07LA,0.29952,1606,2,17
LBXF03LA,0.17776,1606,2,17
LBXF04LA,0.39344,1606,2,17
LBXF05LA,0.18144,1606,2,17
LBXF08LA,0.06448,1606,2,17
LBX074LA,0.20384,1607,4,17
LBX099LA,0.81248,1607,4,17
LBX138LA,0.13264,1607,4,17
LBX153LA,0.1,1607,4,17
LBX170LA,0.12496,1607,4,17
LBX180LA,0.09456,1607,4,17
LBX187LA,0.09824,1607,4,17
LBX194LA,0.0992,1607,4,17
LBXPCBLA,0.24144,1607,4,17
LBXHXCLA,0.0808,1607,4,17
LBX118LA,0.18416,1607,4,17
LBXD03LA,0.24352,1607,4,17
LBXD05LA,0.93424,1607,4,17
LBXD07LA,0.22176,1607,4,17
LBXF03LA,0.41216,1607,4,17
LBXF04LA,0.5032,1607,4,17
LBXF05LA,0.04112,1607,4,17
LBXF08LA,0.16416,1607,4,17
LBX074LA,0.0768,1608,3,17
LBX099LA,0.276,1608,3,17
LBX138LA,0.19152,1608,3,17
LBX153LA,0.17968,1608,3,17
LBX170LA,0.49744,1608,3,17
LBX180LA,0.11808,1608,3,17
LBX187LA,0.3888,1608,3,17
LBX194LA,0.8816,1608,3,17
LBXPCBLA,0.08096,1608,3,17
LBXHXCLA,0.13648,1608,3,17
LBX118LA,0.09616,1608,3,17
LBXD03LA,0.06448,1608,3,17
LBXD05LA,0.76848,1608,3,17
LBXD07LA,0.05744,1608,3,17
LBXF03LA,0.05024,1608,3,17
LBXF04LA,0.98976,1608,3,17
LBXF05LA,0.04816,1608,3,17
LBXF08LA,0.10944,1608,3,17
LBX074LA,0.09152,1609,2,17
LBX099LA,0.10496,1609,2,17
LBX138LA,0.10656,1609,2,17
LBX153LA,0.10464,1609,2,17
LBX170LA,0.14656,1609,2,17
LBX180LA,0.11952,1609,2,17
LBX187LA,0.436,1609,2,17
LBX194LA,0.27504,1609,2,17
LBXPCBLA,0.1024,1609,2,17
LBXHXCLA,0.14848,1609,2,17
LBX118LA,0.14352,1609,2,17
LBXD03LA,0.0832,1609,2,17
LBXD05LA,0.19824,1609,2,17
LBXD07LA,0.18688,1609,2,17
LBXF03LA,0.06272,1609,2,17
LBXF04LA,0.79408,1609,2,17
LBXF05LA,0.05904,1609,2,17
LBXF08LA,0.07488,1609,2,17
LBX074LA,0.10096,1610,1,17
LBX099LA,0.096,1610,1,17
LBX138LA,0.08336,1610,1,17
LBX153LA,0.10464,1610,1,17
LBX170LA,0.16288,1610,1,17
LBX180LA,0.1192,1610,1,17
LBX187LA,0.10064,1610,1,17
LBX194LA,0.1544,1610,1,17
LBXPCBLA,0.12496,1610,1,17
LBXHXCLA,0.10544,1610,1,17
LBX118LA,0.09536,1610,1,17
LBXD03LA,0.0832,1610,1,17
LBXD05LA,0.05312,1610,1,17
LBXD07LA,0.0672,1610,1,17
LBXF03LA,0.22144,1610,1,17
LBXF04LA,0.08896,1610,1,17
LBXF05LA,0.07744,1610,1,17
LBXF08LA,0.05088,1610,1,17
LBX074LA,0.24128,1611,3,17
LBX099LA,0.10304,1611,3,17
LBX138LA,0.14832,1611,3,17
LBX153LA,0.0632,1611,3,17
LBX170LA,0.04256,1611,3,17
LBX180LA,0.03232,1611,3,17
LBX187LA,0.0256,1611,3,17
LBX194LA,0.13472,1611,3,17
LBXPCBLA,0.03744,1611,3,17
LBXHXCLA,0.14064,1611,3,17
LBX118LA,0.19664,1611,3,17
LBXD03LA,0.0296,1611,3,17
LBXD05LA,0.05728,1611,3,17
LBXD07LA,0.01376,1611,3,17
LBXF03LA,0.06272,1611,3,17
LBXF04LA,0.07408,1611,3,17
LBXF05LA,0.44032,1611,3,17
LBXF08LA,0.01632,1611,3,17
LBX074LA,0.1776,1612,4,17
LBX099LA,0.13968,1612,4,17
LBX138LA,0.07424,1612,4,17
LBX153LA,0.0568,1612,4,17
LBX170LA,0.12048,1612,4,17
LBX180LA,0.10912,1612,4,17
LBX187LA,0.1112,1612,4,17
LBX194LA,0.35536,1612,4,17
LBXPCBLA,0.69616,1612,4,17
LBXHXCLA,0.06928,1612,4,17
LBX118LA,0.07872,1612,4,17
LBXD03LA,0.20064,1612,4,17
LBXD05LA,0.19632,1612,4,17
LBXD07LA,0.0528,1612,4,17
LBXF03LA,0.08992,1612,4,17
LBXF04LA,0.87056,1612,4,17
LBXF05LA,0.11184,1612,4,17
LBXF08LA,0.05264,1612,4,17
LBX074LA,0.2456,1613,3,17
LBX099LA,0.41104,1613,3,17
LBX138LA,0.08432,1613,3,17
LBX153LA,0.14688,1613,3,17
LBX170LA,0.3592,1613,3,17
LBX180LA,0.14544,1613,3,17
LBX187LA,0.5024,1613,3,17
LBX194LA,0.332,1613,3,17
LBXPCBLA,0.128,1613,3,17
LBXHXCLA,0.71808,1613,3,17
LBX118LA,0.12176,1613,3,17
LBXD03LA,0.11664,1613,3,17
LBXD05LA,0.708,1613,3,17
LBXD07LA,0.5936,1613,3,17
LBXF03LA,0.2232,1613,3,17
LBXF04LA,0.14608,1613,3,17
LBXF05LA,0.06992,1613,3,17
LBXF08LA,0.0488,1613,3,17
LBX074LA,0.12384,1614,4,17
LBX099LA,0.59744,1614,4,17
LBX138LA,0.22672,1614,4,17
LBX153LA,0.28336,1614,4,17
LBX170LA,0.12,1614,4,17
LBX180LA,0.12368,1614,4,17
LBX187LA,0.1376,1614,4,17
LBX194LA,0.23168,1614,4,17
LBXPCBLA,0.07888,1614,4,17
LBXHXCLA,0.10624,1614,4,17
LBX118LA,0.11024,1614,4,17
LBXD03LA,0.11008,1614,4,17
LBXD05LA,0.7576,1614,4,17
LBXD07LA,0.07088,1614,4,17
LBXF03LA,0.07424,1614,4,17
LBXF04LA,0.984,1614,4,17
LBXF05LA,0.18944,1614,4,17
LBXF08LA,0.03312,1614,4,17
LBX074LA,0.14768,1615,1,17
LBX099LA,0.17792,1615,1,17
LBX138LA,0.1296,1615,1,17
LBX153LA,0.12848,1615,1,17
LBX170LA,0.11824,1615,1,17
LBX180LA,0.116,1615,1,17
LBX187LA,0.12592,1615,1,17
LBX194LA,0.08544,1615,1,17
LBXPCBLA,0.13168,1615,1,17
LBXHXCLA,0.07344,1615,1,17
LBX118LA,0.72336,1615,1,17
LBXD03LA,0.09392,1615,1,17
LBXD05LA,0.09984,1615,1,17
LBXD07LA,0.06288,1615,1,17
LBXF03LA,0.08784,1615,1,17
LBXF04LA,0.08464,1615,1,17
LBXF05LA,0.08896,1615,1,17
LBXF08LA,0.0808,1615,1,17
LBX074LA,0.0744,1616,4,17
LBX099LA,0.17664,1616,4,17
LBX138LA,0.128,1616,4,17
LBX153LA,0.09888,1616,4,17
LBX170LA,0.144,1616,4,17
LBX180LA,0.09616,1616,4,17
LBX187LA,0.17872,1616,4,17
LBX194LA,0.76416,1616,4,17
LBXPCBLA,0.05824,1616,4,17
LBXHXCLA,0.52608,1616,4,17
LBX118LA,0.08528,1616,4,17
LBXD03LA,0.09984,1616,4,17
LBXD05LA,0.04496,1616,4,17
LBXD07LA,0.13168,1616,4,17
LBXF03LA,0.2,1616,4,17
LBXF04LA,0.16272,1616,4,17
LBXF05LA,0.10016,1616,4,17
LBXF08LA,0.04272,1616,4,17
LBX074LA,0.24112,1617,1,17
LBX099LA,0.13344,1617,1,17
LBX138LA,0.17056,1617,1,17
LBX153LA,0.16672,1617,1,17
LBX170LA,0.15264,1617,1,17
LBX180LA,0.12944,1617,1,17
LBX187LA,0.12912,1617,1,17
LBX194LA,0.12816,1617,1,17
LBXPCBLA,0.21456,1617,1,17
LBXHXCLA,0.1432,1617,1,17
LBX118LA,0.7856,1617,1,17
LBXD03LA,0.1928,1617,1,17
LBXD05LA,0.52976,1617,1,17
LBXD07LA,0.38128,1617,1,17
LBXF03LA,0.35728,1617,1,17
LBXF04LA,0.09664,1617,1,17
LBXF05LA,0.09504,1617,1,17
LBXF08LA,0.11184,1617,1,17
LBX074LA,0.16016,1618,4,17
LBX099LA,0.18128,1618,4,17
LBX138LA,0.33328,1618,4,17
LBX153LA,0.24304,1618,4,17
LBX170LA,0.84688,1618,4,17
LBX180LA,0.09472,1618,4,17
LBX187LA,0.27712,1618,4,17
LBX194LA,0.13536,1618,4,17
LBXPCBLA,0.04656,1618,4,17
LBXHXCLA,0.09984,1618,4,17
LBX118LA,0.108,1618,4,17
LBXD03LA,0.07072,1618,4,17
LBXD05LA,1,1618,4,17
LBXD07LA,0.48288,1618,4,17
LBXF03LA,0.08112,1618,4,17
LBXF04LA,0.07072,1618,4,17
LBXF05LA,0.09856,1618,4,17
LBXF08LA,0.12768,1618,4,17
LBX074LA,0.068,1619,2,17
LBX099LA,0.07984,1619,2,17
LBX138LA,0.67056,1619,2,17
LBX153LA,0.20416,1619,2,17
LBX170LA,0.19984,1619,2,17
LBX180LA,0.2672,1619,2,17
LBX187LA,0.48544,1619,2,17
LBX194LA,0.3568,1619,2,17
LBXPCBLA,0.19184,1619,2,17
LBXHXCLA,0.0768,1619,2,17
LBX118LA,0.1592,1619,2,17
LBXD03LA,0.14112,1619,2,17
LBXD05LA,0.25552,1619,2,17
LBXD07LA,0.89296,1619,2,17
LBXF03LA,0.044,1619,2,17
LBXF04LA,0.76784,1619,2,17
LBXF05LA,0.1112,1619,2,17
LBXF08LA,0.1304,1619,2,17
LBX074LA,0.96368,1620,3,17
LBX099LA,0.232,1620,3,17
LBX138LA,0.10896,1620,3,17
LBX153LA,0.09952,1620,3,17
LBX170LA,0.14112,1620,3,17
LBX180LA,0.13328,1620,3,17
LBX187LA,0.07056,1620,3,17
LBX194LA,0.0928,1620,3,17
LBXPCBLA,0.06832,1620,3,17
LBXHXCLA,0.24384,1620,3,17
LBX118LA,0.12416,1620,3,17
LBXD03LA,0.89056,1620,3,17
LBXD05LA,0.23312,1620,3,17
LBXD07LA,0.17088,1620,3,17
LBXF03LA,0.24016,1620,3,17
LBXF04LA,0.32544,1620,3,17
LBXF05LA,0.53296,1620,3,17
LBXF08LA,0.03376,1620,3,17
LBX074LA,0.21008,1621,3,17
LBX099LA,0.13808,1621,3,17
LBX138LA,0.41744,1621,3,17
LBX153LA,0.72928,1621,3,17
LBX170LA,0.1568,1621,3,17
LBX180LA,0.2032,1621,3,17
LBX187LA,0.14768,1621,3,17
LBX194LA,0.15136,1621,3,17
LBXPCBLA,0.26336,1621,3,17
LBXHXCLA,0.0928,1621,3,17
LBX118LA,0.2872,1621,3,17
LBXD03LA,0.17008,1621,3,17
LBXD05LA,0.33312,1621,3,17
LBXD07LA,0.72048,1621,3,17
LBXF03LA,0.12432,1621,3,17
LBXF04LA,0.15024,1621,3,17
LBXF05LA,0.16304,1621,3,17
LBXF08LA,0.08416,1621,3,17
LBX074LA,0.31184,1622,3,17
LBX099LA,0.03712,1622,3,17
LBX138LA,0.14688,1622,3,17
LBX153LA,0.13696,1622,3,17
LBX170LA,0.20896,1622,3,17
LBX180LA,0.43584,1622,3,17
LBX187LA,0.13664,1622,3,17
LBX194LA,0.22944,1622,3,17
LBXPCBLA,0.04416,1622,3,17
LBXHXCLA,0.064,1622,3,17
LBX118LA,0.13296,1622,3,17
LBXD03LA,0.0936,1622,3,17
LBXD05LA,0.83088,1622,3,17
LBXD07LA,0.17792,1622,3,17
LBXF03LA,0.03904,1622,3,17
LBXF04LA,0.232,1622,3,17
LBXF05LA,0.06096,1622,3,17
LBXF08LA,0.01408,1622,3,17
LBX074LA,0.18544,1623,2,17
LBX099LA,0.12528,1623,2,17
LBX138LA,0.1136,1623,2,17
LBX153LA,0.16464,1623,2,17
LBX170LA,0.18256,1623,2,17
LBX180LA,0.14512,1623,2,17
LBX187LA,0.09904,1623,2,17
LBX194LA,0.1176,1623,2,17
LBXPCBLA,0.0832,1623,2,17
LBXHXCLA,0.14976,1623,2,17
LBX118LA,0.08624,1623,2,17
LBXD03LA,0.16144,1623,2,17
LBXD05LA,0.10704,1623,2,17
LBXD07LA,0.10288,1623,2,17
LBXF03LA,0.07312,1623,2,17
LBXF04LA,0.25248,1623,2,17
LBXF05LA,0.86672,1623,2,17
LBXF08LA,0.67072,1623,2,17
LBX074LA,0.86576,1624,1,17
LBX099LA,0.53552,1624,1,17
LBX138LA,0.32992,1624,1,17
LBX153LA,0.35024,1624,1,17
LBX170LA,0.51296,1624,1,17
LBX180LA,0.30896,1624,1,17
LBX187LA,0.16128,1624,1,17
LBX194LA,0.216,1624,1,17
LBXPCBLA,0.1672,1624,1,17
LBXHXCLA,0.1816,1624,1,17
LBX118LA,0.17168,1624,1,17
LBXD03LA,0.16912,1624,1,17
LBXD05LA,0.09568,1624,1,17
LBXD07LA,0.10752,1624,1,17
LBXF03LA,0.07728,1624,1,17
LBXF04LA,0.176,1624,1,17
LBXF05LA,0.54208,1624,1,17
LBXF08LA,0.41376,1624,1,17
LBX074LA,0.11792,1625,1,17
LBX099LA,0.12096,1625,1,17
LBX138LA,0.11824,1625,1,17
LBX153LA,0.11664,1625,1,17
LBX170LA,0.33616,1625,1,17
LBX180LA,0.1448,1625,1,17
LBX187LA,0.21616,1625,1,17
LBX194LA,0.48208,1625,1,17
LBXPCBLA,0.07856,1625,1,17
LBXHXCLA,0.09216,1625,1,17
LBX118LA,0.23312,1625,1,17
LBXD03LA,0.06432,1625,1,17
LBXD05LA,0.92864,1625,1,17
LBXD07LA,0.1272,1625,1,17
LBXF03LA,0.05936,1625,1,17
LBXF04LA,0.18864,1625,1,17
LBXF05LA,0.06576,1625,1,17
LBXF08LA,0.07984,1625,1,17
LBX074LA,0.12752,1626,4,17
LBX099LA,0.04304,1626,4,17
LBX138LA,0.07472,1626,4,17
LBX153LA,0.07968,1626,4,17
LBX170LA,0.04912,1626,4,17
LBX180LA,0.07024,1626,4,17
LBX187LA,0.05808,1626,4,17
LBX194LA,0.98112,1626,4,17
LBXPCBLA,0.7344,1626,4,17
LBXHXCLA,0.3016,1626,4,17
LBX118LA,0.05168,1626,4,17
LBXD03LA,0.0352,1626,4,17
LBXD05LA,0.18848,1626,4,17
LBXD07LA,0.03952,1626,4,17
LBXF03LA,0.08912,1626,4,17
LBXF04LA,0.39248,1626,4,17
LBXF05LA,0.12576,1626,4,17
LBXF08LA,0.06432,1626,4,17
LBX074LA,0.74032,1627,2,17
LBX099LA,0.29168,1627,2,17
LBX138LA,0.19728,1627,2,17
LBX153LA,0.19984,1627,2,17
LBX170LA,0.22192,1627,2,17
LBX180LA,0.332,1627,2,17
LBX187LA,0.28096,1627,2,17
LBX194LA,0.2496,1627,2,17
LBXPCBLA,0.1104,1627,2,17
LBXHXCLA,0.10592,1627,2,17
LBX118LA,0.39184,1627,2,17
LBXD03LA,0.09216,1627,2,17
LBXD05LA,0.93696,1627,2,17
LBXD07LA,0.20656,1627,2,17
LBXF03LA,0.07632,1627,2,17
LBXF04LA,0.88688,1627,2,17
LBXF05LA,0.25472,1627,2,17
LBXF08LA,0.47184,1627,2,17
LBX074LA,0.2992,1628,2,17
LBX099LA,0.13488,1628,2,17
LBX138LA,0.11568,1628,2,17
LBX153LA,0.14128,1628,2,17
LBX170LA,0.23328,1628,2,17
LBX180LA,0.36528,1628,2,17
LBX187LA,0.59952,1628,2,17
LBX194LA,0.5248,1628,2,17
LBXPCBLA,0.6104,1628,2,17
LBXHXCLA,0.08112,1628,2,17
LBX118LA,0.50448,1628,2,17
LBXD03LA,0.096,1628,2,17
LBXD05LA,0.59376,1628,2,17
LBXD07LA,0.1208,1628,2,17
LBXF03LA,0.0592,1628,2,17
LBXF04LA,0.99216,1628,2,17
LBXF05LA,0.09024,1628,2,17
LBXF08LA,0.11088,1628,2,17
LBX074LA,0.8824,1629,1,17
LBX099LA,0.13248,1629,1,17
LBX138LA,0.35472,1629,1,17
LBX153LA,0.23536,1629,1,17
LBX170LA,0.14512,1629,1,17
LBX180LA,0.14752,1629,1,17
LBX187LA,0.0984,1629,1,17
LBX194LA,0.1088,1629,1,17
LBXPCBLA,0.09664,1629,1,17
LBXHXCLA,0.34656,1629,1,17
LBX118LA,0.27616,1629,1,17
LBXD03LA,0.21632,1629,1,17
LBXD05LA,0.07504,1629,1,17
LBXD07LA,0.09376,1629,1,17
LBXF03LA,0.09888,1629,1,17
LBXF04LA,0.12864,1629,1,17
LBXF05LA,0.49392,1629,1,17
LBXF08LA,0.07072,1629,1,17
LBX074LA,0.68176,1630,1,17
LBX099LA,0.09936,1630,1,17
LBX138LA,0.13504,1630,1,17
LBX153LA,0.19376,1630,1,17
LBX170LA,0.14816,1630,1,17
LBX180LA,0.12512,1630,1,17
LBX187LA,0.16192,1630,1,17
LBX194LA,0.07328,1630,1,17
LBXPCBLA,0.06032,1630,1,17
LBXHXCLA,0.07184,1630,1,17
LBX118LA,0.12576,1630,1,17
LBXD03LA,0.08032,1630,1,17
LBXD05LA,0.10752,1630,1,17
LBXD07LA,0.08608,1630,1,17
LBXF03LA,0.0712,1630,1,17
LBXF04LA,0.45152,1630,1,17
LBXF05LA,0.1832,1630,1,17
LBXF08LA,0.12544,1630,1,17
LBX074LA,0.06016,1631,4,17
LBX099LA,0.04672,1631,4,17
LBX138LA,0.29568,1631,4,17
LBX153LA,0.37264,1631,4,17
LBX170LA,0.09712,1631,4,17
LBX180LA,0.12992,1631,4,17
LBX187LA,0.35552,1631,4,17
LBX194LA,0.8544,1631,4,17
LBXPCBLA,0.30864,1631,4,17
LBXHXCLA,0.05328,1631,4,17
LBX118LA,0.07888,1631,4,17
LBXD03LA,0.27872,1631,4,17
LBXD05LA,0.95248,1631,4,17
LBXD07LA,0.07904,1631,4,17
LBXF03LA,0.084,1631,4,17
LBXF04LA,0.94272,1631,4,17
LBXF05LA,0.3528,1631,4,17
LBXF08LA,0.03936,1631,4,17
LBX074LA,0.17248,1632,2,17
LBX099LA,0.29728,1632,2,17
LBX138LA,0.25792,1632,2,17
LBX153LA,0.24976,1632,2,17
LBX170LA,0.27664,1632,2,17
LBX180LA,0.19792,1632,2,17
LBX187LA,0.30656,1632,2,17
LBX194LA,0.29072,1632,2,17
LBXPCBLA,0.48704,1632,2,17
LBXHXCLA,0.2984,1632,2,17
LBX118LA,0.2336,1632,2,17
LBXD03LA,0.1904,1632,2,17
LBXD05LA,0.13904,1632,2,17
LBXD07LA,0.95776,1632,2,17
LBXF03LA,0.44608,1632,2,17
LBXF04LA,0.13552,1632,2,17
LBXF05LA,0.1848,1632,2,17
LBXF08LA,0.6848,1632,2,17
LBX074LA,0.17104,1633,1,17
LBX099LA,0.12144,1633,1,17
LBX138LA,0.18256,1633,1,17
LBX153LA,0.19232,1633,1,17
LBX170LA,0.17088,1633,1,17
LBX180LA,0.16144,1633,1,17
LBX187LA,0.15808,1633,1,17
LBX194LA,0.17232,1633,1,17
LBXPCBLA,0.10096,1633,1,17
LBXHXCLA,0.15072,1633,1,17
LBX118LA,0.91328,1633,1,17
LBXD03LA,0.11056,1633,1,17
LBXD05LA,0.10704,1633,1,17
LBXD07LA,0.15664,1633,1,17
LBXF03LA,0.0944,1633,1,17
LBXF04LA,0.10928,1633,1,17
LBXF05LA,0.19856,1633,1,17
LBXF08LA,0.42208,1633,1,17
LBX074LA,0.8064,1634,3,17
LBX099LA,0.03744,1634,3,17
LBX138LA,0.05712,1634,3,17
LBX153LA,0.06512,1634,3,17
LBX170LA,0.08464,1634,3,17
LBX180LA,0.05632,1634,3,17
LBX187LA,0.0976,1634,3,17
LBX194LA,0.85808,1634,3,17
LBXPCBLA,0.0408,1634,3,17
LBXHXCLA,0.0736,1634,3,17
LBX118LA,0.34032,1634,3,17
LBXD03LA,0.0624,1634,3,17
LBXD05LA,0.28784,1634,3,17
LBXD07LA,0.04464,1634,3,17
LBXF03LA,0.0416,1634,3,17
LBXF04LA,0.184,1634,3,17
LBXF05LA,0.07776,1634,3,17
LBXF08LA,0.04608,1634,3,17
LBX074LA,0.69456,1635,2,17
LBX099LA,0.10112,1635,2,17
LBX138LA,0.14464,1635,2,17
LBX153LA,0.18,1635,2,17
LBX170LA,0.14176,1635,2,17
LBX180LA,0.2216,1635,2,17
LBX187LA,0.1776,1635,2,17
LBX194LA,0.3536,1635,2,17
LBXPCBLA,0.2664,1635,2,17
LBXHXCLA,0.11072,1635,2,17
LBX118LA,0.72784,1635,2,17
LBXD03LA,0.0984,1635,2,17
LBXD05LA,0.15568,1635,2,17
LBXD07LA,0.54416,1635,2,17
LBXF03LA,0.32512,1635,2,17
LBXF04LA,0.14224,1635,2,17
LBXF05LA,0.2648,1635,2,17
LBXF08LA,0.04576,1635,2,17
LBX074LA,0.20128,1636,2,17
LBX099LA,0.43392,1636,2,17
LBX138LA,0.22064,1636,2,17
LBX153LA,0.22736,1636,2,17
LBX170LA,0.3904,1636,2,17
LBX180LA,0.2784,1636,2,17
LBX187LA,0.19744,1636,2,17
LBX194LA,0.45824,1636,2,17
LBXPCBLA,0.22064,1636,2,17
LBXHXCLA,0.20672,1636,2,17
LBX118LA,0.45088,1636,2,17
LBXD03LA,0.42448,1636,2,17
LBXD05LA,0.41776,1636,2,17
LBXD07LA,0.3744,1636,2,17
LBXF03LA,0.21488,1636,2,17
LBXF04LA,0.89104,1636,2,17
LBXF05LA,0.22976,1636,2,17
LBXF08LA,0.12816,1636,2,17
LBX074LA,0.25648,1637,1,17
LBX099LA,0.20208,1637,1,17
LBX138LA,0.12048,1637,1,17
LBX153LA,0.16528,1637,1,17
LBX170LA,0.19536,1637,1,17
LBX180LA,0.15408,1637,1,17
LBX187LA,0.18624,1637,1,17
LBX194LA,0.85792,1637,1,17
LBXPCBLA,0.08496,1637,1,17
LBXHXCLA,0.11584,1637,1,17
LBX118LA,0.27616,1637,1,17
LBXD03LA,0.22032,1637,1,17
LBXD05LA,0.34864,1637,1,17
LBXD07LA,0.1256,1637,1,17
LBXF03LA,0.15936,1637,1,17
LBXF04LA,0.29024,1637,1,17
LBXF05LA,0.13024,1637,1,17
LBXF08LA,0.08352,1637,1,17
LBX074LA,0.09888,1638,4,17
LBX099LA,0.42336,1638,4,17
LBX138LA,0.26224,1638,4,17
LBX153LA,0.4112,1638,4,17
LBX170LA,0.064,1638,4,17
LBX180LA,0.10848,1638,4,17
LBX187LA,0.09456,1638,4,17
LBX194LA,0.93024,1638,4,17
LBXPCBLA,0.03808,1638,4,17
LBXHXCLA,0.27216,1638,4,17
LBX118LA,0.11968,1638,4,17
LBXD03LA,0.0328,1638,4,17
LBXD05LA,0.02576,1638,4,17
LBXD07LA,0.02032,1638,4,17
LBXF03LA,0.024,1638,4,17
LBXF04LA,0.0288,1638,4,17
LBXF05LA,0.03216,1638,4,17
LBXF08LA,0.05408,1638,4,17
LBX074LA,0.1712,1639,1,17
LBX099LA,0.17408,1639,1,17
LBX138LA,0.20064,1639,1,17
LBX153LA,0.3112,1639,1,17
LBX170LA,0.37424,1639,1,17
LBX180LA,0.46816,1639,1,17
LBX187LA,0.15792,1639,1,17
LBX194LA,0.28144,1639,1,17
LBXPCBLA,0.13088,1639,1,17
LBXHXCLA,0.15024,1639,1,17
LBX118LA,0.14832,1639,1,17
LBXD03LA,0.128,1639,1,17
LBXD05LA,0.86736,1639,1,17
LBXD07LA,0.1272,1639,1,17
LBXF03LA,0.09296,1639,1,17
LBXF04LA,0.0824,1639,1,17
LBXF05LA,0.06784,1639,1,17
LBXF08LA,0.09728,1639,1,17
LBX074LA,0.09808,1640,1,17
LBX099LA,0.09424,1640,1,17
LBX138LA,0.11712,1640,1,17
LBX153LA,0.13216,1640,1,17
LBX170LA,0.35152,1640,1,17
LBX180LA,0.14816,1640,1,17
LBX187LA,0.14928,1640,1,17
LBX194LA,0.46432,1640,1,17
LBXPCBLA,0.08112,1640,1,17
LBXHXCLA,0.11344,1640,1,17
LBX118LA,0.10112,1640,1,17
LBXD03LA,0.10512,1640,1,17
LBXD05LA,0.27376,1640,1,17
LBXD07LA,0.31392,1640,1,17
LBXF03LA,0.34256,1640,1,17
LBXF04LA,0.08832,1640,1,17
LBXF05LA,0.08704,1640,1,17
LBXF08LA,0.21088,1640,1,17
LBX074LA,0.08432,1641,3,17
LBX099LA,0.1112,1641,3,17
LBX138LA,0.1448,1641,3,17
LBX153LA,0.1888,1641,3,17
LBX170LA,0.15328,1641,3,17
LBX180LA,0.66864,1641,3,17
LBX187LA,0.12256,1641,3,17
LBX194LA,0.56592,1641,3,17
LBXPCBLA,0.98656,1641,3,17
LBXHXCLA,0.456,1641,3,17
LBX118LA,0.13216,1641,3,17
LBXD03LA,0.15104,1641,3,17
LBXD05LA,0.49104,1641,3,17
LBXD07LA,0.1728,1641,3,17
LBXF03LA,0.13344,1641,3,17
LBXF04LA,0.068,1641,3,17
LBXF05LA,0.49856,1641,3,17
LBXF08LA,0.1896,1641,3,17
LBX074LA,0.71456,1642,2,17
LBX099LA,0.168,1642,2,17
LBX138LA,0.18016,1642,2,17
LBX153LA,0.20976,1642,2,17
LBX170LA,0.23392,1642,2,17
LBX180LA,0.44992,1642,2,17
LBX187LA,0.3368,1642,2,17
LBX194LA,0.21776,1642,2,17
LBXPCBLA,0.19584,1642,2,17
LBXHXCLA,0.22224,1642,2,17
LBX118LA,0.34016,1642,2,17
LBXD03LA,0.1952,1642,2,17
LBXD05LA,0.10752,1642,2,17
LBXD07LA,0.11376,1642,2,17
LBXF03LA,0.47872,1642,2,17
LBXF04LA,0.66768,1642,2,17
LBXF05LA,0.11072,1642,2,17
LBXF08LA,0.18144,1642,2,17
LBX074LA,0.2416,1643,3,17
LBX099LA,0.08144,1643,3,17
LBX138LA,0.0752,1643,3,17
LBX153LA,0.09664,1643,3,17
LBX170LA,0.11456,1643,3,17
LBX180LA,0.06736,1643,3,17
LBX187LA,0.0672,1643,3,17
LBX194LA,0.62176,1643,3,17
LBXPCBLA,0.95424,1643,3,17
LBXHXCLA,0.0848,1643,3,17
LBX118LA,0.59088,1643,3,17
LBXD03LA,0.09376,1643,3,17
LBXD05LA,0.05936,1643,3,17
LBXD07LA,0.34976,1643,3,17
LBXF03LA,0.03904,1643,3,17
LBXF04LA,0.252,1643,3,17
LBXF05LA,0.0968,1643,3,17
LBXF08LA,0.05008,1643,3,17
LBX074LA,0.06032,1644,4,17
LBX099LA,0.02208,1644,4,17
LBX138LA,0.10048,1644,4,17
LBX153LA,0.0792,1644,4,17
LBX170LA,0.60704,1644,4,17
LBX180LA,0.11696,1644,4,17
LBX187LA,0.08032,1644,4,17
LBX194LA,0.4232,1644,4,17
LBXPCBLA,0.08272,1644,4,17
LBXHXCLA,0.02448,1644,4,17
LBX118LA,0.116,1644,4,17
LBXD03LA,0.07952,1644,4,17
LBXD05LA,0.03696,1644,4,17
LBXD07LA,0.13616,1644,4,17
LBXF03LA,0.1408,1644,4,17
LBXF04LA,0.48192,1644,4,17
LBXF05LA,0.40416,1644,4,17
LBXF08LA,0.05632,1644,4,17
LBX074LA,0.11216,1645,1,17
LBX099LA,0.07952,1645,1,17
LBX138LA,0.0992,1645,1,17
LBX153LA,0.12384,1645,1,17
LBX170LA,0.13888,1645,1,17
LBX180LA,0.12384,1645,1,17
LBX187LA,0.09408,1645,1,17
LBX194LA,0.22656,1645,1,17
LBXPCBLA,0.85808,1645,1,17
LBXHXCLA,0.09392,1645,1,17
LBX118LA,0.17104,1645,1,17
LBXD03LA,0.0952,1645,1,17
LBXD05LA,0.19568,1645,1,17
LBXD07LA,0.11872,1645,1,17
LBXF03LA,0.15696,1645,1,17
LBXF04LA,0.3584,1645,1,17
LBXF05LA,0.11856,1645,1,17
LBXF08LA,0.07952,1645,1,17
LBX074LA,0.032,1646,4,17
LBX099LA,0.0624,1646,4,17
LBX138LA,0.11648,1646,4,17
LBX153LA,0.83392,1646,4,17
LBX170LA,0.1104,1646,4,17
LBX180LA,0.07008,1646,4,17
LBX187LA,0.01984,1646,4,17
LBX194LA,0.31728,1646,4,17
LBXPCBLA,0.04512,1646,4,17
LBXHXCLA,0.0192,1646,4,17
LBX118LA,0.0312,1646,4,17
LBXD03LA,0.17072,1646,4,17
LBXD05LA,0.01728,1646,4,17
LBXD07LA,0.03248,1646,4,17
LBXF03LA,0.01136,1646,4,17
LBXF04LA,0.08384,1646,4,17
LBXF05LA,0.02784,1646,4,17
LBXF08LA,0.89152,1646,4,17
LBX074LA,0.616,1647,1,17
LBX099LA,0.10672,1647,1,17
LBX138LA,0.17248,1647,1,17
LBX153LA,0.26752,1647,1,17
LBX170LA,0.30736,1647,1,17
LBX180LA,0.16096,1647,1,17
LBX187LA,0.32384,1647,1,17
LBX194LA,0.28544,1647,1,17
LBXPCBLA,0.10448,1647,1,17
LBXHXCLA,0.10128,1647,1,17
LBX118LA,0.24896,1647,1,17
LBXD03LA,0.216,1647,1,17
LBXD05LA,0.22016,1647,1,17
LBXD07LA,0.1184,1647,1,17
LBXF03LA,0.08208,1647,1,17
LBXF04LA,0.13728,1647,1,17
LBXF05LA,0.09184,1647,1,17
LBXF08LA,0.1392,1647,1,17
LBX074LA,0.06976,1648,3,17
LBX099LA,0.07808,1648,3,17
LBX138LA,0.09152,1648,3,17
LBX153LA,0.11152,1648,3,17
LBX170LA,0.12112,1648,3,17
LBX180LA,0.09648,1648,3,17
LBX187LA,0.09648,1648,3,17
LBX194LA,0.27568,1648,3,17
LBXPCBLA,0.8488,1648,3,17
LBXHXCLA,0.15504,1648,3,17
LBX118LA,0.06352,1648,3,17
LBXD03LA,0.08768,1648,3,17
LBXD05LA,0.1104,1648,3,17
LBXD07LA,0.06704,1648,3,17
LBXF03LA,0.18512,1648,3,17
LBXF04LA,0.4248,1648,3,17
LBXF05LA,0.216,1648,3,17
LBXF08LA,0.04576,1648,3,17
LBX074LA,0.15488,1649,4,17
LBX099LA,0.19248,1649,4,17
LBX138LA,0.32464,1649,4,17
LBX153LA,0.14608,1649,4,17
LBX170LA,0.10608,1649,4,17
LBX180LA,0.27664,1649,4,17
LBX187LA,0.19312000000000001,1649,4,17
LBX194LA,0.72336,1649,4,17
LBXPCBLA,0.14448,1649,4,17
LBXHXCLA,0.08912,1649,4,17
LBX118LA,0.36896,1649,4,17
LBXD03LA,0.06656,1649,4,17
LBXD05LA,0.15312,1649,4,17
LBXD07LA,0.0664,1649,4,17
LBXF03LA,0.15632,1649,4,17
LBXF04LA,0.78272,1649,4,17
LBXF05LA,0.3336,1649,4,17
LBXF08LA,0.45568,1649,4,17
LBX074LA,0.18576,1650,1,17
LBX099LA,0.08288,1650,1,17
LBX138LA,0.13696,1650,1,17
LBX153LA,0.14384,1650,1,17
LBX170LA,0.4136,1650,1,17
LBX180LA,0.21776,1650,1,17
LBX187LA,0.31136,1650,1,17
LBX194LA,0.48816,1650,1,17
LBXPCBLA,0.06064,1650,1,17
LBXHXCLA,0.08816,1650,1,17
LBX118LA,0.10144,1650,1,17
LBXD03LA,0.06032,1650,1,17
LBXD05LA,0.06304,1650,1,17
LBXD07LA,0.0984,1650,1,17
LBXF03LA,0.84944,1650,1,17
LBXF04LA,0.07952,1650,1,17
LBXF05LA,0.09488,1650,1,17
LBXF08LA,0.13008,1650,1,17
LBX074LA,0.53968,1651,1,17
LBX099LA,0.29056,1651,1,17
LBX138LA,0.184,1651,1,17
LBX153LA,0.16864,1651,1,17
LBX170LA,0.10768,1651,1,17
LBX180LA,0.11968,1651,1,17
LBX187LA,0.10112,1651,1,17
LBX194LA,0.17488,1651,1,17
LBXPCBLA,0.1832,1651,1,17
LBXHXCLA,0.0808,1651,1,17
LBX118LA,0.19584,1651,1,17
LBXD03LA,0.108,1651,1,17
LBXD05LA,0.20624,1651,1,17
LBXD07LA,0.11408,1651,1,17
LBXF03LA,0.06016,1651,1,17
LBXF04LA,0.08288,1651,1,17
LBXF05LA,0.38128,1651,1,17
LBXF08LA,0.05216,1651,1,17
LBX074LA,0.104,1652,1,17
LBX099LA,0.0776,1652,1,17
LBX138LA,0.13664,1652,1,17
LBX153LA,0.16512,1652,1,17
LBX170LA,0.5432,1652,1,17
LBX180LA,0.208,1652,1,17
LBX187LA,0.17408,1652,1,17
LBX194LA,0.17888,1652,1,17
LBXPCBLA,0.09504,1652,1,17
LBXHXCLA,0.0984,1652,1,17
LBX118LA,0.16288,1652,1,17
LBXD03LA,0.1208,1652,1,17
LBXD05LA,0.17984,1652,1,17
LBXD07LA,0.07744,1652,1,17
LBXF03LA,0.0832,1652,1,17
LBXF04LA,0.1336,1652,1,17
LBXF05LA,0.69808,1652,1,17
LBXF08LA,0.05328,1652,1,17
LBX074LA,0.1688,1653,2,17
LBX099LA,0.16752,1653,2,17
LBX138LA,0.1656,1653,2,17
LBX153LA,0.16576,1653,2,17
LBX170LA,0.20656,1653,2,17
LBX180LA,0.372,1653,2,17
LBX187LA,0.11424,1653,2,17
LBX194LA,0.15824,1653,2,17
LBXPCBLA,0.15776,1653,2,17
LBXHXCLA,0.21904,1653,2,17
LBX118LA,0.848,1653,2,17
LBXD03LA,0.14544,1653,2,17
LBXD05LA,0.15264,1653,2,17
LBXD07LA,0.1168,1653,2,17
LBXF03LA,0.44608,1653,2,17
LBXF04LA,0.16368,1653,2,17
LBXF05LA,0.11104,1653,2,17
LBXF08LA,0.25488,1653,2,17
LBX074LA,0.10496,1654,3,17
LBX099LA,0.72448,1654,3,17
LBX138LA,0.22368,1654,3,17
LBX153LA,0.45632,1654,3,17
LBX170LA,0.1208,1654,3,17
LBX180LA,0.11232,1654,3,17
LBX187LA,0.07856,1654,3,17
LBX194LA,0.35584,1654,3,17
LBXPCBLA,0.13728,1654,3,17
LBXHXCLA,0.44496,1654,3,17
LBX118LA,0.1992,1654,3,17
LBXD03LA,0.15344,1654,3,17
LBXD05LA,0.53056,1654,3,17
LBXD07LA,0.65488,1654,3,17
LBXF03LA,0.04368,1654,3,17
LBXF04LA,0.39248,1654,3,17
LBXF05LA,0.05696,1654,3,17
LBXF08LA,0.37584,1654,3,17
LBX074LA,0.1912,1655,2,17
LBX099LA,0.13664,1655,2,17
LBX138LA,0.22576,1655,2,17
LBX153LA,0.22016,1655,2,17
LBX170LA,0.52336,1655,2,17
LBX180LA,0.25424,1655,2,17
LBX187LA,0.18688,1655,2,17
LBX194LA,0.11568,1655,2,17
LBXPCBLA,0.0456,1655,2,17
LBXHXCLA,0.5296,1655,2,17
LBX118LA,0.04832,1655,2,17
LBXD03LA,0.05248,1655,2,17
LBXD05LA,0.02432,1655,2,17
LBXD07LA,0.05568,1655,2,17
LBXF03LA,0.02752,1655,2,17
LBXF04LA,0.65952,1655,2,17
LBXF05LA,0.15344,1655,2,17
LBXF08LA,0.01712,1655,2,17
LBX074LA,0.40848,1656,3,17
LBX099LA,0.24624,1656,3,17
LBX138LA,0.09296,1656,3,17
LBX153LA,0.09744,1656,3,17
LBX170LA,0.14608,1656,3,17
LBX180LA,0.0872,1656,3,17
LBX187LA,0.31648,1656,3,17
LBX194LA,0.23744,1656,3,17
LBXPCBLA,0.99584,1656,3,17
LBXHXCLA,0.0664,1656,3,17
LBX118LA,0.13568,1656,3,17
LBXD03LA,0.11616,1656,3,17
LBXD05LA,0.14448,1656,3,17
LBXD07LA,0.04176,1656,3,17
LBXF03LA,0.104,1656,3,17
LBXF04LA,0.3704,1656,3,17
LBXF05LA,0.08304,1656,3,17
LBXF08LA,0.03504,1656,3,17
LBX074LA,0.40432,1657,2,17
LBX099LA,0.10624,1657,2,17
LBX138LA,0.40528,1657,2,17
LBX153LA,0.4168,1657,2,17
LBX170LA,0.40816,1657,2,17
LBX180LA,0.2584,1657,2,17
LBX187LA,0.30016,1657,2,17
LBX194LA,0.58784,1657,2,17
LBXPCBLA,0.12336,1657,2,17
LBXHXCLA,0.26768,1657,2,17
LBX118LA,0.25712,1657,2,17
LBXD03LA,0.08464,1657,2,17
LBXD05LA,0.4816,1657,2,17
LBXD07LA,0.12992,1657,2,17
LBXF03LA,0.06976,1657,2,17
LBXF04LA,0.09568,1657,2,17
LBXF05LA,0.152,1657,2,17
LBXF08LA,0.05744,1657,2,17
LBX074LA,0.09328,1658,1,17
LBX099LA,0.1048,1658,1,17
LBX138LA,0.10064,1658,1,17
LBX153LA,0.1104,1658,1,17
LBX170LA,0.18992,1658,1,17
LBX180LA,0.13888,1658,1,17
LBX187LA,0.25696,1658,1,17
LBX194LA,0.64608,1658,1,17
LBXPCBLA,0.53408,1658,1,17
LBXHXCLA,0.084,1658,1,17
LBX118LA,0.13328,1658,1,17
LBXD03LA,0.08576,1658,1,17
LBXD05LA,0.1032,1658,1,17
LBXD07LA,0.0608,1658,1,17
LBXF03LA,0.1424,1658,1,17
LBXF04LA,0.09904,1658,1,17
LBXF05LA,0.06784,1658,1,17
LBXF08LA,0.0664,1658,1,17
LBX074LA,0.15072,1659,2,17
LBX099LA,0.17136,1659,2,17
LBX138LA,0.22432,1659,2,17
LBX153LA,0.18192,1659,2,17
LBX170LA,0.2184,1659,2,17
LBX180LA,0.28352,1659,2,17
LBX187LA,0.16464,1659,2,17
LBX194LA,0.34656,1659,2,17
LBXPCBLA,0.95728,1659,2,17
LBXHXCLA,0.19104,1659,2,17
LBX118LA,0.20608,1659,2,17
LBXD03LA,0.17184,1659,2,17
LBXD05LA,0.12192,1659,2,17
LBXD07LA,0.23168,1659,2,17
LBXF03LA,0.68064,1659,2,17
LBXF04LA,0.83952,1659,2,17
LBXF05LA,0.14128,1659,2,17
LBXF08LA,0.06576,1659,2,17
LBX074LA,0.24576,1660,1,17
LBX099LA,0.10528,1660,1,17
LBX138LA,0.1304,1660,1,17
LBX153LA,0.18512,1660,1,17
LBX170LA,0.1816,1660,1,17
LBX180LA,0.19328,1660,1,17
LBX187LA,0.132,1660,1,17
LBX194LA,0.1592,1660,1,17
LBXPCBLA,0.06384,1660,1,17
LBXHXCLA,0.27616,1660,1,17
LBX118LA,0.12416,1660,1,17
LBXD03LA,0.15024,1660,1,17
LBXD05LA,0.44736,1660,1,17
LBXD07LA,0.244,1660,1,17
LBXF03LA,0.83504,1660,1,17
LBXF04LA,0.20096,1660,1,17
LBXF05LA,0.10336,1660,1,17
LBXF08LA,0.06944,1660,1,17
LBX074LA,0.19808,1661,4,17
LBX099LA,0.09008,1661,4,17
LBX138LA,0.13632,1661,4,17
LBX153LA,0.148,1661,4,17
LBX170LA,0.09504,1661,4,17
LBX180LA,0.11808,1661,4,17
LBX187LA,0.10208,1661,4,17
LBX194LA,0.23808000000000001,1661,4,17
LBXPCBLA,0.18688,1661,4,17
LBXHXCLA,0.57728,1661,4,17
LBX118LA,0.08976,1661,4,17
LBXD03LA,0.67616,1661,4,17
LBXD05LA,0.05744,1661,4,17
LBXD07LA,0.20144,1661,4,17
LBXF03LA,0.19712,1661,4,17
LBXF04LA,0.17632,1661,4,17
LBXF05LA,0.09808,1661,4,17
LBXF08LA,0.836,1661,4,17
LBX074LA,0.11936,1662,1,17
LBX099LA,0.26848,1662,1,17
LBX138LA,0.11696,1662,1,17
LBX153LA,0.10928,1662,1,17
LBX170LA,0.1648,1662,1,17
LBX180LA,0.15856,1662,1,17
LBX187LA,0.68096,1662,1,17
LBX194LA,0.26592,1662,1,17
LBXPCBLA,0.05728,1662,1,17
LBXHXCLA,0.076,1662,1,17
LBX118LA,0.16576,1662,1,17
LBXD03LA,0.0784,1662,1,17
LBXD05LA,0.43264,1662,1,17
LBXD07LA,0.07504,1662,1,17
LBXF03LA,0.05136,1662,1,17
LBXF04LA,0.06432,1662,1,17
LBXF05LA,0.10688,1662,1,17
LBXF08LA,0.05248,1662,1,17
LBX074LA,0.10976,1663,1,17
LBX099LA,0.09104,1663,1,17
LBX138LA,0.15616,1663,1,17
LBX153LA,0.15408,1663,1,17
LBX170LA,0.20384,1663,1,17
LBX180LA,0.1504,1663,1,17
LBX187LA,0.62192,1663,1,17
LBX194LA,0.18816,1663,1,17
LBXPCBLA,0.1128,1663,1,17
LBXHXCLA,0.20144,1663,1,17
LBX118LA,0.09744,1663,1,17
LBXD03LA,0.09968,1663,1,17
LBXD05LA,0.88656,1663,1,17
LBXD07LA,0.10096,1663,1,17
LBXF03LA,0.07152,1663,1,17
LBXF04LA,0.28352,1663,1,17
LBXF05LA,0.17808,1663,1,17
LBXF08LA,0.08752,1663,1,17
LBX074LA,0.156,1664,1,17
LBX099LA,0.12944,1664,1,17
LBX138LA,0.18896,1664,1,17
LBX153LA,0.17648,1664,1,17
LBX170LA,0.20432,1664,1,17
LBX180LA,0.19568,1664,1,17
LBX187LA,0.1496,1664,1,17
LBX194LA,0.1256,1664,1,17
LBXPCBLA,0.10048,1664,1,17
LBXHXCLA,0.92784,1664,1,17
LBX118LA,0.12096,1664,1,17
LBXD03LA,0.19296,1664,1,17
LBXD05LA,0.94928,1664,1,17
LBXD07LA,0.14384,1664,1,17
LBXF03LA,0.12272,1664,1,17
LBXF04LA,0.1608,1664,1,17
LBXF05LA,0.12384,1664,1,17
LBXF08LA,0.3048,1664,1,17
LBX074LA,0.18704,1665,3,17
LBX099LA,0.08864,1665,3,17
LBX138LA,0.08688,1665,3,17
LBX153LA,0.10096,1665,3,17
LBX170LA,0.18128,1665,3,17
LBX180LA,0.13104,1665,3,17
LBX187LA,0.09936,1665,3,17
LBX194LA,0.11296,1665,3,17
LBXPCBLA,0.05264,1665,3,17
LBXHXCLA,0.3512,1665,3,17
LBX118LA,0.06944,1665,3,17
LBXD03LA,0.90928,1665,3,17
LBXD05LA,0.14688,1665,3,17
LBXD07LA,0.07696,1665,3,17
LBXF03LA,0.03888,1665,3,17
LBXF04LA,0.1256,1665,3,17
LBXF05LA,0.42944,1665,3,17
LBXF08LA,0.03168,1665,3,17
LBX074LA,0.60512,1666,2,17
LBX099LA,0.12944,1666,2,17
LBX138LA,0.2512,1666,2,17
LBX153LA,0.15696,1666,2,17
LBX170LA,0.11424,1666,2,17
LBX180LA,0.12208,1666,2,17
LBX187LA,0.2136,1666,2,17
LBX194LA,0.1744,1666,2,17
LBXPCBLA,0.07136,1666,2,17
LBXHXCLA,0.05104,1666,2,17
LBX118LA,0.08608,1666,2,17
LBXD03LA,0.06944,1666,2,17
LBXD05LA,0.39968,1666,2,17
LBXD07LA,0.0984,1666,2,17
LBXF03LA,0.3536,1666,2,17
LBXF04LA,0.99232,1666,2,17
LBXF05LA,0.10496,1666,2,17
LBXF08LA,0.14704,1666,2,17
LBX074LA,0.628,1667,4,17
LBX099LA,0.06272,1667,4,17
LBX138LA,0.08576,1667,4,17
LBX153LA,0.1152,1667,4,17
LBX170LA,0.09472,1667,4,17
LBX180LA,0.0576,1667,4,17
LBX187LA,0.04912,1667,4,17
LBX194LA,0.059520000000000003,1667,4,17
LBXPCBLA,0.1864,1667,4,17
LBXHXCLA,0.19936,1667,4,17
LBX118LA,0.48384,1667,4,17
LBXD03LA,0.07248,1667,4,17
LBXD05LA,0.37776,1667,4,17
LBXD07LA,0.35712,1667,4,17
LBXF03LA,0.2632,1667,4,17
LBXF04LA,0.61856,1667,4,17
LBXF05LA,0.15456,1667,4,17
LBXF08LA,0.14992,1667,4,17
LBX074LA,0.14976,1668,1,17
LBX099LA,0.20464,1668,1,17
LBX138LA,0.1104,1668,1,17
LBX153LA,0.14848,1668,1,17
LBX170LA,0.55872,1668,1,17
LBX180LA,0.15344,1668,1,17
LBX187LA,0.13488,1668,1,17
LBX194LA,0.39808,1668,1,17
LBXPCBLA,0.08448,1668,1,17
LBXHXCLA,0.18752,1668,1,17
LBX118LA,0.19952,1668,1,17
LBXD03LA,0.12992,1668,1,17
LBXD05LA,0.15392,1668,1,17
LBXD07LA,0.18752,1668,1,17
LBXF03LA,0.08192,1668,1,17
LBXF04LA,0.40784,1668,1,17
LBXF05LA,0.09424,1668,1,17
LBXF08LA,0.0632,1668,1,17
LBX074LA,0.13056,1669,1,17
LBX099LA,0.08304,1669,1,17
LBX138LA,0.29392,1669,1,17
LBX153LA,0.22512,1669,1,17
LBX170LA,0.15824,1669,1,17
LBX180LA,0.16512,1669,1,17
LBX187LA,0.16608,1669,1,17
LBX194LA,0.08176,1669,1,17
LBXPCBLA,0.13008,1669,1,17
LBXHXCLA,0.1208,1669,1,17
LBX118LA,0.1416,1669,1,17
LBXD03LA,0.11744,1669,1,17
LBXD05LA,0.08272,1669,1,17
LBXD07LA,0.14192,1669,1,17
LBXF03LA,0.25584,1669,1,17
LBXF04LA,0.26784,1669,1,17
LBXF05LA,0.10288,1669,1,17
LBXF08LA,0.66928,1669,1,17
LBX074LA,0.14864,1670,4,17
LBX099LA,0.82752,1670,4,17
LBX138LA,0.5936,1670,4,17
LBX153LA,0.74656,1670,4,17
LBX170LA,0.4208,1670,4,17
LBX180LA,0.66448,1670,4,17
LBX187LA,0.3,1670,4,17
LBX194LA,0.39696,1670,4,17
LBXPCBLA,0.77296,1670,4,17
LBXHXCLA,0.27664,1670,4,17
LBX118LA,0.16,1670,4,17
LBXD03LA,0.20928,1670,4,17
LBXD05LA,0.0936,1670,4,17
LBXD07LA,0.26512,1670,4,17
LBXF03LA,1,1670,4,17
LBXF04LA,1,1670,4,17
LBXF05LA,0.16912,1670,4,17
LBXF08LA,0.09408,1670,4,17
LBX074LA,0.04896,1671,3,17
LBX099LA,0.23488,1671,3,17
LBX138LA,0.1208,1671,3,17
LBX153LA,0.28064,1671,3,17
LBX170LA,0.09296,1671,3,17
LBX180LA,0.14128,1671,3,17
LBX187LA,0.06848,1671,3,17
LBX194LA,0.08176,1671,3,17
LBXPCBLA,0.0456,1671,3,17
LBXHXCLA,0.3488,1671,3,17
LBX118LA,0.11056,1671,3,17
LBXD03LA,0.67808,1671,3,17
LBXD05LA,0.21936,1671,3,17
LBXD07LA,0.03872,1671,3,17
LBXF03LA,0.04816,1671,3,17
LBXF04LA,0.1256,1671,3,17
LBXF05LA,0.17056,1671,3,17
LBXF08LA,0.06272,1671,3,17
LBX074LA,0.17872,1672,2,17
LBX099LA,0.25568,1672,2,17
LBX138LA,0.1504,1672,2,17
LBX153LA,0.17568,1672,2,17
LBX170LA,0.16816,1672,2,17
LBX180LA,0.1584,1672,2,17
LBX187LA,0.1264,1672,2,17
LBX194LA,0.33792,1672,2,17
LBXPCBLA,0.08512,1672,2,17
LBXHXCLA,0.10032,1672,2,17
LBX118LA,0.15952,1672,2,17
LBXD03LA,0.16592,1672,2,17
LBXD05LA,0.25024,1672,2,17
LBXD07LA,0.19312000000000001,1672,2,17
LBXF03LA,0.05472,1672,2,17
LBXF04LA,0.08192,1672,2,17
LBXF05LA,0.13264,1672,2,17
LBXF08LA,0.9464,1672,2,17
LBX074LA,0.20304,1673,1,17
LBX099LA,0.19024,1673,1,17
LBX138LA,0.33024,1673,1,17
LBX153LA,0.43888,1673,1,17
LBX170LA,0.24864,1673,1,17
LBX180LA,0.22976,1673,1,17
LBX187LA,0.39008,1673,1,17
LBX194LA,0.23856,1673,1,17
LBXPCBLA,0.13104,1673,1,17
LBXHXCLA,0.16336,1673,1,17
LBX118LA,0.34976,1673,1,17
LBXD03LA,0.98848,1673,1,17
LBXD05LA,0.11536,1673,1,17
LBXD07LA,0.22736,1673,1,17
LBXF03LA,0.08928,1673,1,17
LBXF04LA,0.12832,1673,1,17
LBXF05LA,0.12512,1673,1,17
LBXF08LA,0.156,1673,1,17
LBX074LA,0.18928,1674,4,17
LBX099LA,0.05664,1674,4,17
LBX138LA,0.29728,1674,4,17
LBX153LA,0.28416,1674,4,17
LBX170LA,0.3112,1674,4,17
LBX180LA,0.41904,1674,4,17
LBX187LA,0.27008,1674,4,17
LBX194LA,0.14704,1674,4,17
LBXPCBLA,0.23696,1674,4,17
LBXHXCLA,0.1312,1674,4,17
LBX118LA,0.624,1674,4,17
LBXD03LA,0.26656,1674,4,17
LBXD05LA,0.56624,1674,4,17
LBXD07LA,0.05184,1674,4,17
LBXF03LA,0.22608,1674,4,17
LBXF04LA,0.77344,1674,4,17
LBXF05LA,0.22784,1674,4,17
LBXF08LA,0.09968,1674,4,17
LBX074LA,0.08944,1675,3,17
LBX099LA,0.08336,1675,3,17
LBX138LA,0.61088,1675,3,17
LBX153LA,0.34144,1675,3,17
LBX170LA,0.16656,1675,3,17
LBX180LA,0.21792,1675,3,17
LBX187LA,0.2016,1675,3,17
LBX194LA,0.9688,1675,3,17
LBXPCBLA,0.89056,1675,3,17
LBXHXCLA,0.08176,1675,3,17
LBX118LA,0.1416,1675,3,17
LBXD03LA,0.20736,1675,3,17
LBXD05LA,0.06352,1675,3,17
LBXD07LA,0.06544,1675,3,17
LBXF03LA,0.20928,1675,3,17
LBXF04LA,0.95536,1675,3,17
LBXF05LA,0.62576,1675,3,17
LBXF08LA,0.04224,1675,3,17
LBX074LA,0.14944,1676,3,17
LBX099LA,0.8392,1676,3,17
LBX138LA,0.39216,1676,3,17
LBX153LA,0.61296,1676,3,17
LBX170LA,0.49456,1676,3,17
LBX180LA,0.1872,1676,3,17
LBX187LA,0.41648,1676,3,17
LBX194LA,0.304,1676,3,17
LBXPCBLA,0.06176,1676,3,17
LBXHXCLA,0.21456,1676,3,17
LBX118LA,0.41616,1676,3,17
LBXD03LA,0.264,1676,3,17
LBXD05LA,0.10176,1676,3,17
LBXD07LA,0.06176,1676,3,17
LBXF03LA,0.07792,1676,3,17
LBXF04LA,0.6592,1676,3,17
LBXF05LA,0.0944,1676,3,17
LBXF08LA,0.1024,1676,3,17
LBX074LA,0.15984,1677,4,17
LBX099LA,0.26144,1677,4,17
LBX138LA,0.2728,1677,4,17
LBX153LA,0.19152,1677,4,17
LBX170LA,0.72944,1677,4,17
LBX180LA,0.12992,1677,4,17
LBX187LA,0.288,1677,4,17
LBX194LA,0.51312,1677,4,17
LBXPCBLA,0.84304,1677,4,17
LBXHXCLA,0.48864,1677,4,17
LBX118LA,0.2736,1677,4,17
LBXD03LA,0.16704,1677,4,17
LBXD05LA,0.248,1677,4,17
LBXD07LA,0.91776,1677,4,17
LBXF03LA,0.23472,1677,4,17
LBXF04LA,0.8936,1677,4,17
LBXF05LA,0.28816,1677,4,17
LBXF08LA,0.05744,1677,4,17
LBX074LA,0.13888,1678,1,17
LBX099LA,0.21696,1678,1,17
LBX138LA,0.10768,1678,1,17
LBX153LA,0.19776,1678,1,17
LBX170LA,0.22944,1678,1,17
LBX180LA,0.11664,1678,1,17
LBX187LA,0.21616,1678,1,17
LBX194LA,0.13728,1678,1,17
LBXPCBLA,0.18304,1678,1,17
LBXHXCLA,0.072,1678,1,17
LBX118LA,0.4048,1678,1,17
LBXD03LA,0.11664,1678,1,17
LBXD05LA,0.04688,1678,1,17
LBXD07LA,0.04528,1678,1,17
LBXF03LA,0.07424,1678,1,17
LBXF04LA,0.08752,1678,1,17
LBXF05LA,0.07664,1678,1,17
LBXF08LA,0.20048,1678,1,17
LBX074LA,0.29568,1679,2,17
LBX099LA,0.23024,1679,2,17
LBX138LA,0.21728,1679,2,17
LBX153LA,0.24272,1679,2,17
LBX170LA,0.1416,1679,2,17
LBX180LA,0.16208,1679,2,17
LBX187LA,0.23232,1679,2,17
LBX194LA,0.17632,1679,2,17
LBXPCBLA,0.7936,1679,2,17
LBXHXCLA,0.196,1679,2,17
LBX118LA,0.27552,1679,2,17
LBXD03LA,0.33936,1679,2,17
LBXD05LA,0.45488,1679,2,17
LBXD07LA,0.19344,1679,2,17
LBXF03LA,0.09632,1679,2,17
LBXF04LA,0.96688,1679,2,17
LBXF05LA,0.16528,1679,2,17
LBXF08LA,0.07424,1679,2,17
LBX074LA,0.15264,1680,3,17
LBX099LA,0.19312000000000001,1680,3,17
LBX138LA,0.09808,1680,3,17
LBX153LA,0.11504,1680,3,17
LBX170LA,0.08752,1680,3,17
LBX180LA,0.08032,1680,3,17
LBX187LA,0.18384,1680,3,17
LBX194LA,0.1448,1680,3,17
LBXPCBLA,0.47808,1680,3,17
LBXHXCLA,0.0688,1680,3,17
LBX118LA,0.19728,1680,3,17
LBXD03LA,0.16864,1680,3,17
LBXD05LA,0.5016,1680,3,17
LBXD07LA,0.51232,1680,3,17
LBXF03LA,0.0904,1680,3,17
LBXF04LA,0.6872,1680,3,17
LBXF05LA,0.13408,1680,3,17
LBXF08LA,0.0856,1680,3,17
LBX074LA,0.11728,1681,1,17
LBX099LA,0.14928,1681,1,17
LBX138LA,0.1168,1681,1,17
LBX153LA,0.1528,1681,1,17
LBX170LA,0.1112,1681,1,17
LBX180LA,0.13248,1681,1,17
LBX187LA,0.10032,1681,1,17
LBX194LA,0.18608,1681,1,17
LBXPCBLA,0.08944,1681,1,17
LBXHXCLA,0.12704,1681,1,17
LBX118LA,0.96032,1681,1,17
LBXD03LA,0.35104,1681,1,17
LBXD05LA,0.12784,1681,1,17
LBXD07LA,0.19232,1681,1,17
LBXF03LA,0.51904,1681,1,17
LBXF04LA,0.10192,1681,1,17
LBXF05LA,0.11872,1681,1,17
LBXF08LA,0.05472,1681,1,17
LBX074LA,0.69984,1682,1,17
LBX099LA,0.19584,1682,1,17
LBX138LA,0.17696,1682,1,17
LBX153LA,0.15104,1682,1,17
LBX170LA,0.12496,1682,1,17
LBX180LA,0.11856,1682,1,17
LBX187LA,0.21088,1682,1,17
LBX194LA,0.15008,1682,1,17
LBXPCBLA,0.10208,1682,1,17
LBXHXCLA,0.08496,1682,1,17
LBX118LA,0.12288,1682,1,17
LBXD03LA,0.38688,1682,1,17
LBXD05LA,0.18896,1682,1,17
LBXD07LA,0.54768,1682,1,17
LBXF03LA,0.05984,1682,1,17
LBXF04LA,0.1328,1682,1,17
LBXF05LA,0.25248,1682,1,17
LBXF08LA,0.05632,1682,1,17
LBX074LA,0.24928,1683,1,17
LBX099LA,0.1432,1683,1,17
LBX138LA,0.27632,1683,1,17
LBX153LA,0.17744,1683,1,17
LBX170LA,0.11808,1683,1,17
LBX180LA,0.11344,1683,1,17
LBX187LA,0.1312,1683,1,17
LBX194LA,0.13344,1683,1,17
LBXPCBLA,0.2008,1683,1,17
LBXHXCLA,0.14112,1683,1,17
LBX118LA,0.57776,1683,1,17
LBXD03LA,0.51248,1683,1,17
LBXD05LA,0.1064,1683,1,17
LBXD07LA,0.26048,1683,1,17
LBXF03LA,0.11568,1683,1,17
LBXF04LA,0.22128,1683,1,17
LBXF05LA,0.21264,1683,1,17
LBXF08LA,0.26672,1683,1,17
LBX074LA,0.53024,1684,1,17
LBX099LA,0.15296,1684,1,17
LBX138LA,0.184,1684,1,17
LBX153LA,0.36992,1684,1,17
LBX170LA,0.22112,1684,1,17
LBX180LA,0.16368,1684,1,17
LBX187LA,0.38192,1684,1,17
LBX194LA,0.2768,1684,1,17
LBXPCBLA,0.06048,1684,1,17
LBXHXCLA,0.108,1684,1,17
LBX118LA,0.50064,1684,1,17
LBXD03LA,0.07328,1684,1,17
LBXD05LA,0.07664,1684,1,17
LBXD07LA,0.0856,1684,1,17
LBXF03LA,0.15008,1684,1,17
LBXF04LA,0.0536,1684,1,17
LBXF05LA,0.0568,1684,1,17
LBXF08LA,0.04416,1684,1,17
LBX074LA,0.05872,1685,4,17
LBX099LA,0.06496,1685,4,17
LBX138LA,0.28096,1685,4,17
LBX153LA,0.16288,1685,4,17
LBX170LA,0.10032,1685,4,17
LBX180LA,0.0592,1685,4,17
LBX187LA,0.62016,1685,4,17
LBX194LA,0.1312,1685,4,17
LBXPCBLA,0.12384,1685,4,17
LBXHXCLA,0.10896,1685,4,17
LBX118LA,0.53136,1685,4,17
LBXD03LA,0.05376,1685,4,17
LBXD05LA,0.72592,1685,4,17
LBXD07LA,0.1872,1685,4,17
LBXF03LA,0.25824,1685,4,17
LBXF04LA,0.10784,1685,4,17
LBXF05LA,0.03536,1685,4,17
LBXF08LA,0.08624,1685,4,17
LBX074LA,0.16576,1686,1,17
LBX099LA,0.16192,1686,1,17
LBX138LA,0.1648,1686,1,17
LBX153LA,0.33824,1686,1,17
LBX170LA,0.32,1686,1,17
LBX180LA,0.1272,1686,1,17
LBX187LA,0.13568,1686,1,17
LBX194LA,0.10384,1686,1,17
LBXPCBLA,0.09504,1686,1,17
LBXHXCLA,0.08496,1686,1,17
LBX118LA,0.21376,1686,1,17
LBXD03LA,0.17616,1686,1,17
LBXD05LA,0.80336,1686,1,17
LBXD07LA,0.13984,1686,1,17
LBXF03LA,0.0704,1686,1,17
LBXF04LA,0.13488,1686,1,17
LBXF05LA,0.12832,1686,1,17
LBXF08LA,0.04864,1686,1,17
LBX074LA,0.50496,1687,1,17
LBX099LA,0.47392,1687,1,17
LBX138LA,0.07296,1687,1,17
LBX153LA,0.08576,1687,1,17
LBX170LA,0.1408,1687,1,17
LBX180LA,0.08288,1687,1,17
LBX187LA,0.09008,1687,1,17
LBX194LA,0.06208,1687,1,17
LBXPCBLA,0.05152,1687,1,17
LBXHXCLA,0.04992,1687,1,17
LBX118LA,0.09152,1687,1,17
LBXD03LA,0.11504,1687,1,17
LBXD05LA,0.06528,1687,1,17
LBXD07LA,0.06208,1687,1,17
LBXF03LA,0.06544,1687,1,17
LBXF04LA,0.21232,1687,1,17
LBXF05LA,0.06736,1687,1,17
LBXF08LA,0.04848,1687,1,17
LBX074LA,0.16304,1688,4,17
LBX099LA,0.08288,1688,4,17
LBX138LA,0.21984,1688,4,17
LBX153LA,0.1576,1688,4,17
LBX170LA,0.11408,1688,4,17
LBX180LA,0.11296,1688,4,17
LBX187LA,0.33824,1688,4,17
LBX194LA,0.75952,1688,4,17
LBXPCBLA,0.89664,1688,4,17
LBXHXCLA,0.07088,1688,4,17
LBX118LA,0.09456,1688,4,17
LBXD03LA,0.08336,1688,4,17
LBXD05LA,0.10624,1688,4,17
LBXD07LA,0.18176,1688,4,17
LBXF03LA,0.10496,1688,4,17
LBXF04LA,0.20608,1688,4,17
LBXF05LA,0.12896,1688,4,17
LBXF08LA,0.33792,1688,4,17
LBX074LA,0.24544,1689,2,17
LBX099LA,0.17232,1689,2,17
LBX138LA,0.12944,1689,2,17
LBX153LA,0.15392,1689,2,17
LBX170LA,0.69456,1689,2,17
LBX180LA,0.51856,1689,2,17
LBX187LA,0.24608,1689,2,17
LBX194LA,0.12736,1689,2,17
LBXPCBLA,0.06976,1689,2,17
LBXHXCLA,0.1104,1689,2,17
LBX118LA,0.12848,1689,2,17
LBXD03LA,0.16576,1689,2,17
LBXD05LA,0.3856,1689,2,17
LBXD07LA,0.15184,1689,2,17
LBXF03LA,0.07232,1689,2,17
LBXF04LA,0.49792,1689,2,17
LBXF05LA,0.07072,1689,2,17
LBXF08LA,0.06752,1689,2,17
LBX074LA,0.93344,1690,4,17
LBX099LA,0.08224,1690,4,17
LBX138LA,0.03616,1690,4,17
LBX153LA,0.05584,1690,4,17
LBX170LA,0.16144,1690,4,17
LBX180LA,0.12096,1690,4,17
LBX187LA,0.05584,1690,4,17
LBX194LA,0.32976,1690,4,17
LBXPCBLA,0.10864,1690,4,17
LBXHXCLA,0.10992,1690,4,17
LBX118LA,0.10768,1690,4,17
LBXD03LA,0.18992,1690,4,17
LBXD05LA,0.05232,1690,4,17
LBXD07LA,0.04624,1690,4,17
LBXF03LA,0.12112,1690,4,17
LBXF04LA,0.25856,1690,4,17
LBXF05LA,0.08208,1690,4,17
LBXF08LA,0.06816,1690,4,17
LBX074LA,0.11888,1691,1,17
LBX099LA,0.09344,1691,1,17
LBX138LA,0.18432,1691,1,17
LBX153LA,0.15584,1691,1,17
LBX170LA,0.41072,1691,1,17
LBX180LA,0.19568,1691,1,17
LBX187LA,0.28016,1691,1,17
LBX194LA,0.21744,1691,1,17
LBXPCBLA,0.11488,1691,1,17
LBXHXCLA,0.11184,1691,1,17
LBX118LA,0.1152,1691,1,17
LBXD03LA,0.10256,1691,1,17
LBXD05LA,0.09392,1691,1,17
LBXD07LA,0.0784,1691,1,17
LBXF03LA,0.1272,1691,1,17
LBXF04LA,0.13072,1691,1,17
LBXF05LA,0.0944,1691,1,17
LBXF08LA,0.06624,1691,1,17
LBX074LA,0.13248,1692,1,17
LBX099LA,0.08784,1692,1,17
LBX138LA,0.13568,1692,1,17
LBX153LA,0.17472,1692,1,17
LBX170LA,0.50704,1692,1,17
LBX180LA,0.30624,1692,1,17
LBX187LA,0.1736,1692,1,17
LBX194LA,0.11856,1692,1,17
LBXPCBLA,0.076,1692,1,17
LBXHXCLA,0.08576,1692,1,17
LBX118LA,0.20528,1692,1,17
LBXD03LA,0.07296,1692,1,17
LBXD05LA,0.1784,1692,1,17
LBXD07LA,0.0856,1692,1,17
LBXF03LA,0.07728,1692,1,17
LBXF04LA,0.09856,1692,1,17
LBXF05LA,0.072,1692,1,17
LBXF08LA,0.06736,1692,1,17
LBX074LA,0.8648,1693,4,17
LBX099LA,0.33984,1693,4,17
LBX138LA,0.1152,1693,4,17
LBX153LA,0.09936,1693,4,17
LBX170LA,0.06768,1693,4,17
LBX180LA,0.09776,1693,4,17
LBX187LA,0.11088,1693,4,17
LBX194LA,0.11312,1693,4,17
LBXPCBLA,0.16224,1693,4,17
LBXHXCLA,0.08192,1693,4,17
LBX118LA,0.21184,1693,4,17
LBXD03LA,0.05152,1693,4,17
LBXD05LA,0.40032,1693,4,17
LBXD07LA,0.29232,1693,4,17
LBXF03LA,0.1144,1693,4,17
LBXF04LA,0.32112,1693,4,17
LBXF05LA,0.1096,1693,4,17
LBXF08LA,0.0768,1693,4,17
LBX074LA,0.21264,1694,1,17
LBX099LA,0.44544,1694,1,17
LBX138LA,0.18528,1694,1,17
LBX153LA,0.20912,1694,1,17
LBX170LA,0.16032,1694,1,17
LBX180LA,0.34512,1694,1,17
LBX187LA,0.16032,1694,1,17
LBX194LA,0.13024,1694,1,17
LBXPCBLA,0.09344,1694,1,17
LBXHXCLA,0.27616,1694,1,17
LBX118LA,0.29216,1694,1,17
LBXD03LA,0.09984,1694,1,17
LBXD05LA,0.33104,1694,1,17
LBXD07LA,0.14096,1694,1,17
LBXF03LA,0.09056,1694,1,17
LBXF04LA,0.0952,1694,1,17
LBXF05LA,0.08096,1694,1,17
LBXF08LA,0.0816,1694,1,17
LBX074LA,0.20848,1695,1,17
LBX099LA,0.2136,1695,1,17
LBX138LA,0.36416,1695,1,17
LBX153LA,0.5768,1695,1,17
LBX170LA,0.41168,1695,1,17
LBX180LA,0.31472,1695,1,17
LBX187LA,0.62176,1695,1,17
LBX194LA,0.35264,1695,1,17
LBXPCBLA,0.13568,1695,1,17
LBXHXCLA,0.15648,1695,1,17
LBX118LA,0.21792,1695,1,17
LBXD03LA,0.10688,1695,1,17
LBXD05LA,0.91936,1695,1,17
LBXD07LA,0.11088,1695,1,17
LBXF03LA,0.152,1695,1,17
LBXF04LA,0.61504,1695,1,17
LBXF05LA,0.11328,1695,1,17
LBXF08LA,0.07952,1695,1,17
LBX074LA,0.22192,1696,1,17
LBX099LA,0.18032,1696,1,17
LBX138LA,0.34688,1696,1,17
LBX153LA,0.54096,1696,1,17
LBX170LA,0.29808,1696,1,17
LBX180LA,0.28352,1696,1,17
LBX187LA,0.33152,1696,1,17
LBX194LA,0.16992,1696,1,17
LBXPCBLA,0.10272,1696,1,17
LBXHXCLA,0.46944,1696,1,17
LBX118LA,0.1712,1696,1,17
LBXD03LA,0.63552,1696,1,17
LBXD05LA,0.28336,1696,1,17
LBXD07LA,0.78256,1696,1,17
LBXF03LA,0.64736,1696,1,17
LBXF04LA,0.24064,1696,1,17
LBXF05LA,0.13728,1696,1,17
LBXF08LA,0.72496,1696,1,17
LBX074LA,0.08672,1697,3,17
LBX099LA,0.12224,1697,3,17
LBX138LA,0.136,1697,3,17
LBX153LA,0.11136,1697,3,17
LBX170LA,0.27088,1697,3,17
LBX180LA,0.11296,1697,3,17
LBX187LA,0.33088,1697,3,17
LBX194LA,0.35808,1697,3,17
LBXPCBLA,0.988,1697,3,17
LBXHXCLA,0.39408,1697,3,17
LBX118LA,0.7064,1697,3,17
LBXD03LA,0.11536,1697,3,17
LBXD05LA,0.16032,1697,3,17
LBXD07LA,0.0744,1697,3,17
LBXF03LA,0.05616,1697,3,17
LBXF04LA,0.05968,1697,3,17
LBXF05LA,0.116,1697,3,17
LBXF08LA,0.02736,1697,3,17
LBX074LA,0.1632,1698,1,17
LBX099LA,0.32176,1698,1,17
LBX138LA,0.28896,1698,1,17
LBX153LA,0.28336,1698,1,17
LBX170LA,0.82208,1698,1,17
LBX180LA,0.60864,1698,1,17
LBX187LA,0.22144,1698,1,17
LBX194LA,0.21936,1698,1,17
LBXPCBLA,0.80368,1698,1,17
LBXHXCLA,0.18016,1698,1,17
LBX118LA,0.18,1698,1,17
LBXD03LA,0.78592,1698,1,17
LBXD05LA,0.13072,1698,1,17
LBXD07LA,0.11056,1698,1,17
LBXF03LA,0.30304,1698,1,17
LBXF04LA,0.19808,1698,1,17
LBXF05LA,0.15616,1698,1,17
LBXF08LA,0.07392,1698,1,17
LBX074LA,0.30416,1699,1,17
LBX099LA,0.1648,1699,1,17
LBX138LA,0.29472,1699,1,17
LBX153LA,0.66608,1699,1,17
LBX170LA,0.23024,1699,1,17
LBX180LA,0.2504,1699,1,17
LBX187LA,0.17808,1699,1,17
LBX194LA,0.16,1699,1,17
LBXPCBLA,0.0904,1699,1,17
LBXHXCLA,0.34528,1699,1,17
LBX118LA,0.24672,1699,1,17
LBXD03LA,0.22528,1699,1,17
LBXD05LA,0.70944,1699,1,17
LBXD07LA,0.20448,1699,1,17
LBXF03LA,0.19552,1699,1,17
LBXF04LA,0.32432,1699,1,17
LBXF05LA,0.66352,1699,1,17
LBXF08LA,0.19488,1699,1,17
LBX074LA,0.91936,1700,2,17
LBX099LA,0.32112,1700,2,17
LBX138LA,0.16192,1700,2,17
LBX153LA,0.14192,1700,2,17
LBX170LA,0.1256,1700,2,17
LBX180LA,0.24096,1700,2,17
LBX187LA,0.10704,1700,2,17
LBX194LA,0.1384,1700,2,17
LBXPCBLA,0.06144,1700,2,17
LBXHXCLA,0.12544,1700,2,17
LBX118LA,0.1528,1700,2,17
LBXD03LA,0.42976,1700,2,17
LBXD05LA,0.08336,1700,2,17
LBXD07LA,0.15568,1700,2,17
LBXF03LA,0.13296,1700,2,17
LBXF04LA,0.45504,1700,2,17
LBXF05LA,0.10016,1700,2,17
LBXF08LA,0.13376,1700,2,17
